Year,Month,Day,NorESM1-M
1980,1,1,95.20
1980,1,2,95.20
1980,1,3,95.20
1980,1,4,94.82
1980,1,5,94.20
1980,1,6,93.33
1980,1,7,92.64
1980,1,8,91.99
1980,1,9,92.69
1980,1,10,92.24
1980,1,11,92.75
1980,1,12,94.37
1980,1,13,93.61
1980,1,14,93.99
1980,1,15,93.39
1980,1,16,92.98
1980,1,17,92.62
1980,1,18,92.30
1980,1,19,91.97
1980,1,20,91.66
1980,1,21,91.34
1980,1,22,90.88
1980,1,23,90.40
1980,1,24,89.84
1980,1,25,89.53
1980,1,26,89.29
1980,1,27,89.06
1980,1,28,88.71
1980,1,29,89.53
1980,1,30,95.20
1980,1,31,95.20
1980,2,1,95.20
1980,2,2,95.20
1980,2,3,94.41
1980,2,4,93.74
1980,2,5,93.15
1980,2,6,93.03
1980,2,7,92.81
1980,2,8,92.29
1980,2,9,91.78
1980,2,10,91.17
1980,2,11,95.20
1980,2,12,95.20
1980,2,13,94.14
1980,2,14,94.18
1980,2,15,93.83
1980,2,16,93.55
1980,2,17,93.10
1980,2,18,92.68
1980,2,19,92.32
1980,2,20,91.99
1980,2,21,91.60
1980,2,22,91.29
1980,2,23,90.91
1980,2,24,90.40
1980,2,25,89.67
1980,2,26,95.20
1980,2,27,95.20
1980,2,28,95.20
1980,2,29,95.20
1980,3,1,94.54
1980,3,2,94.05
1980,3,3,93.48
1980,3,4,95.20
1980,3,5,94.44
1980,3,6,93.73
1980,3,7,95.20
1980,3,8,94.26
1980,3,9,95.20
1980,3,10,94.50
1980,3,11,93.70
1980,3,12,92.88
1980,3,13,92.27
1980,3,14,91.53
1980,3,15,90.83
1980,3,16,90.41
1980,3,17,89.96
1980,3,18,89.41
1980,3,19,88.88
1980,3,20,88.23
1980,3,21,87.40
1980,3,22,92.81
1980,3,23,92.94
1980,3,24,93.78
1980,3,25,95.20
1980,3,26,95.20
1980,3,27,95.20
1980,3,28,95.20
1980,3,29,95.20
1980,3,30,95.20
1980,3,31,95.20
1980,4,1,94.43
1980,4,2,93.67
1980,4,3,92.82
1980,4,4,92.05
1980,4,5,91.60
1980,4,6,93.11
1980,4,7,92.17
1980,4,8,93.04
1980,4,9,95.20
1980,4,10,95.20
1980,4,11,95.20
1980,4,12,93.96
1980,4,13,93.92
1980,4,14,92.90
1980,4,15,95.20
1980,4,16,94.35
1980,4,17,93.58
1980,4,18,95.03
1980,4,19,95.20
1980,4,20,95.20
1980,4,21,93.66
1980,4,22,92.76
1980,4,23,95.20
1980,4,24,95.20
1980,4,25,95.20
1980,4,26,94.22
1980,4,27,93.36
1980,4,28,92.87
1980,4,29,92.36
1980,4,30,90.98
1980,5,1,89.53
1980,5,2,87.98
1980,5,3,86.09
1980,5,4,83.80
1980,5,5,91.65
1980,5,6,95.20
1980,5,7,95.20
1980,5,8,94.49
1980,5,9,94.53
1980,5,10,93.14
1980,5,11,92.58
1980,5,12,90.95
1980,5,13,87.93
1980,5,14,86.54
1980,5,15,87.01
1980,5,16,88.56
1980,5,17,85.88
1980,5,18,83.67
1980,5,19,81.41
1980,5,20,79.50
1980,5,21,83.59
1980,5,22,82.12
1980,5,23,79.50
1980,5,24,78.51
1980,5,25,77.37
1980,5,26,75.75
1980,5,27,73.55
1980,5,28,74.44
1980,5,29,73.34
1980,5,30,70.20
1980,5,31,68.09
1980,6,1,66.93
1980,6,2,64.61
1980,6,3,61.92
1980,6,4,59.33
1980,6,5,57.98
1980,6,6,58.82
1980,6,7,57.31
1980,6,8,54.26
1980,6,9,51.49
1980,6,10,50.95
1980,6,11,48.55
1980,6,12,45.95
1980,6,13,43.62
1980,6,14,40.52
1980,6,15,39.53
1980,6,16,37.10
1980,6,17,34.45
1980,6,18,32.31
1980,6,19,30.56
1980,6,20,29.12
1980,6,21,29.07
1980,6,22,27.56
1980,6,23,24.44
1980,6,24,22.14
1980,6,25,20.08
1980,6,26,17.40
1980,6,27,15.16
1980,6,28,28.19
1980,6,29,33.50
1980,6,30,30.81
1980,7,1,28.03
1980,7,2,25.26
1980,7,3,22.10
1980,7,4,20.85
1980,7,5,18.09
1980,7,6,15.22
1980,7,7,12.45
1980,7,8,11.00
1980,7,9,17.47
1980,7,10,15.44
1980,7,11,13.49
1980,7,12,11.65
1980,7,13,9.80
1980,7,14,8.16
1980,7,15,6.62
1980,7,16,5.38
1980,7,17,5.19
1980,7,18,11.70
1980,7,19,18.66
1980,7,20,19.12
1980,7,21,18.31
1980,7,22,16.01
1980,7,23,13.60
1980,7,24,11.52
1980,7,25,20.99
1980,7,26,19.43
1980,7,27,17.21
1980,7,28,27.47
1980,7,29,28.06
1980,7,30,25.92
1980,7,31,22.74
1980,8,1,19.22
1980,8,2,16.43
1980,8,3,14.55
1980,8,4,13.01
1980,8,5,11.43
1980,8,6,9.97
1980,8,7,10.70
1980,8,8,20.54
1980,8,9,18.77
1980,8,10,16.94
1980,8,11,15.30
1980,8,12,13.70
1980,8,13,12.19
1980,8,14,10.75
1980,8,15,9.49
1980,8,16,7.91
1980,8,17,6.57
1980,8,18,5.47
1980,8,19,4.73
1980,8,20,4.01
1980,8,21,3.51
1980,8,22,3.03
1980,8,23,2.53
1980,8,24,2.05
1980,8,25,1.68
1980,8,26,1.57
1980,8,27,1.36
1980,8,28,1.15
1980,8,29,1.01
1980,8,30,1.30
1980,8,31,30.31
1980,9,1,38.60
1980,9,2,36.03
1980,9,3,33.23
1980,9,4,30.59
1980,9,5,47.13
1980,9,6,44.73
1980,9,7,42.65
1980,9,8,50.33
1980,9,9,72.06
1980,9,10,72.56
1980,9,11,70.69
1980,9,12,68.55
1980,9,13,66.29
1980,9,14,64.10
1980,9,15,61.86
1980,9,16,61.90
1980,9,17,67.54
1980,9,18,65.50
1980,9,19,63.61
1980,9,20,61.88
1980,9,21,60.44
1980,9,22,58.96
1980,9,23,57.30
1980,9,24,56.15
1980,9,25,63.11
1980,9,26,89.50
1980,9,27,95.20
1980,9,28,93.86
1980,9,29,93.32
1980,9,30,91.52
1980,10,1,89.69
1980,10,2,87.81
1980,10,3,86.28
1980,10,4,95.20
1980,10,5,95.20
1980,10,6,93.10
1980,10,7,94.68
1980,10,8,92.71
1980,10,9,91.05
1980,10,10,89.60
1980,10,11,88.21
1980,10,12,86.74
1980,10,13,85.77
1980,10,14,84.80
1980,10,15,83.90
1980,10,16,86.63
1980,10,17,95.19
1980,10,18,94.43
1980,10,19,93.30
1980,10,20,92.34
1980,10,21,91.23
1980,10,22,90.21
1980,10,23,90.11
1980,10,24,90.26
1980,10,25,88.83
1980,10,26,87.63
1980,10,27,86.39
1980,10,28,84.90
1980,10,29,83.28
1980,10,30,84.73
1980,10,31,92.00
1980,11,1,95.20
1980,11,2,95.20
1980,11,3,94.67
1980,11,4,94.24
1980,11,5,94.00
1980,11,6,93.10
1980,11,7,92.33
1980,11,8,91.56
1980,11,9,90.86
1980,11,10,95.03
1980,11,11,95.20
1980,11,12,94.69
1980,11,13,95.20
1980,11,14,94.67
1980,11,15,93.97
1980,11,16,93.06
1980,11,17,95.20
1980,11,18,94.94
1980,11,19,94.16
1980,11,20,93.31
1980,11,21,92.98
1980,11,22,92.20
1980,11,23,91.78
1980,11,24,93.86
1980,11,25,92.97
1980,11,26,95.20
1980,11,27,94.63
1980,11,28,94.15
1980,11,29,95.20
1980,11,30,94.06
1980,12,1,93.24
1980,12,2,95.20
1980,12,3,95.20
1980,12,4,95.20
1980,12,5,94.76
1980,12,6,94.39
1980,12,7,94.06
1980,12,8,93.71
1980,12,9,93.29
1980,12,10,95.20
1980,12,11,94.65
1980,12,12,94.19
1980,12,13,93.82
1980,12,14,93.47
1980,12,15,92.91
1980,12,16,92.33
1980,12,17,91.82
1980,12,18,91.27
1980,12,19,90.76
1980,12,20,90.67
1980,12,21,90.10
1980,12,22,89.62
1980,12,23,89.55
1980,12,24,89.20
1980,12,25,88.72
1980,12,26,88.21
1980,12,27,87.95
1980,12,28,87.73
1980,12,29,87.47
1980,12,30,87.22
1980,12,31,86.88
1981,1,1,86.57
1981,1,2,86.38
1981,1,3,86.19
1981,1,4,85.83
1981,1,5,85.53
1981,1,6,85.27
1981,1,7,84.85
1981,1,8,84.39
1981,1,9,84.10
1981,1,10,83.88
1981,1,11,83.67
1981,1,12,83.37
1981,1,13,83.17
1981,1,14,82.72
1981,1,15,82.24
1981,1,16,81.91
1981,1,17,81.66
1981,1,18,81.33
1981,1,19,81.11
1981,1,20,80.76
1981,1,21,80.25
1981,1,22,79.80
1981,1,23,79.56
1981,1,24,79.28
1981,1,25,79.07
1981,1,26,78.76
1981,1,27,78.45
1981,1,28,78.30
1981,1,29,78.03
1981,1,30,77.52
1981,1,31,76.94
1981,2,1,76.34
1981,2,2,95.20
1981,2,3,94.59
1981,2,4,94.00
1981,2,5,95.20
1981,2,6,95.20
1981,2,7,94.54
1981,2,8,94.21
1981,2,9,93.95
1981,2,10,93.62
1981,2,11,93.41
1981,2,12,93.05
1981,2,13,92.70
1981,2,14,92.48
1981,2,15,92.13
1981,2,16,91.61
1981,2,17,90.91
1981,2,18,95.20
1981,2,19,95.20
1981,2,20,95.20
1981,2,21,95.20
1981,2,22,94.43
1981,2,23,93.24
1981,2,24,92.63
1981,2,25,92.24
1981,2,26,91.72
1981,2,27,91.08
1981,2,28,92.15
1981,3,1,91.35
1981,3,2,90.73
1981,3,3,92.59
1981,3,4,91.78
1981,3,5,95.20
1981,3,6,95.20
1981,3,7,94.49
1981,3,8,93.81
1981,3,9,93.04
1981,3,10,95.20
1981,3,11,95.20
1981,3,12,94.40
1981,3,13,93.62
1981,3,14,92.78
1981,3,15,95.20
1981,3,16,95.20
1981,3,17,95.20
1981,3,18,95.20
1981,3,19,95.20
1981,3,20,95.20
1981,3,21,95.10
1981,3,22,93.89
1981,3,23,92.86
1981,3,24,95.20
1981,3,25,95.20
1981,3,26,95.20
1981,3,27,95.20
1981,3,28,94.50
1981,3,29,93.54
1981,3,30,92.48
1981,3,31,91.47
1981,4,1,90.41
1981,4,2,89.38
1981,4,3,95.20
1981,4,4,95.20
1981,4,5,94.55
1981,4,6,92.89
1981,4,7,95.20
1981,4,8,95.20
1981,4,9,94.16
1981,4,10,93.42
1981,4,11,92.82
1981,4,12,91.20
1981,4,13,95.20
1981,4,14,95.20
1981,4,15,94.57
1981,4,16,95.20
1981,4,17,93.99
1981,4,18,91.77
1981,4,19,89.56
1981,4,20,86.85
1981,4,21,86.49
1981,4,22,95.20
1981,4,23,95.20
1981,4,24,93.82
1981,4,25,95.20
1981,4,26,94.78
1981,4,27,93.30
1981,4,28,92.98
1981,4,29,95.20
1981,4,30,95.20
1981,5,1,93.61
1981,5,2,95.20
1981,5,3,93.23
1981,5,4,91.14
1981,5,5,90.32
1981,5,6,92.74
1981,5,7,90.81
1981,5,8,89.02
1981,5,9,87.15
1981,5,10,85.16
1981,5,11,83.29
1981,5,12,81.11
1981,5,13,79.40
1981,5,14,79.10
1981,5,15,77.97
1981,5,16,76.10
1981,5,17,87.19
1981,5,18,86.37
1981,5,19,86.00
1981,5,20,85.67
1981,5,21,84.45
1981,5,22,83.92
1981,5,23,83.83
1981,5,24,81.57
1981,5,25,91.32
1981,5,26,93.31
1981,5,27,95.20
1981,5,28,93.69
1981,5,29,94.50
1981,5,30,93.73
1981,5,31,92.00
1981,6,1,91.39
1981,6,2,88.87
1981,6,3,84.85
1981,6,4,84.91
1981,6,5,82.20
1981,6,6,79.82
1981,6,7,77.35
1981,6,8,75.02
1981,6,9,72.72
1981,6,10,70.76
1981,6,11,68.53
1981,6,12,65.77
1981,6,13,63.59
1981,6,14,61.10
1981,6,15,57.47
1981,6,16,54.59
1981,6,17,51.58
1981,6,18,54.78
1981,6,19,52.51
1981,6,20,50.17
1981,6,21,50.46
1981,6,22,51.52
1981,6,23,51.78
1981,6,24,47.95
1981,6,25,44.71
1981,6,26,42.62
1981,6,27,42.51
1981,6,28,43.03
1981,6,29,39.66
1981,6,30,35.97
1981,7,1,45.68
1981,7,2,52.02
1981,7,3,49.59
1981,7,4,59.66
1981,7,5,57.98
1981,7,6,55.45
1981,7,7,53.99
1981,7,8,57.62
1981,7,9,54.48
1981,7,10,51.18
1981,7,11,49.22
1981,7,12,49.32
1981,7,13,51.93
1981,7,14,49.89
1981,7,15,46.65
1981,7,16,42.55
1981,7,17,40.84
1981,7,18,39.10
1981,7,19,34.58
1981,7,20,31.41
1981,7,21,28.42
1981,7,22,25.76
1981,7,23,24.83
1981,7,24,25.14
1981,7,25,29.97
1981,7,26,40.52
1981,7,27,38.24
1981,7,28,35.35
1981,7,29,34.89
1981,7,30,33.55
1981,7,31,31.49
1981,8,1,29.05
1981,8,2,26.86
1981,8,3,24.37
1981,8,4,21.65
1981,8,5,19.18
1981,8,6,18.58
1981,8,7,34.07
1981,8,8,30.78
1981,8,9,29.05
1981,8,10,38.46
1981,8,11,35.16
1981,8,12,33.27
1981,8,13,30.27
1981,8,14,27.33
1981,8,15,24.92
1981,8,16,22.66
1981,8,17,20.10
1981,8,18,19.73
1981,8,19,17.39
1981,8,20,15.34
1981,8,21,14.02
1981,8,22,12.84
1981,8,23,11.54
1981,8,24,10.54
1981,8,25,9.09
1981,8,26,8.09
1981,8,27,7.62
1981,8,28,11.02
1981,8,29,11.49
1981,8,30,9.85
1981,8,31,9.49
1981,9,1,9.39
1981,9,2,8.07
1981,9,3,6.98
1981,9,4,16.61
1981,9,5,17.95
1981,9,6,15.98
1981,9,7,13.82
1981,9,8,12.06
1981,9,9,11.14
1981,9,10,16.66
1981,9,11,15.62
1981,9,12,14.60
1981,9,13,13.73
1981,9,14,12.99
1981,9,15,11.79
1981,9,16,15.20
1981,9,17,25.61
1981,9,18,24.43
1981,9,19,23.37
1981,9,20,22.19
1981,9,21,21.60
1981,9,22,26.16
1981,9,23,24.65
1981,9,24,23.17
1981,9,25,21.61
1981,9,26,20.15
1981,9,27,18.90
1981,9,28,17.23
1981,9,29,15.70
1981,9,30,14.36
1981,10,1,12.95
1981,10,2,11.91
1981,10,3,13.75
1981,10,4,13.07
1981,10,5,12.53
1981,10,6,11.84
1981,10,7,11.08
1981,10,8,10.24
1981,10,9,9.58
1981,10,10,8.90
1981,10,11,8.26
1981,10,12,7.66
1981,10,13,6.98
1981,10,14,8.12
1981,10,15,13.29
1981,10,16,13.01
1981,10,17,12.04
1981,10,18,11.33
1981,10,19,10.84
1981,10,20,10.60
1981,10,21,13.42
1981,10,22,14.73
1981,10,23,14.02
1981,10,24,13.06
1981,10,25,12.44
1981,10,26,12.02
1981,10,27,43.36
1981,10,28,42.47
1981,10,29,46.44
1981,10,30,46.16
1981,10,31,45.54
1981,11,1,45.01
1981,11,2,45.77
1981,11,3,45.11
1981,11,4,44.71
1981,11,5,43.45
1981,11,6,42.25
1981,11,7,58.71
1981,11,8,95.20
1981,11,9,95.20
1981,11,10,94.46
1981,11,11,93.87
1981,11,12,93.45
1981,11,13,92.64
1981,11,14,92.83
1981,11,15,92.29
1981,11,16,91.32
1981,11,17,95.20
1981,11,18,95.20
1981,11,19,94.92
1981,11,20,95.20
1981,11,21,94.42
1981,11,22,93.59
1981,11,23,92.80
1981,11,24,91.95
1981,11,25,90.69
1981,11,26,89.51
1981,11,27,95.20
1981,11,28,95.20
1981,11,29,94.58
1981,11,30,93.88
1981,12,1,93.17
1981,12,2,92.59
1981,12,3,92.60
1981,12,4,91.46
1981,12,5,90.60
1981,12,6,90.23
1981,12,7,89.86
1981,12,8,89.35
1981,12,9,88.75
1981,12,10,95.20
1981,12,11,94.60
1981,12,12,94.20
1981,12,13,93.94
1981,12,14,93.71
1981,12,15,93.39
1981,12,16,92.88
1981,12,17,92.51
1981,12,18,92.26
1981,12,19,91.82
1981,12,20,91.22
1981,12,21,90.69
1981,12,22,90.28
1981,12,23,89.84
1981,12,24,95.20
1981,12,25,95.20
1981,12,26,95.20
1981,12,27,95.20
1981,12,28,94.70
1981,12,29,95.20
1981,12,30,94.75
1981,12,31,94.33
1982,1,1,93.98
1982,1,2,93.68
1982,1,3,93.37
1982,1,4,92.97
1982,1,5,92.47
1982,1,6,91.89
1982,1,7,91.40
1982,1,8,95.20
1982,1,9,94.62
1982,1,10,94.30
1982,1,11,95.20
1982,1,12,95.20
1982,1,13,94.74
1982,1,14,94.27
1982,1,15,95.20
1982,1,16,95.20
1982,1,17,95.20
1982,1,18,94.96
1982,1,19,95.20
1982,1,20,94.77
1982,1,21,94.33
1982,1,22,94.05
1982,1,23,93.74
1982,1,24,93.14
1982,1,25,92.70
1982,1,26,92.48
1982,1,27,92.24
1982,1,28,91.66
1982,1,29,91.33
1982,1,30,91.08
1982,1,31,90.79
1982,2,1,90.28
1982,2,2,91.87
1982,2,3,91.29
1982,2,4,90.89
1982,2,5,90.34
1982,2,6,89.85
1982,2,7,89.38
1982,2,8,89.09
1982,2,9,88.58
1982,2,10,88.17
1982,2,11,87.81
1982,2,12,87.31
1982,2,13,86.70
1982,2,14,85.99
1982,2,15,95.20
1982,2,16,95.20
1982,2,17,95.20
1982,2,18,95.20
1982,2,19,94.52
1982,2,20,94.15
1982,2,21,93.69
1982,2,22,93.00
1982,2,23,95.20
1982,2,24,95.20
1982,2,25,94.63
1982,2,26,94.22
1982,2,27,93.72
1982,2,28,93.43
1982,3,1,93.07
1982,3,2,92.39
1982,3,3,95.20
1982,3,4,95.20
1982,3,5,94.49
1982,3,6,93.98
1982,3,7,93.33
1982,3,8,95.20
1982,3,9,95.20
1982,3,10,95.20
1982,3,11,95.20
1982,3,12,95.20
1982,3,13,95.20
1982,3,14,95.20
1982,3,15,95.20
1982,3,16,95.20
1982,3,17,95.20
1982,3,18,95.20
1982,3,19,95.20
1982,3,20,95.20
1982,3,21,95.20
1982,3,22,95.20
1982,3,23,95.20
1982,3,24,94.33
1982,3,25,93.72
1982,3,26,93.00
1982,3,27,93.78
1982,3,28,92.92
1982,3,29,92.03
1982,3,30,93.04
1982,3,31,92.31
1982,4,1,91.91
1982,4,2,90.99
1982,4,3,91.23
1982,4,4,90.42
1982,4,5,89.73
1982,4,6,89.37
1982,4,7,95.20
1982,4,8,95.20
1982,4,9,93.56
1982,4,10,91.16
1982,4,11,90.10
1982,4,12,89.11
1982,4,13,88.57
1982,4,14,87.55
1982,4,15,86.20
1982,4,16,85.17
1982,4,17,84.34
1982,4,18,83.59
1982,4,19,88.72
1982,4,20,95.20
1982,4,21,93.71
1982,4,22,92.35
1982,4,23,91.15
1982,4,24,89.62
1982,4,25,89.27
1982,4,26,88.14
1982,4,27,86.95
1982,4,28,92.94
1982,4,29,95.20
1982,4,30,93.64
1982,5,1,94.60
1982,5,2,93.13
1982,5,3,91.73
1982,5,4,90.23
1982,5,5,88.57
1982,5,6,86.67
1982,5,7,85.89
1982,5,8,84.69
1982,5,9,82.93
1982,5,10,80.85
1982,5,11,81.37
1982,5,12,79.42
1982,5,13,78.78
1982,5,14,90.69
1982,5,15,90.35
1982,5,16,87.95
1982,5,17,85.81
1982,5,18,83.49
1982,5,19,81.52
1982,5,20,88.98
1982,5,21,95.20
1982,5,22,92.35
1982,5,23,89.82
1982,5,24,87.10
1982,5,25,85.03
1982,5,26,83.28
1982,5,27,85.70
1982,5,28,85.28
1982,5,29,82.01
1982,5,30,80.71
1982,5,31,79.96
1982,6,1,76.44
1982,6,2,73.91
1982,6,3,70.39
1982,6,4,74.11
1982,6,5,74.01
1982,6,6,70.50
1982,6,7,71.89
1982,6,8,75.07
1982,6,9,72.52
1982,6,10,69.56
1982,6,11,66.94
1982,6,12,68.80
1982,6,13,65.67
1982,6,14,62.90
1982,6,15,60.95
1982,6,16,58.48
1982,6,17,56.34
1982,6,18,54.89
1982,6,19,53.80
1982,6,20,51.68
1982,6,21,50.05
1982,6,22,57.42
1982,6,23,65.84
1982,6,24,63.87
1982,6,25,60.78
1982,6,26,58.47
1982,6,27,56.19
1982,6,28,53.58
1982,6,29,52.74
1982,6,30,49.74
1982,7,1,46.76
1982,7,2,43.92
1982,7,3,41.42
1982,7,4,38.79
1982,7,5,36.01
1982,7,6,32.86
1982,7,7,29.20
1982,7,8,27.23
1982,7,9,26.54
1982,7,10,35.62
1982,7,11,33.53
1982,7,12,30.53
1982,7,13,27.39
1982,7,14,26.02
1982,7,15,23.11
1982,7,16,20.31
1982,7,17,19.86
1982,7,18,21.25
1982,7,19,25.86
1982,7,20,23.36
1982,7,21,21.05
1982,7,22,18.70
1982,7,23,16.49
1982,7,24,14.24
1982,7,25,12.33
1982,7,26,10.56
1982,7,27,9.01
1982,7,28,7.37
1982,7,29,5.73
1982,7,30,4.75
1982,7,31,8.79
1982,8,1,7.81
1982,8,2,6.26
1982,8,3,5.05
1982,8,4,4.29
1982,8,5,3.57
1982,8,6,2.80
1982,8,7,2.39
1982,8,8,2.05
1982,8,9,1.80
1982,8,10,1.57
1982,8,11,1.34
1982,8,12,1.12
1982,8,13,1.08
1982,8,14,0.93
1982,8,15,0.80
1982,8,16,0.67
1982,8,17,7.77
1982,8,18,6.50
1982,8,19,6.30
1982,8,20,5.19
1982,8,21,4.37
1982,8,22,3.69
1982,8,23,3.21
1982,8,24,2.76
1982,8,25,2.38
1982,8,26,2.01
1982,8,27,1.64
1982,8,28,1.54
1982,8,29,1.46
1982,8,30,1.22
1982,8,31,1.07
1982,9,1,0.93
1982,9,2,0.80
1982,9,3,0.69
1982,9,4,0.58
1982,9,5,5.97
1982,9,6,9.05
1982,9,7,8.35
1982,9,8,7.45
1982,9,9,6.60
1982,9,10,5.76
1982,9,11,4.91
1982,9,12,4.12
1982,9,13,3.47
1982,9,14,2.99
1982,9,15,2.76
1982,9,16,2.48
1982,9,17,3.59
1982,9,18,6.45
1982,9,19,10.68
1982,9,20,15.66
1982,9,21,36.92
1982,9,22,40.34
1982,9,23,53.42
1982,9,24,59.62
1982,9,25,64.67
1982,9,26,62.67
1982,9,27,59.89
1982,9,28,57.02
1982,9,29,54.27
1982,9,30,51.66
1982,10,1,49.03
1982,10,2,46.46
1982,10,3,43.95
1982,10,4,47.11
1982,10,5,45.55
1982,10,6,44.03
1982,10,7,42.67
1982,10,8,40.97
1982,10,9,39.19
1982,10,10,43.09
1982,10,11,57.83
1982,10,12,84.76
1982,10,13,83.65
1982,10,14,82.68
1982,10,15,81.44
1982,10,16,81.24
1982,10,17,81.90
1982,10,18,81.22
1982,10,19,80.60
1982,10,20,79.87
1982,10,21,79.97
1982,10,22,79.04
1982,10,23,77.91
1982,10,24,76.76
1982,10,25,76.82
1982,10,26,75.51
1982,10,27,74.25
1982,10,28,73.25
1982,10,29,75.30
1982,10,30,91.44
1982,10,31,90.03
1982,11,1,89.00
1982,11,2,88.27
1982,11,3,87.63
1982,11,4,87.31
1982,11,5,86.00
1982,11,6,84.27
1982,11,7,83.62
1982,11,8,89.48
1982,11,9,95.20
1982,11,10,95.20
1982,11,11,95.20
1982,11,12,94.14
1982,11,13,95.20
1982,11,14,95.20
1982,11,15,94.41
1982,11,16,93.85
1982,11,17,93.32
1982,11,18,92.55
1982,11,19,95.20
1982,11,20,94.61
1982,11,21,95.20
1982,11,22,95.20
1982,11,23,94.62
1982,11,24,95.20
1982,11,25,95.20
1982,11,26,95.14
1982,11,27,95.01
1982,11,28,94.21
1982,11,29,93.76
1982,11,30,95.20
1982,12,1,95.20
1982,12,2,95.20
1982,12,3,94.66
1982,12,4,94.02
1982,12,5,95.20
1982,12,6,95.09
1982,12,7,94.37
1982,12,8,93.80
1982,12,9,93.50
1982,12,10,93.21
1982,12,11,92.89
1982,12,12,92.61
1982,12,13,92.19
1982,12,14,91.83
1982,12,15,91.56
1982,12,16,91.25
1982,12,17,90.87
1982,12,18,90.32
1982,12,19,95.20
1982,12,20,95.20
1982,12,21,94.55
1982,12,22,93.90
1982,12,23,93.30
1982,12,24,92.58
1982,12,25,92.03
1982,12,26,91.56
1982,12,27,91.01
1982,12,28,90.48
1982,12,29,89.98
1982,12,30,89.49
1982,12,31,88.91
1983,1,1,88.37
1983,1,2,88.03
1983,1,3,87.79
1983,1,4,87.56
1983,1,5,87.23
1983,1,6,86.91
1983,1,7,86.38
1983,1,8,85.86
1983,1,9,85.27
1983,1,10,84.71
1983,1,11,84.09
1983,1,12,83.49
1983,1,13,83.13
1983,1,14,82.92
1983,1,15,82.74
1983,1,16,82.47
1983,1,17,82.08
1983,1,18,81.72
1983,1,19,81.23
1983,1,20,82.56
1983,1,21,82.22
1983,1,22,82.03
1983,1,23,81.74
1983,1,24,81.33
1983,1,25,81.04
1983,1,26,80.65
1983,1,27,80.18
1983,1,28,79.95
1983,1,29,79.72
1983,1,30,79.36
1983,1,31,78.96
1983,2,1,92.59
1983,2,2,95.20
1983,2,3,94.66
1983,2,4,94.20
1983,2,5,93.76
1983,2,6,93.32
1983,2,7,92.81
1983,2,8,92.28
1983,2,9,95.20
1983,2,10,94.88
1983,2,11,94.70
1983,2,12,94.35
1983,2,13,93.70
1983,2,14,93.11
1983,2,15,92.79
1983,2,16,92.43
1983,2,17,91.85
1983,2,18,95.20
1983,2,19,95.20
1983,2,20,95.20
1983,2,21,95.20
1983,2,22,95.20
1983,2,23,93.36
1983,2,24,93.99
1983,2,25,95.20
1983,2,26,94.58
1983,2,27,93.91
1983,2,28,92.77
1983,3,1,92.07
1983,3,2,91.18
1983,3,3,91.13
1983,3,4,90.27
1983,3,5,95.20
1983,3,6,95.20
1983,3,7,94.13
1983,3,8,93.65
1983,3,9,95.20
1983,3,10,94.40
1983,3,11,94.18
1983,3,12,93.39
1983,3,13,92.93
1983,3,14,92.04
1983,3,15,90.56
1983,3,16,88.84
1983,3,17,87.51
1983,3,18,86.68
1983,3,19,85.84
1983,3,20,95.20
1983,3,21,95.20
1983,3,22,95.20
1983,3,23,94.89
1983,3,24,93.69
1983,3,25,93.49
1983,3,26,92.27
1983,3,27,92.27
1983,3,28,91.17
1983,3,29,90.25
1983,3,30,91.01
1983,3,31,89.67
1983,4,1,95.20
1983,4,2,95.20
1983,4,3,94.56
1983,4,4,93.86
1983,4,5,93.08
1983,4,6,92.41
1983,4,7,91.63
1983,4,8,91.67
1983,4,9,93.21
1983,4,10,91.98
1983,4,11,90.91
1983,4,12,90.60
1983,4,13,95.20
1983,4,14,95.20
1983,4,15,93.88
1983,4,16,92.95
1983,4,17,93.62
1983,4,18,94.05
1983,4,19,93.19
1983,4,20,91.91
1983,4,21,90.17
1983,4,22,95.20
1983,4,23,95.20
1983,4,24,93.50
1983,4,25,92.64
1983,4,26,92.00
1983,4,27,92.82
1983,4,28,91.57
1983,4,29,90.04
1983,4,30,88.35
1983,5,1,91.41
1983,5,2,95.20
1983,5,3,95.20
1983,5,4,93.81
1983,5,5,92.42
1983,5,6,90.74
1983,5,7,89.63
1983,5,8,88.29
1983,5,9,86.59
1983,5,10,92.44
1983,5,11,95.18
1983,5,12,92.77
1983,5,13,90.69
1983,5,14,93.20
1983,5,15,92.13
1983,5,16,90.03
1983,5,17,89.61
1983,5,18,89.93
1983,5,19,90.06
1983,5,20,88.09
1983,5,21,85.86
1983,5,22,83.00
1983,5,23,81.73
1983,5,24,84.01
1983,5,25,81.97
1983,5,26,78.95
1983,5,27,77.06
1983,5,28,80.59
1983,5,29,81.73
1983,5,30,78.94
1983,5,31,76.14
1983,6,1,72.67
1983,6,2,70.48
1983,6,3,69.08
1983,6,4,66.82
1983,6,5,68.42
1983,6,6,65.09
1983,6,7,62.89
1983,6,8,75.70
1983,6,9,72.50
1983,6,10,69.04
1983,6,11,64.63
1983,6,12,60.14
1983,6,13,60.39
1983,6,14,58.20
1983,6,15,55.86
1983,6,16,53.01
1983,6,17,50.27
1983,6,18,51.78
1983,6,19,51.75
1983,6,20,49.15
1983,6,21,46.66
1983,6,22,46.16
1983,6,23,43.64
1983,6,24,41.09
1983,6,25,39.88
1983,6,26,54.18
1983,6,27,75.24
1983,6,28,78.59
1983,6,29,86.74
1983,6,30,85.56
1983,7,1,87.57
1983,7,2,86.24
1983,7,3,87.80
1983,7,4,84.83
1983,7,5,81.80
1983,7,6,79.70
1983,7,7,78.60
1983,7,8,84.56
1983,7,9,93.03
1983,7,10,95.20
1983,7,11,95.20
1983,7,12,95.20
1983,7,13,92.50
1983,7,14,88.41
1983,7,15,84.12
1983,7,16,80.54
1983,7,17,76.61
1983,7,18,74.77
1983,7,19,82.08
1983,7,20,78.44
1983,7,21,74.84
1983,7,22,71.56
1983,7,23,70.24
1983,7,24,70.78
1983,7,25,69.31
1983,7,26,66.94
1983,7,27,64.10
1983,7,28,64.13
1983,7,29,61.12
1983,7,30,62.40
1983,7,31,61.42
1983,8,1,71.33
1983,8,2,68.17
1983,8,3,64.96
1983,8,4,61.40
1983,8,5,57.91
1983,8,6,54.88
1983,8,7,53.27
1983,8,8,69.86
1983,8,9,69.32
1983,8,10,66.42
1983,8,11,62.33
1983,8,12,58.14
1983,8,13,59.19
1983,8,14,59.80
1983,8,15,57.63
1983,8,16,62.07
1983,8,17,80.91
1983,8,18,77.77
1983,8,19,74.59
1983,8,20,70.93
1983,8,21,67.30
1983,8,22,66.22
1983,8,23,62.74
1983,8,24,59.44
1983,8,25,55.72
1983,8,26,67.95
1983,8,27,67.33
1983,8,28,64.67
1983,8,29,62.30
1983,8,30,59.61
1983,8,31,56.86
1983,9,1,55.34
1983,9,2,54.53
1983,9,3,52.36
1983,9,4,49.81
1983,9,5,49.63
1983,9,6,47.77
1983,9,7,44.97
1983,9,8,42.33
1983,9,9,44.57
1983,9,10,51.39
1983,9,11,53.67
1983,9,12,59.94
1983,9,13,67.07
1983,9,14,65.66
1983,9,15,64.31
1983,9,16,61.82
1983,9,17,58.93
1983,9,18,56.51
1983,9,19,55.35
1983,9,20,59.33
1983,9,21,57.78
1983,9,22,56.06
1983,9,23,54.23
1983,9,24,51.82
1983,9,25,51.17
1983,9,26,70.02
1983,9,27,70.51
1983,9,28,68.89
1983,9,29,67.23
1983,9,30,65.97
1983,10,1,64.83
1983,10,2,63.76
1983,10,3,62.63
1983,10,4,61.48
1983,10,5,60.32
1983,10,6,64.42
1983,10,7,65.52
1983,10,8,63.73
1983,10,9,62.28
1983,10,10,61.15
1983,10,11,60.34
1983,10,12,59.44
1983,10,13,58.51
1983,10,14,57.59
1983,10,15,56.40
1983,10,16,54.97
1983,10,17,56.00
1983,10,18,64.77
1983,10,19,65.59
1983,10,20,66.15
1983,10,21,64.74
1983,10,22,74.95
1983,10,23,85.94
1983,10,24,85.03
1983,10,25,86.51
1983,10,26,87.24
1983,10,27,87.91
1983,10,28,86.86
1983,10,29,90.97
1983,10,30,95.20
1983,10,31,95.20
1983,11,1,95.10
1983,11,2,94.78
1983,11,3,93.67
1983,11,4,92.47
1983,11,5,91.41
1983,11,6,93.00
1983,11,7,95.20
1983,11,8,95.20
1983,11,9,93.97
1983,11,10,95.20
1983,11,11,95.20
1983,11,12,94.91
1983,11,13,94.08
1983,11,14,93.05
1983,11,15,92.21
1983,11,16,91.41
1983,11,17,90.60
1983,11,18,95.20
1983,11,19,94.60
1983,11,20,94.15
1983,11,21,93.63
1983,11,22,92.95
1983,11,23,94.53
1983,11,24,95.20
1983,11,25,95.20
1983,11,26,95.20
1983,11,27,95.20
1983,11,28,95.20
1983,11,29,94.53
1983,11,30,93.97
1983,12,1,94.78
1983,12,2,95.20
1983,12,3,95.20
1983,12,4,93.75
1983,12,5,93.03
1983,12,6,92.45
1983,12,7,92.03
1983,12,8,91.71
1983,12,9,91.39
1983,12,10,91.17
1983,12,11,90.99
1983,12,12,90.78
1983,12,13,90.64
1983,12,14,90.36
1983,12,15,90.02
1983,12,16,89.66
1983,12,17,89.22
1983,12,18,88.71
1983,12,19,95.20
1983,12,20,95.20
1983,12,21,94.86
1983,12,22,94.51
1983,12,23,94.14
1983,12,24,93.75
1983,12,25,93.38
1983,12,26,92.94
1983,12,27,92.35
1983,12,28,91.79
1983,12,29,91.30
1983,12,30,90.83
1983,12,31,95.20
1984,1,1,95.20
1984,1,2,94.81
1984,1,3,94.33
1984,1,4,93.92
1984,1,5,93.51
1984,1,6,93.09
1984,1,7,95.20
1984,1,8,95.20
1984,1,9,95.20
1984,1,10,94.90
1984,1,11,94.66
1984,1,12,94.25
1984,1,13,94.04
1984,1,14,93.89
1984,1,15,93.71
1984,1,16,93.35
1984,1,17,92.89
1984,1,18,92.57
1984,1,19,92.15
1984,1,20,91.75
1984,1,21,91.46
1984,1,22,90.92
1984,1,23,95.20
1984,1,24,95.20
1984,1,25,94.60
1984,1,26,94.24
1984,1,27,93.86
1984,1,28,93.51
1984,1,29,93.27
1984,1,30,92.81
1984,1,31,95.20
1984,2,1,94.57
1984,2,2,94.01
1984,2,3,95.20
1984,2,4,95.20
1984,2,5,95.20
1984,2,6,94.74
1984,2,7,94.43
1984,2,8,94.20
1984,2,9,93.94
1984,2,10,93.61
1984,2,11,93.41
1984,2,12,93.12
1984,2,13,92.51
1984,2,14,91.99
1984,2,15,91.67
1984,2,16,91.39
1984,2,17,90.98
1984,2,18,90.46
1984,2,19,90.22
1984,2,20,89.88
1984,2,21,89.38
1984,2,22,94.14
1984,2,23,95.20
1984,2,24,94.81
1984,2,25,94.38
1984,2,26,93.88
1984,2,27,93.19
1984,2,28,92.51
1984,2,29,91.99
1984,3,1,91.58
1984,3,2,91.26
1984,3,3,90.77
1984,3,4,90.10
1984,3,5,89.55
1984,3,6,95.20
1984,3,7,95.20
1984,3,8,95.20
1984,3,9,95.20
1984,3,10,95.20
1984,3,11,95.20
1984,3,12,95.20
1984,3,13,94.22
1984,3,14,93.26
1984,3,15,95.20
1984,3,16,94.43
1984,3,17,93.53
1984,3,18,93.31
1984,3,19,92.57
1984,3,20,92.75
1984,3,21,91.81
1984,3,22,91.04
1984,3,23,90.17
1984,3,24,92.61
1984,3,25,92.79
1984,3,26,91.47
1984,3,27,91.97
1984,3,28,91.18
1984,3,29,90.45
1984,3,30,89.63
1984,3,31,88.91
1984,4,1,90.01
1984,4,2,88.64
1984,4,3,87.42
1984,4,4,86.36
1984,4,5,85.51
1984,4,6,84.64
1984,4,7,83.85
1984,4,8,83.75
1984,4,9,82.60
1984,4,10,81.41
1984,4,11,80.15
1984,4,12,78.90
1984,4,13,77.89
1984,4,14,76.93
1984,4,15,75.45
1984,4,16,73.73
1984,4,17,71.84
1984,4,18,69.78
1984,4,19,67.45
1984,4,20,64.97
1984,4,21,63.25
1984,4,22,61.70
1984,4,23,59.52
1984,4,24,58.75
1984,4,25,57.44
1984,4,26,56.05
1984,4,27,54.47
1984,4,28,52.65
1984,4,29,51.00
1984,4,30,49.24
1984,5,1,54.58
1984,5,2,72.49
1984,5,3,80.59
1984,5,4,78.28
1984,5,5,75.55
1984,5,6,72.24
1984,5,7,70.43
1984,5,8,71.81
1984,5,9,74.66
1984,5,10,77.67
1984,5,11,79.79
1984,5,12,77.74
1984,5,13,75.85
1984,5,14,73.81
1984,5,15,71.53
1984,5,16,68.82
1984,5,17,66.74
1984,5,18,64.62
1984,5,19,61.48
1984,5,20,57.46
1984,5,21,53.30
1984,5,22,49.47
1984,5,23,47.24
1984,5,24,44.15
1984,5,25,39.65
1984,5,26,35.60
1984,5,27,33.39
1984,5,28,30.82
1984,5,29,28.70
1984,5,30,28.05
1984,5,31,26.87
1984,6,1,25.01
1984,6,2,25.79
1984,6,3,26.14
1984,6,4,24.39
1984,6,5,22.53
1984,6,6,21.27
1984,6,7,19.08
1984,6,8,16.44
1984,6,9,15.14
1984,6,10,13.48
1984,6,11,12.11
1984,6,12,10.76
1984,6,13,9.24
1984,6,14,7.94
1984,6,15,6.82
1984,6,16,5.80
1984,6,17,4.94
1984,6,18,3.69
1984,6,19,2.99
1984,6,20,2.45
1984,6,21,8.07
1984,6,22,18.99
1984,6,23,16.80
1984,6,24,17.34
1984,6,25,20.55
1984,6,26,19.75
1984,6,27,19.22
1984,6,28,17.42
1984,6,29,24.11
1984,6,30,23.08
1984,7,1,21.04
1984,7,2,18.23
1984,7,3,15.32
1984,7,4,12.41
1984,7,5,9.92
1984,7,6,8.11
1984,7,7,6.79
1984,7,8,5.42
1984,7,9,4.21
1984,7,10,3.35
1984,7,11,13.04
1984,7,12,27.81
1984,7,13,29.52
1984,7,14,34.52
1984,7,15,32.48
1984,7,16,27.79
1984,7,17,24.26
1984,7,18,21.27
1984,7,19,18.41
1984,7,20,17.75
1984,7,21,18.04
1984,7,22,15.93
1984,7,23,13.84
1984,7,24,22.58
1984,7,25,20.02
1984,7,26,17.74
1984,7,27,15.71
1984,7,28,13.26
1984,7,29,11.22
1984,7,30,10.65
1984,7,31,15.34
1984,8,1,12.95
1984,8,2,11.11
1984,8,3,9.24
1984,8,4,7.93
1984,8,5,6.89
1984,8,6,8.20
1984,8,7,12.20
1984,8,8,11.38
1984,8,9,9.65
1984,8,10,9.03
1984,8,11,7.54
1984,8,12,6.31
1984,8,13,6.11
1984,8,14,5.68
1984,8,15,4.97
1984,8,16,4.38
1984,8,17,4.30
1984,8,18,4.21
1984,8,19,3.41
1984,8,20,2.85
1984,8,21,2.75
1984,8,22,2.39
1984,8,23,2.10
1984,8,24,1.86
1984,8,25,1.61
1984,8,26,1.39
1984,8,27,3.87
1984,8,28,7.15
1984,8,29,11.78
1984,8,30,10.73
1984,8,31,9.84
1984,9,1,8.68
1984,9,2,7.55
1984,9,3,6.49
1984,9,4,5.48
1984,9,5,4.79
1984,9,6,5.78
1984,9,7,7.62
1984,9,8,6.52
1984,9,9,5.67
1984,9,10,5.07
1984,9,11,4.61
1984,9,12,5.69
1984,9,13,25.77
1984,9,14,23.63
1984,9,15,22.23
1984,9,16,20.79
1984,9,17,19.40
1984,9,18,17.96
1984,9,19,16.47
1984,9,20,15.15
1984,9,21,14.24
1984,9,22,13.01
1984,9,23,11.49
1984,9,24,15.90
1984,9,25,32.59
1984,9,26,31.61
1984,9,27,30.55
1984,9,28,29.14
1984,9,29,29.84
1984,9,30,42.17
1984,10,1,45.54
1984,10,2,49.68
1984,10,3,51.78
1984,10,4,53.56
1984,10,5,54.17
1984,10,6,52.82
1984,10,7,51.01
1984,10,8,49.50
1984,10,9,48.05
1984,10,10,64.33
1984,10,11,95.20
1984,10,12,95.20
1984,10,13,94.10
1984,10,14,92.89
1984,10,15,95.20
1984,10,16,95.20
1984,10,17,95.20
1984,10,18,94.21
1984,10,19,92.99
1984,10,20,91.67
1984,10,21,90.86
1984,10,22,90.14
1984,10,23,89.36
1984,10,24,88.82
1984,10,25,88.85
1984,10,26,95.20
1984,10,27,95.20
1984,10,28,95.20
1984,10,29,94.75
1984,10,30,94.47
1984,10,31,93.87
1984,11,1,95.20
1984,11,2,95.20
1984,11,3,94.36
1984,11,4,93.94
1984,11,5,95.20
1984,11,6,95.20
1984,11,7,94.29
1984,11,8,93.59
1984,11,9,93.80
1984,11,10,93.08
1984,11,11,92.43
1984,11,12,95.20
1984,11,13,95.20
1984,11,14,94.61
1984,11,15,94.04
1984,11,16,93.39
1984,11,17,92.78
1984,11,18,92.09
1984,11,19,91.50
1984,11,20,95.20
1984,11,21,94.60
1984,11,22,95.20
1984,11,23,95.20
1984,11,24,95.20
1984,11,25,95.20
1984,11,26,95.20
1984,11,27,94.61
1984,11,28,94.09
1984,11,29,94.82
1984,11,30,94.38
1984,12,1,93.90
1984,12,2,93.38
1984,12,3,95.20
1984,12,4,94.38
1984,12,5,93.81
1984,12,6,93.31
1984,12,7,93.01
1984,12,8,92.71
1984,12,9,92.43
1984,12,10,92.02
1984,12,11,91.39
1984,12,12,90.76
1984,12,13,90.45
1984,12,14,90.15
1984,12,15,89.77
1984,12,16,89.37
1984,12,17,88.83
1984,12,18,89.49
1984,12,19,92.88
1984,12,20,92.31
1984,12,21,91.86
1984,12,22,91.38
1984,12,23,91.12
1984,12,24,90.87
1984,12,25,90.61
1984,12,26,90.29
1984,12,27,89.96
1984,12,28,89.46
1984,12,29,88.91
1984,12,30,88.45
1984,12,31,88.15
1985,1,1,87.86
1985,1,2,87.45
1985,1,3,86.92
1985,1,4,95.07
1985,1,5,94.76
1985,1,6,94.41
1985,1,7,94.03
1985,1,8,93.72
1985,1,9,93.57
1985,1,10,93.41
1985,1,11,93.18
1985,1,12,92.81
1985,1,13,92.45
1985,1,14,92.17
1985,1,15,91.96
1985,1,16,91.51
1985,1,17,95.20
1985,1,18,95.20
1985,1,19,95.20
1985,1,20,94.83
1985,1,21,94.63
1985,1,22,94.35
1985,1,23,94.16
1985,1,24,94.02
1985,1,25,93.72
1985,1,26,95.20
1985,1,27,95.20
1985,1,28,94.71
1985,1,29,94.36
1985,1,30,94.00
1985,1,31,93.74
1985,2,1,93.34
1985,2,2,92.87
1985,2,3,92.27
1985,2,4,91.61
1985,2,5,91.04
1985,2,6,95.20
1985,2,7,95.20
1985,2,8,94.66
1985,2,9,95.20
1985,2,10,94.67
1985,2,11,94.17
1985,2,12,93.71
1985,2,13,93.29
1985,2,14,92.94
1985,2,15,92.66
1985,2,16,92.33
1985,2,17,91.96
1985,2,18,92.33
1985,2,19,91.43
1985,2,20,90.86
1985,2,21,90.12
1985,2,22,93.00
1985,2,23,92.42
1985,2,24,91.87
1985,2,25,91.21
1985,2,26,90.79
1985,2,27,90.43
1985,2,28,89.81
1985,3,1,89.04
1985,3,2,88.26
1985,3,3,87.53
1985,3,4,95.20
1985,3,5,95.20
1985,3,6,95.20
1985,3,7,93.68
1985,3,8,92.13
1985,3,9,90.96
1985,3,10,90.28
1985,3,11,89.63
1985,3,12,95.20
1985,3,13,95.20
1985,3,14,95.20
1985,3,15,94.52
1985,3,16,93.80
1985,3,17,95.20
1985,3,18,95.20
1985,3,19,95.20
1985,3,20,94.94
1985,3,21,94.00
1985,3,22,94.04
1985,3,23,94.80
1985,3,24,94.56
1985,3,25,93.47
1985,3,26,95.20
1985,3,27,95.20
1985,3,28,94.33
1985,3,29,93.23
1985,3,30,92.18
1985,3,31,92.38
1985,4,1,91.28
1985,4,2,90.17
1985,4,3,88.74
1985,4,4,87.30
1985,4,5,86.50
1985,4,6,85.82
1985,4,7,95.20
1985,4,8,95.20
1985,4,9,94.30
1985,4,10,93.35
1985,4,11,92.39
1985,4,12,95.20
1985,4,13,95.20
1985,4,14,93.94
1985,4,15,92.55
1985,4,16,91.15
1985,4,17,89.57
1985,4,18,95.20
1985,4,19,95.20
1985,4,20,95.20
1985,4,21,95.20
1985,4,22,95.20
1985,4,23,95.20
1985,4,24,93.05
1985,4,25,91.34
1985,4,26,89.19
1985,4,27,90.04
1985,4,28,95.20
1985,4,29,95.20
1985,4,30,93.45
1985,5,1,91.74
1985,5,2,93.39
1985,5,3,91.82
1985,5,4,90.43
1985,5,5,88.81
1985,5,6,88.74
1985,5,7,87.54
1985,5,8,85.11
1985,5,9,81.97
1985,5,10,79.80
1985,5,11,77.25
1985,5,12,88.63
1985,5,13,95.20
1985,5,14,91.72
1985,5,15,95.20
1985,5,16,94.61
1985,5,17,93.27
1985,5,18,93.13
1985,5,19,91.83
1985,5,20,92.27
1985,5,21,93.43
1985,5,22,93.56
1985,5,23,92.37
1985,5,24,90.54
1985,5,25,90.38
1985,5,26,91.57
1985,5,27,90.63
1985,5,28,89.39
1985,5,29,93.10
1985,5,30,90.62
1985,5,31,88.10
1985,6,1,86.06
1985,6,2,87.16
1985,6,3,84.59
1985,6,4,82.04
1985,6,5,79.14
1985,6,6,76.36
1985,6,7,73.57
1985,6,8,70.66
1985,6,9,74.60
1985,6,10,72.84
1985,6,11,69.59
1985,6,12,68.50
1985,6,13,65.99
1985,6,14,62.88
1985,6,15,59.03
1985,6,16,54.44
1985,6,17,49.74
1985,6,18,45.35
1985,6,19,41.24
1985,6,20,37.42
1985,6,21,34.22
1985,6,22,36.32
1985,6,23,33.56
1985,6,24,30.98
1985,6,25,29.73
1985,6,26,27.06
1985,6,27,25.09
1985,6,28,22.87
1985,6,29,20.15
1985,6,30,18.44
1985,7,1,16.09
1985,7,2,14.15
1985,7,3,13.00
1985,7,4,11.46
1985,7,5,10.08
1985,7,6,16.33
1985,7,7,25.11
1985,7,8,22.38
1985,7,9,30.15
1985,7,10,46.31
1985,7,11,42.78
1985,7,12,38.81
1985,7,13,37.44
1985,7,14,33.44
1985,7,15,29.44
1985,7,16,26.44
1985,7,17,42.95
1985,7,18,51.47
1985,7,19,49.27
1985,7,20,46.12
1985,7,21,42.93
1985,7,22,39.30
1985,7,23,35.47
1985,7,24,32.33
1985,7,25,29.44
1985,7,26,26.97
1985,7,27,24.45
1985,7,28,21.58
1985,7,29,18.69
1985,7,30,16.46
1985,7,31,13.94
1985,8,1,11.53
1985,8,2,9.43
1985,8,3,29.83
1985,8,4,27.22
1985,8,5,24.57
1985,8,6,21.63
1985,8,7,18.48
1985,8,8,15.66
1985,8,9,13.32
1985,8,10,11.28
1985,8,11,11.67
1985,8,12,9.96
1985,8,13,8.38
1985,8,14,7.48
1985,8,15,6.20
1985,8,16,5.31
1985,8,17,16.20
1985,8,18,23.43
1985,8,19,20.43
1985,8,20,17.48
1985,8,21,14.65
1985,8,22,16.49
1985,8,23,14.64
1985,8,24,12.52
1985,8,25,10.60
1985,8,26,9.04
1985,8,27,7.77
1985,8,28,6.60
1985,8,29,5.52
1985,8,30,4.83
1985,8,31,4.00
1985,9,1,3.17
1985,9,2,2.50
1985,9,3,2.07
1985,9,4,1.78
1985,9,5,1.66
1985,9,6,1.36
1985,9,7,1.17
1985,9,8,8.80
1985,9,9,8.16
1985,9,10,7.43
1985,9,11,6.70
1985,9,12,6.05
1985,9,13,5.42
1985,9,14,4.61
1985,9,15,4.09
1985,9,16,6.53
1985,9,17,11.50
1985,9,18,12.58
1985,9,19,12.52
1985,9,20,12.29
1985,9,21,13.86
1985,9,22,25.85
1985,9,23,40.09
1985,9,24,43.89
1985,9,25,45.06
1985,9,26,47.22
1985,9,27,57.06
1985,9,28,74.70
1985,9,29,78.79
1985,9,30,77.72
1985,10,1,75.56
1985,10,2,73.60
1985,10,3,71.46
1985,10,4,69.64
1985,10,5,69.38
1985,10,6,67.31
1985,10,7,65.19
1985,10,8,62.50
1985,10,9,64.01
1985,10,10,77.23
1985,10,11,95.20
1985,10,12,95.20
1985,10,13,95.20
1985,10,14,95.20
1985,10,15,95.20
1985,10,16,94.51
1985,10,17,95.20
1985,10,18,93.95
1985,10,19,92.40
1985,10,20,91.17
1985,10,21,94.92
1985,10,22,95.20
1985,10,23,95.20
1985,10,24,95.20
1985,10,25,95.20
1985,10,26,95.20
1985,10,27,94.68
1985,10,28,93.88
1985,10,29,92.52
1985,10,30,92.66
1985,10,31,95.20
1985,11,1,95.20
1985,11,2,94.22
1985,11,3,93.13
1985,11,4,93.21
1985,11,5,93.72
1985,11,6,92.50
1985,11,7,91.57
1985,11,8,90.36
1985,11,9,89.09
1985,11,10,89.20
1985,11,11,90.96
1985,11,12,91.38
1985,11,13,95.20
1985,11,14,95.20
1985,11,15,94.58
1985,11,16,94.12
1985,11,17,93.61
1985,11,18,93.13
1985,11,19,92.74
1985,11,20,92.35
1985,11,21,91.69
1985,11,22,95.20
1985,11,23,95.20
1985,11,24,95.20
1985,11,25,94.87
1985,11,26,93.97
1985,11,27,93.45
1985,11,28,93.00
1985,11,29,92.46
1985,11,30,91.81
1985,12,1,92.25
1985,12,2,95.20
1985,12,3,95.20
1985,12,4,95.20
1985,12,5,94.65
1985,12,6,94.29
1985,12,7,93.96
1985,12,8,95.20
1985,12,9,94.86
1985,12,10,94.54
1985,12,11,94.04
1985,12,12,93.64
1985,12,13,93.13
1985,12,14,92.67
1985,12,15,92.29
1985,12,16,91.95
1985,12,17,91.63
1985,12,18,91.33
1985,12,19,91.04
1985,12,20,90.68
1985,12,21,90.11
1985,12,22,89.63
1985,12,23,95.20
1985,12,24,94.93
1985,12,25,94.68
1985,12,26,94.41
1985,12,27,94.14
1985,12,28,93.65
1985,12,29,95.20
1985,12,30,94.71
1985,12,31,94.45
1986,1,1,94.24
1986,1,2,93.92
1986,1,3,93.47
1986,1,4,92.84
1986,1,5,92.60
1986,1,6,92.02
1986,1,7,91.37
1986,1,8,95.20
1986,1,9,94.76
1986,1,10,94.37
1986,1,11,93.88
1986,1,12,93.25
1986,1,13,92.77
1986,1,14,92.34
1986,1,15,91.78
1986,1,16,91.39
1986,1,17,90.89
1986,1,18,90.35
1986,1,19,89.96
1986,1,20,89.51
1986,1,21,88.96
1986,1,22,88.39
1986,1,23,93.40
1986,1,24,92.80
1986,1,25,92.52
1986,1,26,92.29
1986,1,27,92.10
1986,1,28,91.88
1986,1,29,91.51
1986,1,30,90.92
1986,1,31,90.44
1986,2,1,90.14
1986,2,2,89.84
1986,2,3,89.50
1986,2,4,89.19
1986,2,5,88.77
1986,2,6,88.18
1986,2,7,89.74
1986,2,8,89.95
1986,2,9,89.46
1986,2,10,89.14
1986,2,11,88.77
1986,2,12,88.23
1986,2,13,87.64
1986,2,14,87.17
1986,2,15,86.52
1986,2,16,86.00
1986,2,17,85.40
1986,2,18,94.02
1986,2,19,93.46
1986,2,20,93.09
1986,2,21,92.67
1986,2,22,92.31
1986,2,23,91.81
1986,2,24,95.20
1986,2,25,95.20
1986,2,26,94.59
1986,2,27,95.20
1986,2,28,95.20
1986,3,1,94.41
1986,3,2,93.60
1986,3,3,95.20
1986,3,4,94.79
1986,3,5,94.45
1986,3,6,93.93
1986,3,7,93.34
1986,3,8,92.92
1986,3,9,92.44
1986,3,10,91.83
1986,3,11,91.28
1986,3,12,90.74
1986,3,13,90.09
1986,3,14,89.26
1986,3,15,95.20
1986,3,16,95.20
1986,3,17,95.20
1986,3,18,95.20
1986,3,19,93.94
1986,3,20,92.75
1986,3,21,95.11
1986,3,22,94.35
1986,3,23,93.63
1986,3,24,92.83
1986,3,25,92.72
1986,3,26,95.20
1986,3,27,95.20
1986,3,28,94.12
1986,3,29,93.13
1986,3,30,95.20
1986,3,31,95.20
1986,4,1,95.20
1986,4,2,94.00
1986,4,3,92.94
1986,4,4,95.20
1986,4,5,93.86
1986,4,6,92.64
1986,4,7,92.49
1986,4,8,94.37
1986,4,9,95.20
1986,4,10,94.56
1986,4,11,92.66
1986,4,12,92.72
1986,4,13,94.82
1986,4,14,93.63
1986,4,15,92.99
1986,4,16,92.24
1986,4,17,91.53
1986,4,18,93.36
1986,4,19,95.20
1986,4,20,95.20
1986,4,21,95.20
1986,4,22,93.50
1986,4,23,92.38
1986,4,24,90.13
1986,4,25,89.44
1986,4,26,95.20
1986,4,27,95.20
1986,4,28,93.55
1986,4,29,93.83
1986,4,30,94.50
1986,5,1,92.71
1986,5,2,91.16
1986,5,3,89.63
1986,5,4,88.37
1986,5,5,86.76
1986,5,6,84.16
1986,5,7,82.57
1986,5,8,90.82
1986,5,9,95.20
1986,5,10,95.20
1986,5,11,94.85
1986,5,12,94.07
1986,5,13,95.20
1986,5,14,94.57
1986,5,15,92.53
1986,5,16,90.45
1986,5,17,86.53
1986,5,18,86.08
1986,5,19,90.15
1986,5,20,88.09
1986,5,21,86.23
1986,5,22,83.84
1986,5,23,80.86
1986,5,24,77.65
1986,5,25,75.04
1986,5,26,73.33
1986,5,27,74.47
1986,5,28,81.31
1986,5,29,79.30
1986,5,30,77.63
1986,5,31,76.22
1986,6,1,74.24
1986,6,2,71.63
1986,6,3,69.25
1986,6,4,65.03
1986,6,5,60.98
1986,6,6,57.33
1986,6,7,55.00
1986,6,8,52.97
1986,6,9,50.86
1986,6,10,48.25
1986,6,11,46.42
1986,6,12,44.11
1986,6,13,42.96
1986,6,14,43.16
1986,6,15,41.09
1986,6,16,42.56
1986,6,17,47.79
1986,6,18,52.11
1986,6,19,49.96
1986,6,20,48.01
1986,6,21,46.57
1986,6,22,42.94
1986,6,23,38.80
1986,6,24,35.82
1986,6,25,31.85
1986,6,26,29.07
1986,6,27,28.69
1986,6,28,40.89
1986,6,29,53.17
1986,6,30,49.03
1986,7,1,44.39
1986,7,2,40.03
1986,7,3,36.95
1986,7,4,35.03
1986,7,5,32.77
1986,7,6,29.32
1986,7,7,27.25
1986,7,8,25.15
1986,7,9,22.49
1986,7,10,19.81
1986,7,11,17.22
1986,7,12,17.69
1986,7,13,20.28
1986,7,14,41.66
1986,7,15,53.46
1986,7,16,51.75
1986,7,17,49.37
1986,7,18,45.49
1986,7,19,42.62
1986,7,20,39.02
1986,7,21,35.32
1986,7,22,44.30
1986,7,23,40.83
1986,7,24,37.33
1986,7,25,47.56
1986,7,26,67.05
1986,7,27,73.93
1986,7,28,69.98
1986,7,29,65.42
1986,7,30,61.85
1986,7,31,67.95
1986,8,1,67.63
1986,8,2,64.60
1986,8,3,79.57
1986,8,4,78.73
1986,8,5,75.44
1986,8,6,84.69
1986,8,7,89.30
1986,8,8,86.39
1986,8,9,82.30
1986,8,10,78.85
1986,8,11,75.81
1986,8,12,72.43
1986,8,13,68.72
1986,8,14,65.20
1986,8,15,61.30
1986,8,16,65.41
1986,8,17,73.46
1986,8,18,70.28
1986,8,19,67.42
1986,8,20,64.99
1986,8,21,62.34
1986,8,22,59.64
1986,8,23,57.50
1986,8,24,73.48
1986,8,25,78.67
1986,8,26,81.12
1986,8,27,79.85
1986,8,28,85.99
1986,8,29,83.08
1986,8,30,81.94
1986,8,31,89.01
1986,9,1,87.10
1986,9,2,83.89
1986,9,3,80.68
1986,9,4,77.88
1986,9,5,75.39
1986,9,6,73.41
1986,9,7,70.55
1986,9,8,67.61
1986,9,9,64.80
1986,9,10,61.87
1986,9,11,59.27
1986,9,12,58.14
1986,9,13,55.72
1986,9,14,53.23
1986,9,15,51.91
1986,9,16,65.63
1986,9,17,64.10
1986,9,18,62.39
1986,9,19,60.49
1986,9,20,58.40
1986,9,21,56.26
1986,9,22,60.92
1986,9,23,65.88
1986,9,24,63.96
1986,9,25,61.56
1986,9,26,59.17
1986,9,27,59.95
1986,9,28,60.60
1986,9,29,59.86
1986,9,30,58.49
1986,10,1,57.09
1986,10,2,55.45
1986,10,3,54.87
1986,10,4,56.68
1986,10,5,58.66
1986,10,6,56.70
1986,10,7,55.17
1986,10,8,53.01
1986,10,9,51.16
1986,10,10,49.26
1986,10,11,47.92
1986,10,12,46.17
1986,10,13,44.56
1986,10,14,43.26
1986,10,15,42.10
1986,10,16,40.36
1986,10,17,39.79
1986,10,18,39.10
1986,10,19,38.57
1986,10,20,39.04
1986,10,21,52.31
1986,10,22,69.36
1986,10,23,68.42
1986,10,24,67.57
1986,10,25,66.68
1986,10,26,65.99
1986,10,27,69.39
1986,10,28,73.23
1986,10,29,95.20
1986,10,30,95.20
1986,10,31,94.25
1986,11,1,93.03
1986,11,2,92.00
1986,11,3,90.96
1986,11,4,89.63
1986,11,5,90.97
1986,11,6,95.20
1986,11,7,94.20
1986,11,8,93.30
1986,11,9,92.15
1986,11,10,91.30
1986,11,11,90.61
1986,11,12,95.20
1986,11,13,95.20
1986,11,14,94.62
1986,11,15,95.20
1986,11,16,94.68
1986,11,17,95.20
1986,11,18,94.26
1986,11,19,93.41
1986,11,20,92.75
1986,11,21,92.27
1986,11,22,92.76
1986,11,23,92.31
1986,11,24,91.55
1986,11,25,90.70
1986,11,26,90.22
1986,11,27,95.20
1986,11,28,95.20
1986,11,29,94.56
1986,11,30,93.86
1986,12,1,92.96
1986,12,2,95.20
1986,12,3,95.20
1986,12,4,95.20
1986,12,5,95.04
1986,12,6,94.39
1986,12,7,95.20
1986,12,8,94.69
1986,12,9,94.24
1986,12,10,93.93
1986,12,11,93.57
1986,12,12,93.11
1986,12,13,92.55
1986,12,14,95.20
1986,12,15,94.72
1986,12,16,94.22
1986,12,17,93.77
1986,12,18,95.20
1986,12,19,95.20
1986,12,20,95.20
1986,12,21,94.68
1986,12,22,94.11
1986,12,23,93.74
1986,12,24,93.30
1986,12,25,95.20
1986,12,26,95.20
1986,12,27,94.70
1986,12,28,94.36
1986,12,29,94.11
1986,12,30,93.81
1986,12,31,93.38
1987,1,1,95.20
1987,1,2,95.20
1987,1,3,95.20
1987,1,4,94.76
1987,1,5,94.48
1987,1,6,94.10
1987,1,7,93.84
1987,1,8,93.64
1987,1,9,93.38
1987,1,10,92.99
1987,1,11,92.88
1987,1,12,92.51
1987,1,13,92.32
1987,1,14,92.16
1987,1,15,91.93
1987,1,16,91.48
1987,1,17,90.83
1987,1,18,90.20
1987,1,19,89.53
1987,1,20,88.92
1987,1,21,88.39
1987,1,22,95.20
1987,1,23,94.63
1987,1,24,94.09
1987,1,25,95.20
1987,1,26,94.66
1987,1,27,94.11
1987,1,28,93.44
1987,1,29,95.20
1987,1,30,94.74
1987,1,31,94.42
1987,2,1,95.20
1987,2,2,94.96
1987,2,3,94.66
1987,2,4,94.43
1987,2,5,94.15
1987,2,6,93.78
1987,2,7,93.27
1987,2,8,92.85
1987,2,9,95.20
1987,2,10,95.20
1987,2,11,95.20
1987,2,12,95.20
1987,2,13,95.20
1987,2,14,95.20
1987,2,15,95.20
1987,2,16,94.83
1987,2,17,94.32
1987,2,18,93.89
1987,2,19,93.57
1987,2,20,93.16
1987,2,21,92.70
1987,2,22,92.39
1987,2,23,91.89
1987,2,24,91.16
1987,2,25,95.20
1987,2,26,95.20
1987,2,27,95.20
1987,2,28,94.46
1987,3,1,93.86
1987,3,2,93.30
1987,3,3,92.62
1987,3,4,92.98
1987,3,5,95.20
1987,3,6,95.20
1987,3,7,94.50
1987,3,8,93.98
1987,3,9,93.46
1987,3,10,92.87
1987,3,11,92.44
1987,3,12,91.87
1987,3,13,91.34
1987,3,14,90.87
1987,3,15,90.34
1987,3,16,89.75
1987,3,17,89.16
1987,3,18,88.49
1987,3,19,87.73
1987,3,20,86.89
1987,3,21,95.20
1987,3,22,95.20
1987,3,23,95.20
1987,3,24,94.20
1987,3,25,95.20
1987,3,26,95.20
1987,3,27,94.36
1987,3,28,93.71
1987,3,29,93.06
1987,3,30,95.20
1987,3,31,94.05
1987,4,1,95.20
1987,4,2,95.20
1987,4,3,94.13
1987,4,4,95.20
1987,4,5,95.20
1987,4,6,95.20
1987,4,7,95.20
1987,4,8,95.20
1987,4,9,95.20
1987,4,10,93.60
1987,4,11,95.20
1987,4,12,93.49
1987,4,13,92.14
1987,4,14,90.85
1987,4,15,95.20
1987,4,16,93.03
1987,4,17,91.41
1987,4,18,90.46
1987,4,19,89.22
1987,4,20,86.89
1987,4,21,84.26
1987,4,22,82.54
1987,4,23,81.49
1987,4,24,80.01
1987,4,25,95.20
1987,4,26,95.20
1987,4,27,93.56
1987,4,28,93.51
1987,4,29,92.06
1987,4,30,90.72
1987,5,1,89.33
1987,5,2,87.94
1987,5,3,86.51
1987,5,4,85.10
1987,5,5,84.11
1987,5,6,82.92
1987,5,7,81.82
1987,5,8,80.51
1987,5,9,79.05
1987,5,10,77.48
1987,5,11,75.82
1987,5,12,80.39
1987,5,13,81.18
1987,5,14,78.33
1987,5,15,76.58
1987,5,16,75.09
1987,5,17,73.50
1987,5,18,73.94
1987,5,19,71.38
1987,5,20,71.27
1987,5,21,73.51
1987,5,22,70.54
1987,5,23,72.46
1987,5,24,68.83
1987,5,25,68.35
1987,5,26,72.08
1987,5,27,69.55
1987,5,28,65.89
1987,5,29,66.96
1987,5,30,69.72
1987,5,31,67.36
1987,6,1,64.84
1987,6,2,62.81
1987,6,3,83.44
1987,6,4,87.57
1987,6,5,85.87
1987,6,6,84.65
1987,6,7,87.62
1987,6,8,95.20
1987,6,9,95.20
1987,6,10,95.20
1987,6,11,92.55
1987,6,12,91.98
1987,6,13,89.37
1987,6,14,95.20
1987,6,15,92.61
1987,6,16,89.74
1987,6,17,86.18
1987,6,18,82.71
1987,6,19,80.13
1987,6,20,78.18
1987,6,21,74.15
1987,6,22,70.19
1987,6,23,78.59
1987,6,24,78.53
1987,6,25,74.24
1987,6,26,69.99
1987,6,27,65.79
1987,6,28,62.06
1987,6,29,58.16
1987,6,30,53.99
1987,7,1,50.01
1987,7,2,45.27
1987,7,3,42.45
1987,7,4,38.65
1987,7,5,36.14
1987,7,6,33.45
1987,7,7,30.85
1987,7,8,32.25
1987,7,9,34.86
1987,7,10,33.03
1987,7,11,30.59
1987,7,12,27.92
1987,7,13,28.05
1987,7,14,43.39
1987,7,15,39.91
1987,7,16,35.59
1987,7,17,32.29
1987,7,18,28.80
1987,7,19,26.30
1987,7,20,23.94
1987,7,21,32.46
1987,7,22,34.84
1987,7,23,31.81
1987,7,24,29.38
1987,7,25,26.62
1987,7,26,24.23
1987,7,27,21.21
1987,7,28,18.19
1987,7,29,16.48
1987,7,30,16.50
1987,7,31,41.25
1987,8,1,39.19
1987,8,2,36.59
1987,8,3,34.46
1987,8,4,34.10
1987,8,5,33.25
1987,8,6,30.54
1987,8,7,28.17
1987,8,8,25.87
1987,8,9,23.71
1987,8,10,29.66
1987,8,11,41.97
1987,8,12,39.16
1987,8,13,36.20
1987,8,14,34.95
1987,8,15,32.93
1987,8,16,33.44
1987,8,17,31.57
1987,8,18,28.90
1987,8,19,28.89
1987,8,20,28.00
1987,8,21,25.56
1987,8,22,23.17
1987,8,23,21.16
1987,8,24,23.98
1987,8,25,22.36
1987,8,26,20.82
1987,8,27,19.39
1987,8,28,18.55
1987,8,29,17.85
1987,8,30,18.64
1987,8,31,18.00
1987,9,1,16.94
1987,9,2,16.69
1987,9,3,15.66
1987,9,4,14.55
1987,9,5,13.09
1987,9,6,11.91
1987,9,7,11.23
1987,9,8,10.51
1987,9,9,9.62
1987,9,10,9.15
1987,9,11,9.47
1987,9,12,13.02
1987,9,13,15.48
1987,9,14,15.28
1987,9,15,15.70
1987,9,16,21.78
1987,9,17,25.88
1987,9,18,23.93
1987,9,19,22.65
1987,9,20,21.57
1987,9,21,20.34
1987,9,22,18.90
1987,9,23,17.37
1987,9,24,16.10
1987,9,25,15.54
1987,9,26,22.93
1987,9,27,26.73
1987,9,28,25.76
1987,9,29,24.66
1987,9,30,23.30
1987,10,1,22.36
1987,10,2,20.93
1987,10,3,19.76
1987,10,4,18.73
1987,10,5,18.05
1987,10,6,17.50
1987,10,7,16.80
1987,10,8,16.26
1987,10,9,15.56
1987,10,10,14.49
1987,10,11,13.69
1987,10,12,13.82
1987,10,13,13.35
1987,10,14,12.89
1987,10,15,12.38
1987,10,16,12.27
1987,10,17,29.29
1987,10,18,30.77
1987,10,19,30.48
1987,10,20,30.47
1987,10,21,30.10
1987,10,22,29.84
1987,10,23,29.38
1987,10,24,28.90
1987,10,25,47.94
1987,10,26,47.23
1987,10,27,46.64
1987,10,28,45.85
1987,10,29,44.77
1987,10,30,45.43
1987,10,31,52.58
1987,11,1,53.75
1987,11,2,53.15
1987,11,3,52.17
1987,11,4,50.34
1987,11,5,48.78
1987,11,6,47.54
1987,11,7,46.36
1987,11,8,46.14
1987,11,9,46.07
1987,11,10,45.62
1987,11,11,45.36
1987,11,12,44.82
1987,11,13,44.26
1987,11,14,65.30
1987,11,15,95.20
1987,11,16,94.53
1987,11,17,93.98
1987,11,18,93.67
1987,11,19,93.31
1987,11,20,92.87
1987,11,21,92.28
1987,11,22,91.61
1987,11,23,91.03
1987,11,24,90.44
1987,11,25,89.79
1987,11,26,89.14
1987,11,27,88.54
1987,11,28,94.06
1987,11,29,95.20
1987,11,30,95.20
1987,12,1,95.20
1987,12,2,94.46
1987,12,3,93.81
1987,12,4,95.20
1987,12,5,95.20
1987,12,6,95.20
1987,12,7,94.83
1987,12,8,94.20
1987,12,9,93.67
1987,12,10,95.20
1987,12,11,94.65
1987,12,12,94.23
1987,12,13,93.94
1987,12,14,93.71
1987,12,15,93.51
1987,12,16,93.19
1987,12,17,92.80
1987,12,18,92.43
1987,12,19,91.95
1987,12,20,91.47
1987,12,21,90.90
1987,12,22,90.52
1987,12,23,93.32
1987,12,24,92.69
1987,12,25,95.20
1987,12,26,94.89
1987,12,27,94.66
1987,12,28,94.38
1987,12,29,93.97
1987,12,30,93.56
1987,12,31,93.10
1988,1,1,92.81
1988,1,2,92.44
1988,1,3,92.06
1988,1,4,91.70
1988,1,5,91.25
1988,1,6,95.20
1988,1,7,95.20
1988,1,8,94.68
1988,1,9,94.21
1988,1,10,95.20
1988,1,11,94.66
1988,1,12,94.33
1988,1,13,94.04
1988,1,14,93.80
1988,1,15,93.48
1988,1,16,93.13
1988,1,17,92.74
1988,1,18,92.16
1988,1,19,93.23
1988,1,20,92.88
1988,1,21,92.70
1988,1,22,92.50
1988,1,23,92.38
1988,1,24,92.18
1988,1,25,91.80
1988,1,26,91.29
1988,1,27,90.94
1988,1,28,90.66
1988,1,29,90.49
1988,1,30,90.30
1988,1,31,89.95
1988,2,1,89.40
1988,2,2,89.57
1988,2,3,88.99
1988,2,4,88.69
1988,2,5,88.52
1988,2,6,88.30
1988,2,7,88.01
1988,2,8,87.54
1988,2,9,87.11
1988,2,10,86.52
1988,2,11,93.17
1988,2,12,92.69
1988,2,13,92.31
1988,2,14,91.95
1988,2,15,91.59
1988,2,16,91.01
1988,2,17,95.20
1988,2,18,95.20
1988,2,19,95.20
1988,2,20,95.20
1988,2,21,94.81
1988,2,22,94.53
1988,2,23,94.09
1988,2,24,93.56
1988,2,25,95.20
1988,2,26,95.20
1988,2,27,94.44
1988,2,28,93.83
1988,2,29,93.27
1988,3,1,92.58
1988,3,2,95.20
1988,3,3,95.20
1988,3,4,95.15
1988,3,5,94.32
1988,3,6,93.38
1988,3,7,92.55
1988,3,8,92.98
1988,3,9,91.53
1988,3,10,94.12
1988,3,11,94.05
1988,3,12,93.17
1988,3,13,93.83
1988,3,14,95.20
1988,3,15,94.61
1988,3,16,94.25
1988,3,17,93.83
1988,3,18,93.32
1988,3,19,95.20
1988,3,20,95.20
1988,3,21,95.20
1988,3,22,95.20
1988,3,23,95.20
1988,3,24,94.64
1988,3,25,95.20
1988,3,26,94.86
1988,3,27,93.90
1988,3,28,92.95
1988,3,29,95.20
1988,3,30,95.20
1988,3,31,95.20
1988,4,1,95.20
1988,4,2,95.20
1988,4,3,94.68
1988,4,4,94.17
1988,4,5,93.20
1988,4,6,92.13
1988,4,7,92.77
1988,4,8,91.82
1988,4,9,94.66
1988,4,10,93.87
1988,4,11,92.95
1988,4,12,94.18
1988,4,13,95.20
1988,4,14,93.53
1988,4,15,95.20
1988,4,16,95.20
1988,4,17,95.20
1988,4,18,93.84
1988,4,19,92.83
1988,4,20,91.76
1988,4,21,95.20
1988,4,22,95.20
1988,4,23,94.01
1988,4,24,92.85
1988,4,25,92.33
1988,4,26,91.25
1988,4,27,93.48
1988,4,28,95.20
1988,4,29,93.00
1988,4,30,90.17
1988,5,1,88.38
1988,5,2,87.94
1988,5,3,86.40
1988,5,4,84.62
1988,5,5,83.34
1988,5,6,80.39
1988,5,7,76.52
1988,5,8,73.21
1988,5,9,69.73
1988,5,10,67.96
1988,5,11,66.94
1988,5,12,73.40
1988,5,13,75.46
1988,5,14,74.10
1988,5,15,82.24
1988,5,16,93.87
1988,5,17,95.20
1988,5,18,94.09
1988,5,19,92.14
1988,5,20,92.03
1988,5,21,89.35
1988,5,22,86.73
1988,5,23,83.15
1988,5,24,80.22
1988,5,25,77.60
1988,5,26,75.26
1988,5,27,72.54
1988,5,28,71.59
1988,5,29,71.59
1988,5,30,71.85
1988,5,31,70.28
1988,6,1,66.37
1988,6,2,62.80
1988,6,3,62.63
1988,6,4,58.94
1988,6,5,56.82
1988,6,6,53.35
1988,6,7,54.18
1988,6,8,52.83
1988,6,9,50.15
1988,6,10,50.33
1988,6,11,53.34
1988,6,12,58.17
1988,6,13,57.29
1988,6,14,60.56
1988,6,15,69.16
1988,6,16,72.70
1988,6,17,78.56
1988,6,18,81.88
1988,6,19,79.11
1988,6,20,75.70
1988,6,21,74.40
1988,6,22,70.98
1988,6,23,67.13
1988,6,24,70.27
1988,6,25,77.73
1988,6,26,78.22
1988,6,27,76.95
1988,6,28,73.15
1988,6,29,70.49
1988,6,30,66.58
1988,7,1,63.08
1988,7,2,59.49
1988,7,3,55.53
1988,7,4,54.79
1988,7,5,53.80
1988,7,6,73.31
1988,7,7,95.20
1988,7,8,95.20
1988,7,9,92.27
1988,7,10,89.27
1988,7,11,86.37
1988,7,12,83.25
1988,7,13,79.76
1988,7,14,75.90
1988,7,15,72.89
1988,7,16,77.40
1988,7,17,78.42
1988,7,18,74.44
1988,7,19,70.31
1988,7,20,65.92
1988,7,21,65.72
1988,7,22,61.82
1988,7,23,58.35
1988,7,24,66.79
1988,7,25,66.61
1988,7,26,62.15
1988,7,27,57.71
1988,7,28,54.91
1988,7,29,58.32
1988,7,30,63.50
1988,7,31,60.82
1988,8,1,58.49
1988,8,2,61.22
1988,8,3,60.28
1988,8,4,56.40
1988,8,5,53.35
1988,8,6,49.28
1988,8,7,45.09
1988,8,8,40.78
1988,8,9,35.73
1988,8,10,31.94
1988,8,11,28.39
1988,8,12,25.08
1988,8,13,22.33
1988,8,14,19.92
1988,8,15,17.74
1988,8,16,15.72
1988,8,17,13.99
1988,8,18,13.36
1988,8,19,17.78
1988,8,20,21.34
1988,8,21,19.86
1988,8,22,19.07
1988,8,23,16.82
1988,8,24,14.48
1988,8,25,12.95
1988,8,26,11.50
1988,8,27,10.07
1988,8,28,8.97
1988,8,29,8.11
1988,8,30,6.71
1988,8,31,7.99
1988,9,1,7.25
1988,9,2,6.65
1988,9,3,7.01
1988,9,4,6.23
1988,9,5,5.42
1988,9,6,4.71
1988,9,7,4.06
1988,9,8,3.50
1988,9,9,2.96
1988,9,10,2.54
1988,9,11,9.51
1988,9,12,10.95
1988,9,13,9.42
1988,9,14,8.20
1988,9,15,10.94
1988,9,16,10.59
1988,9,17,13.15
1988,9,18,12.46
1988,9,19,11.87
1988,9,20,11.14
1988,9,21,10.55
1988,9,22,21.52
1988,9,23,42.40
1988,9,24,44.88
1988,9,25,43.52
1988,9,26,56.11
1988,9,27,64.71
1988,9,28,62.70
1988,9,29,60.74
1988,9,30,58.62
1988,10,1,57.07
1988,10,2,58.91
1988,10,3,74.42
1988,10,4,76.53
1988,10,5,74.78
1988,10,6,73.37
1988,10,7,71.84
1988,10,8,72.96
1988,10,9,74.87
1988,10,10,90.80
1988,10,11,95.20
1988,10,12,93.89
1988,10,13,92.67
1988,10,14,91.64
1988,10,15,90.20
1988,10,16,89.37
1988,10,17,88.65
1988,10,18,87.63
1988,10,19,86.78
1988,10,20,95.20
1988,10,21,95.20
1988,10,22,95.20
1988,10,23,95.20
1988,10,24,93.94
1988,10,25,95.20
1988,10,26,95.20
1988,10,27,93.74
1988,10,28,92.35
1988,10,29,91.23
1988,10,30,89.39
1988,10,31,87.83
1988,11,1,88.95
1988,11,2,88.33
1988,11,3,89.78
1988,11,4,95.20
1988,11,5,95.20
1988,11,6,94.50
1988,11,7,94.03
1988,11,8,93.25
1988,11,9,92.35
1988,11,10,91.19
1988,11,11,90.13
1988,11,12,88.92
1988,11,13,87.74
1988,11,14,86.56
1988,11,15,85.82
1988,11,16,91.35
1988,11,17,95.20
1988,11,18,95.20
1988,11,19,94.38
1988,11,20,93.84
1988,11,21,93.33
1988,11,22,92.88
1988,11,23,92.40
1988,11,24,92.01
1988,11,25,91.31
1988,11,26,90.60
1988,11,27,89.93
1988,11,28,89.09
1988,11,29,88.46
1988,11,30,88.04
1988,12,1,87.48
1988,12,2,87.07
1988,12,3,86.62
1988,12,4,95.20
1988,12,5,95.20
1988,12,6,94.73
1988,12,7,93.56
1988,12,8,94.77
1988,12,9,95.20
1988,12,10,95.20
1988,12,11,95.20
1988,12,12,95.20
1988,12,13,95.20
1988,12,14,95.20
1988,12,15,95.20
1988,12,16,95.20
1988,12,17,94.64
1988,12,18,94.23
1988,12,19,95.20
1988,12,20,95.20
1988,12,21,94.71
1988,12,22,94.36
1988,12,23,94.01
1988,12,24,93.54
1988,12,25,92.92
1988,12,26,95.20
1988,12,27,94.96
1988,12,28,94.80
1988,12,29,94.44
1988,12,30,94.23
1988,12,31,94.01
1989,1,1,93.62
1989,1,2,93.23
1989,1,3,92.94
1989,1,4,92.46
1989,1,5,95.20
1989,1,6,94.64
1989,1,7,94.13
1989,1,8,93.75
1989,1,9,93.49
1989,1,10,93.29
1989,1,11,93.11
1989,1,12,92.89
1989,1,13,92.69
1989,1,14,92.43
1989,1,15,91.88
1989,1,16,91.44
1989,1,17,93.99
1989,1,18,95.20
1989,1,19,94.62
1989,1,20,95.20
1989,1,21,95.20
1989,1,22,95.20
1989,1,23,95.20
1989,1,24,94.80
1989,1,25,94.43
1989,1,26,95.20
1989,1,27,95.20
1989,1,28,94.74
1989,1,29,94.18
1989,1,30,93.70
1989,1,31,93.09
1989,2,1,92.54
1989,2,2,92.00
1989,2,3,91.56
1989,2,4,91.04
1989,2,5,90.38
1989,2,6,89.76
1989,2,7,89.19
1989,2,8,88.77
1989,2,9,88.34
1989,2,10,87.93
1989,2,11,87.34
1989,2,12,95.20
1989,2,13,95.20
1989,2,14,94.42
1989,2,15,93.89
1989,2,16,93.25
1989,2,17,92.74
1989,2,18,92.20
1989,2,19,91.60
1989,2,20,91.00
1989,2,21,90.37
1989,2,22,95.20
1989,2,23,94.56
1989,2,24,95.20
1989,2,25,95.20
1989,2,26,94.87
1989,2,27,94.31
1989,2,28,93.74
1989,3,1,94.04
1989,3,2,95.20
1989,3,3,94.41
1989,3,4,95.20
1989,3,5,94.23
1989,3,6,93.54
1989,3,7,92.81
1989,3,8,95.20
1989,3,9,95.20
1989,3,10,95.20
1989,3,11,94.58
1989,3,12,93.79
1989,3,13,93.05
1989,3,14,92.38
1989,3,15,91.75
1989,3,16,95.20
1989,3,17,94.26
1989,3,18,93.56
1989,3,19,92.67
1989,3,20,95.20
1989,3,21,93.99
1989,3,22,92.98
1989,3,23,95.20
1989,3,24,95.20
1989,3,25,94.35
1989,3,26,93.31
1989,3,27,92.28
1989,3,28,91.60
1989,3,29,90.69
1989,3,30,89.91
1989,3,31,91.35
1989,4,1,90.22
1989,4,2,95.20
1989,4,3,95.20
1989,4,4,94.37
1989,4,5,93.40
1989,4,6,92.49
1989,4,7,91.56
1989,4,8,95.20
1989,4,9,95.20
1989,4,10,93.74
1989,4,11,95.20
1989,4,12,95.20
1989,4,13,95.20
1989,4,14,93.93
1989,4,15,92.47
1989,4,16,90.76
1989,4,17,95.20
1989,4,18,95.20
1989,4,19,95.06
1989,4,20,93.28
1989,4,21,91.05
1989,4,22,88.54
1989,4,23,85.90
1989,4,24,83.14
1989,4,25,81.23
1989,4,26,79.78
1989,4,27,78.50
1989,4,28,95.20
1989,4,29,95.20
1989,4,30,92.37
1989,5,1,90.58
1989,5,2,88.92
1989,5,3,94.55
1989,5,4,94.09
1989,5,5,92.17
1989,5,6,90.16
1989,5,7,89.61
1989,5,8,95.10
1989,5,9,95.20
1989,5,10,94.01
1989,5,11,94.83
1989,5,12,95.20
1989,5,13,94.42
1989,5,14,93.07
1989,5,15,91.85
1989,5,16,88.34
1989,5,17,85.63
1989,5,18,83.00
1989,5,19,80.33
1989,5,20,79.75
1989,5,21,77.10
1989,5,22,82.17
1989,5,23,80.79
1989,5,24,78.38
1989,5,25,76.15
1989,5,26,80.42
1989,5,27,83.46
1989,5,28,81.96
1989,5,29,78.81
1989,5,30,76.03
1989,5,31,79.10
1989,6,1,95.20
1989,6,2,91.91
1989,6,3,88.78
1989,6,4,89.77
1989,6,5,91.69
1989,6,6,88.86
1989,6,7,94.69
1989,6,8,95.20
1989,6,9,95.20
1989,6,10,93.10
1989,6,11,92.61
1989,6,12,91.63
1989,6,13,88.90
1989,6,14,85.75
1989,6,15,95.20
1989,6,16,95.20
1989,6,17,95.20
1989,6,18,95.20
1989,6,19,95.20
1989,6,20,95.04
1989,6,21,91.46
1989,6,22,89.85
1989,6,23,87.29
1989,6,24,84.14
1989,6,25,81.67
1989,6,26,78.80
1989,6,27,75.62
1989,6,28,72.73
1989,6,29,69.78
1989,6,30,65.33
1989,7,1,67.53
1989,7,2,63.87
1989,7,3,60.85
1989,7,4,57.63
1989,7,5,54.61
1989,7,6,51.59
1989,7,7,48.26
1989,7,8,45.25
1989,7,9,42.38
1989,7,10,38.67
1989,7,11,34.66
1989,7,12,37.77
1989,7,13,36.57
1989,7,14,33.82
1989,7,15,31.61
1989,7,16,28.94
1989,7,17,26.47
1989,7,18,25.76
1989,7,19,24.01
1989,7,20,21.84
1989,7,21,20.18
1989,7,22,17.83
1989,7,23,29.55
1989,7,24,27.35
1989,7,25,26.41
1989,7,26,23.76
1989,7,27,20.93
1989,7,28,22.39
1989,7,29,19.75
1989,7,30,17.39
1989,7,31,16.02
1989,8,1,17.17
1989,8,2,34.79
1989,8,3,37.94
1989,8,4,34.39
1989,8,5,30.97
1989,8,6,27.85
1989,8,7,27.62
1989,8,8,27.17
1989,8,9,23.95
1989,8,10,22.31
1989,8,11,19.90
1989,8,12,16.29
1989,8,13,14.20
1989,8,14,13.16
1989,8,15,12.43
1989,8,16,11.32
1989,8,17,10.14
1989,8,18,8.89
1989,8,19,7.32
1989,8,20,6.69
1989,8,21,5.75
1989,8,22,4.98
1989,8,23,4.36
1989,8,24,3.87
1989,8,25,3.46
1989,8,26,4.61
1989,8,27,4.14
1989,8,28,7.36
1989,8,29,15.65
1989,8,30,14.36
1989,8,31,13.24
1989,9,1,12.46
1989,9,2,11.52
1989,9,3,10.52
1989,9,4,9.38
1989,9,5,8.23
1989,9,6,7.13
1989,9,7,6.39
1989,9,8,6.20
1989,9,9,8.58
1989,9,10,7.95
1989,9,11,24.92
1989,9,12,27.90
1989,9,13,26.95
1989,9,14,25.95
1989,9,15,24.50
1989,9,16,53.35
1989,9,17,95.20
1989,9,18,95.20
1989,9,19,93.76
1989,9,20,92.28
1989,9,21,90.49
1989,9,22,88.69
1989,9,23,86.63
1989,9,24,84.61
1989,9,25,83.45
1989,9,26,83.15
1989,9,27,81.01
1989,9,28,79.14
1989,9,29,77.31
1989,9,30,75.65
1989,10,1,73.75
1989,10,2,71.80
1989,10,3,77.97
1989,10,4,90.09
1989,10,5,88.86
1989,10,6,90.64
1989,10,7,93.58
1989,10,8,91.63
1989,10,9,95.20
1989,10,10,95.20
1989,10,11,94.10
1989,10,12,93.24
1989,10,13,92.30
1989,10,14,91.18
1989,10,15,95.20
1989,10,16,95.20
1989,10,17,93.97
1989,10,18,92.94
1989,10,19,93.55
1989,10,20,93.12
1989,10,21,95.20
1989,10,22,95.20
1989,10,23,95.20
1989,10,24,93.68
1989,10,25,92.18
1989,10,26,94.08
1989,10,27,95.20
1989,10,28,95.20
1989,10,29,94.58
1989,10,30,94.96
1989,10,31,94.19
1989,11,1,93.30
1989,11,2,92.42
1989,11,3,91.72
1989,11,4,90.82
1989,11,5,89.46
1989,11,6,88.13
1989,11,7,86.79
1989,11,8,85.83
1989,11,9,84.56
1989,11,10,83.60
1989,11,11,82.27
1989,11,12,81.06
1989,11,13,79.76
1989,11,14,78.77
1989,11,15,80.63
1989,11,16,84.15
1989,11,17,83.49
1989,11,18,82.97
1989,11,19,82.44
1989,11,20,81.92
1989,11,21,81.42
1989,11,22,80.97
1989,11,23,92.79
1989,11,24,95.20
1989,11,25,95.20
1989,11,26,94.44
1989,11,27,95.13
1989,11,28,95.20
1989,11,29,94.36
1989,11,30,95.20
1989,12,1,95.20
1989,12,2,95.20
1989,12,3,94.87
1989,12,4,94.11
1989,12,5,93.31
1989,12,6,92.69
1989,12,7,92.33
1989,12,8,91.97
1989,12,9,91.50
1989,12,10,91.16
1989,12,11,90.86
1989,12,12,90.44
1989,12,13,90.04
1989,12,14,89.52
1989,12,15,88.98
1989,12,16,88.55
1989,12,17,88.25
1989,12,18,87.93
1989,12,19,87.35
1989,12,20,87.06
1989,12,21,86.84
1989,12,22,86.54
1989,12,23,86.24
1989,12,24,85.76
1989,12,25,93.81
1989,12,26,93.18
1989,12,27,95.20
1989,12,28,95.20
1989,12,29,95.20
1989,12,30,95.20
1989,12,31,95.20
1990,1,1,95.20
1990,1,2,94.78
1990,1,3,94.47
1990,1,4,94.19
1990,1,5,93.76
1990,1,6,93.23
1990,1,7,92.69
1990,1,8,92.36
1990,1,9,92.17
1990,1,10,92.00
1990,1,11,91.65
1990,1,12,95.20
1990,1,13,95.20
1990,1,14,94.83
1990,1,15,94.49
1990,1,16,94.20
1990,1,17,93.87
1990,1,18,93.33
1990,1,19,92.74
1990,1,20,92.20
1990,1,21,91.81
1990,1,22,91.35
1990,1,23,90.87
1990,1,24,90.38
1990,1,25,89.99
1990,1,26,89.45
1990,1,27,88.89
1990,1,28,88.55
1990,1,29,88.28
1990,1,30,88.05
1990,1,31,87.65
1990,2,1,87.19
1990,2,2,86.58
1990,2,3,86.07
1990,2,4,85.80
1990,2,5,85.56
1990,2,6,85.19
1990,2,7,84.84
1990,2,8,84.37
1990,2,9,83.90
1990,2,10,83.40
1990,2,11,82.72
1990,2,12,83.18
1990,2,13,82.57
1990,2,14,81.92
1990,2,15,87.52
1990,2,16,86.79
1990,2,17,90.79
1990,2,18,90.16
1990,2,19,89.73
1990,2,20,89.34
1990,2,21,88.78
1990,2,22,88.30
1990,2,23,88.00
1990,2,24,87.72
1990,2,25,87.32
1990,2,26,86.90
1990,2,27,86.26
1990,2,28,85.66
1990,3,1,85.31
1990,3,2,84.79
1990,3,3,84.12
1990,3,4,91.22
1990,3,5,95.20
1990,3,6,95.20
1990,3,7,95.20
1990,3,8,94.53
1990,3,9,93.98
1990,3,10,93.55
1990,3,11,92.95
1990,3,12,92.33
1990,3,13,91.88
1990,3,14,91.54
1990,3,15,91.02
1990,3,16,95.20
1990,3,17,95.20
1990,3,18,94.83
1990,3,19,94.27
1990,3,20,93.68
1990,3,21,95.20
1990,3,22,95.20
1990,3,23,95.20
1990,3,24,94.15
1990,3,25,93.14
1990,3,26,91.85
1990,3,27,91.75
1990,3,28,95.20
1990,3,29,95.20
1990,3,30,94.15
1990,3,31,94.68
1990,4,1,93.66
1990,4,2,93.28
1990,4,3,92.23
1990,4,4,91.12
1990,4,5,89.30
1990,4,6,95.20
1990,4,7,95.20
1990,4,8,95.20
1990,4,9,95.20
1990,4,10,95.20
1990,4,11,95.20
1990,4,12,94.68
1990,4,13,95.09
1990,4,14,95.20
1990,4,15,95.20
1990,4,16,94.71
1990,4,17,95.20
1990,4,18,95.20
1990,4,19,93.52
1990,4,20,93.57
1990,4,21,95.20
1990,4,22,95.20
1990,4,23,93.14
1990,4,24,95.20
1990,4,25,95.20
1990,4,26,95.20
1990,4,27,94.28
1990,4,28,92.45
1990,4,29,90.93
1990,4,30,89.52
1990,5,1,88.71
1990,5,2,86.94
1990,5,3,85.16
1990,5,4,83.58
1990,5,5,82.10
1990,5,6,80.46
1990,5,7,78.64
1990,5,8,76.76
1990,5,9,74.79
1990,5,10,75.78
1990,5,11,75.90
1990,5,12,76.69
1990,5,13,75.43
1990,5,14,73.91
1990,5,15,71.34
1990,5,16,69.49
1990,5,17,68.58
1990,5,18,68.14
1990,5,19,66.49
1990,5,20,65.78
1990,5,21,63.84
1990,5,22,67.11
1990,5,23,76.21
1990,5,24,77.48
1990,5,25,75.55
1990,5,26,74.67
1990,5,27,71.49
1990,5,28,69.11
1990,5,29,65.84
1990,5,30,62.32
1990,5,31,58.45
1990,6,1,55.62
1990,6,2,56.02
1990,6,3,55.10
1990,6,4,52.23
1990,6,5,49.15
1990,6,6,46.55
1990,6,7,57.81
1990,6,8,81.18
1990,6,9,95.20
1990,6,10,93.62
1990,6,11,92.19
1990,6,12,95.20
1990,6,13,94.23
1990,6,14,92.48
1990,6,15,90.05
1990,6,16,88.56
1990,6,17,84.68
1990,6,18,81.92
1990,6,19,79.83
1990,6,20,75.84
1990,6,21,71.78
1990,6,22,67.11
1990,6,23,63.12
1990,6,24,59.97
1990,6,25,56.38
1990,6,26,53.37
1990,6,27,49.87
1990,6,28,46.39
1990,6,29,43.50
1990,6,30,47.24
1990,7,1,46.32
1990,7,2,43.46
1990,7,3,41.13
1990,7,4,38.50
1990,7,5,35.84
1990,7,6,38.70
1990,7,7,35.72
1990,7,8,34.02
1990,7,9,31.06
1990,7,10,26.89
1990,7,11,24.00
1990,7,12,21.90
1990,7,13,18.50
1990,7,14,15.34
1990,7,15,13.68
1990,7,16,12.44
1990,7,17,9.99
1990,7,18,8.47
1990,7,19,7.29
1990,7,20,6.57
1990,7,21,8.04
1990,7,22,7.00
1990,7,23,6.13
1990,7,24,5.30
1990,7,25,4.43
1990,7,26,3.59
1990,7,27,3.29
1990,7,28,3.21
1990,7,29,2.60
1990,7,30,1.96
1990,7,31,1.48
1990,8,1,1.11
1990,8,2,0.84
1990,8,3,0.68
1990,8,4,0.61
1990,8,5,8.67
1990,8,6,9.00
1990,8,7,7.95
1990,8,8,7.17
1990,8,9,6.41
1990,8,10,5.63
1990,8,11,4.72
1990,8,12,15.92
1990,8,13,20.60
1990,8,14,21.18
1990,8,15,20.13
1990,8,16,18.91
1990,8,17,17.40
1990,8,18,15.63
1990,8,19,14.53
1990,8,20,12.92
1990,8,21,11.40
1990,8,22,9.78
1990,8,23,8.40
1990,8,24,7.19
1990,8,25,6.35
1990,8,26,6.12
1990,8,27,5.28
1990,8,28,4.62
1990,8,29,3.94
1990,8,30,3.35
1990,8,31,2.91
1990,9,1,2.46
1990,9,2,2.02
1990,9,3,1.66
1990,9,4,1.35
1990,9,5,6.52
1990,9,6,9.76
1990,9,7,8.69
1990,9,8,7.61
1990,9,9,6.71
1990,9,10,5.98
1990,9,11,5.54
1990,9,12,6.75
1990,9,13,23.50
1990,9,14,45.23
1990,9,15,42.88
1990,9,16,42.81
1990,9,17,40.81
1990,9,18,38.67
1990,9,19,40.82
1990,9,20,39.17
1990,9,21,37.93
1990,9,22,36.46
1990,9,23,34.57
1990,9,24,32.71
1990,9,25,34.87
1990,9,26,34.35
1990,9,27,33.22
1990,9,28,34.46
1990,9,29,33.03
1990,9,30,31.71
1990,10,1,30.32
1990,10,2,28.63
1990,10,3,31.98
1990,10,4,32.69
1990,10,5,33.42
1990,10,6,33.52
1990,10,7,38.66
1990,10,8,53.73
1990,10,9,73.01
1990,10,10,72.99
1990,10,11,71.30
1990,10,12,69.73
1990,10,13,68.23
1990,10,14,67.66
1990,10,15,66.76
1990,10,16,65.91
1990,10,17,65.00
1990,10,18,64.14
1990,10,19,64.27
1990,10,20,79.36
1990,10,21,78.16
1990,10,22,77.29
1990,10,23,76.49
1990,10,24,75.53
1990,10,25,77.94
1990,10,26,95.20
1990,10,27,95.20
1990,10,28,95.20
1990,10,29,94.60
1990,10,30,93.46
1990,10,31,92.66
1990,11,1,91.51
1990,11,2,90.48
1990,11,3,89.40
1990,11,4,88.99
1990,11,5,92.54
1990,11,6,91.70
1990,11,7,90.74
1990,11,8,94.78
1990,11,9,95.20
1990,11,10,95.20
1990,11,11,94.10
1990,11,12,92.86
1990,11,13,91.72
1990,11,14,90.84
1990,11,15,90.03
1990,11,16,89.33
1990,11,17,88.68
1990,11,18,90.55
1990,11,19,89.61
1990,11,20,95.20
1990,11,21,94.62
1990,11,22,94.31
1990,11,23,95.20
1990,11,24,94.78
1990,11,25,94.29
1990,11,26,95.20
1990,11,27,94.53
1990,11,28,94.12
1990,11,29,93.65
1990,11,30,93.20
1990,12,1,95.20
1990,12,2,95.20
1990,12,3,95.20
1990,12,4,94.21
1990,12,5,93.88
1990,12,6,93.21
1990,12,7,92.69
1990,12,8,92.90
1990,12,9,92.95
1990,12,10,93.20
1990,12,11,93.26
1990,12,12,92.72
1990,12,13,92.22
1990,12,14,95.20
1990,12,15,95.20
1990,12,16,94.64
1990,12,17,94.19
1990,12,18,93.83
1990,12,19,93.56
1990,12,20,93.29
1990,12,21,95.20
1990,12,22,94.86
1990,12,23,94.62
1990,12,24,94.41
1990,12,25,94.13
1990,12,26,93.83
1990,12,27,93.53
1990,12,28,93.16
1990,12,29,92.86
1990,12,30,92.51
1990,12,31,92.12
1991,1,1,91.55
1991,1,2,91.01
1991,1,3,90.50
1991,1,4,90.21
1991,1,5,89.87
1991,1,6,89.60
1991,1,7,89.28
1991,1,8,88.80
1991,1,9,88.49
1991,1,10,87.87
1991,1,11,87.36
1991,1,12,87.06
1991,1,13,86.71
1991,1,14,86.43
1991,1,15,86.32
1991,1,16,86.06
1991,1,17,95.20
1991,1,18,95.20
1991,1,19,95.20
1991,1,20,94.82
1991,1,21,94.49
1991,1,22,94.06
1991,1,23,93.40
1991,1,24,95.20
1991,1,25,95.20
1991,1,26,95.20
1991,1,27,95.20
1991,1,28,95.20
1991,1,29,94.37
1991,1,30,93.83
1991,1,31,95.20
1991,2,1,95.20
1991,2,2,94.77
1991,2,3,94.33
1991,2,4,93.99
1991,2,5,93.61
1991,2,6,93.45
1991,2,7,93.26
1991,2,8,93.06
1991,2,9,92.69
1991,2,10,92.12
1991,2,11,91.67
1991,2,12,91.26
1991,2,13,90.84
1991,2,14,90.28
1991,2,15,95.20
1991,2,16,95.20
1991,2,17,94.72
1991,2,18,94.26
1991,2,19,93.71
1991,2,20,93.19
1991,2,21,92.54
1991,2,22,95.20
1991,2,23,95.20
1991,2,24,94.56
1991,2,25,95.20
1991,2,26,94.74
1991,2,27,94.35
1991,2,28,93.89
1991,3,1,95.20
1991,3,2,95.20
1991,3,3,94.39
1991,3,4,94.89
1991,3,5,95.20
1991,3,6,95.20
1991,3,7,94.33
1991,3,8,93.41
1991,3,9,92.68
1991,3,10,93.00
1991,3,11,93.36
1991,3,12,93.50
1991,3,13,92.76
1991,3,14,92.13
1991,3,15,95.20
1991,3,16,95.20
1991,3,17,95.20
1991,3,18,95.20
1991,3,19,94.22
1991,3,20,95.20
1991,3,21,95.20
1991,3,22,94.20
1991,3,23,93.14
1991,3,24,92.25
1991,3,25,91.51
1991,3,26,90.53
1991,3,27,89.88
1991,3,28,88.73
1991,3,29,90.91
1991,3,30,90.03
1991,3,31,89.47
1991,4,1,88.53
1991,4,2,87.69
1991,4,3,86.44
1991,4,4,95.20
1991,4,5,93.72
1991,4,6,92.78
1991,4,7,95.20
1991,4,8,94.57
1991,4,9,93.86
1991,4,10,93.25
1991,4,11,92.78
1991,4,12,91.29
1991,4,13,90.23
1991,4,14,89.56
1991,4,15,88.11
1991,4,16,86.85
1991,4,17,85.40
1991,4,18,83.98
1991,4,19,82.68
1991,4,20,83.02
1991,4,21,81.18
1991,4,22,79.66
1991,4,23,78.01
1991,4,24,75.60
1991,4,25,72.98
1991,4,26,71.49
1991,4,27,69.11
1991,4,28,68.20
1991,4,29,72.32
1991,4,30,72.12
1991,5,1,71.71
1991,5,2,75.70
1991,5,3,76.14
1991,5,4,75.69
1991,5,5,74.94
1991,5,6,73.73
1991,5,7,72.48
1991,5,8,71.68
1991,5,9,70.77
1991,5,10,70.12
1991,5,11,68.57
1991,5,12,72.24
1991,5,13,86.25
1991,5,14,88.15
1991,5,15,85.57
1991,5,16,82.03
1991,5,17,77.64
1991,5,18,79.16
1991,5,19,92.96
1991,5,20,90.59
1991,5,21,88.31
1991,5,22,86.48
1991,5,23,84.05
1991,5,24,81.27
1991,5,25,79.04
1991,5,26,75.47
1991,5,27,73.02
1991,5,28,79.99
1991,5,29,78.84
1991,5,30,76.24
1991,5,31,81.61
1991,6,1,92.22
1991,6,2,95.20
1991,6,3,95.20
1991,6,4,95.20
1991,6,5,92.94
1991,6,6,90.57
1991,6,7,87.30
1991,6,8,83.77
1991,6,9,80.43
1991,6,10,77.52
1991,6,11,78.01
1991,6,12,80.17
1991,6,13,79.45
1991,6,14,77.64
1991,6,15,75.50
1991,6,16,80.08
1991,6,17,92.68
1991,6,18,94.95
1991,6,19,91.37
1991,6,20,87.48
1991,6,21,83.68
1991,6,22,81.43
1991,6,23,81.12
1991,6,24,78.29
1991,6,25,72.31
1991,6,26,66.49
1991,6,27,62.72
1991,6,28,62.90
1991,6,29,64.01
1991,6,30,61.82
1991,7,1,62.54
1991,7,2,58.64
1991,7,3,57.44
1991,7,4,56.60
1991,7,5,52.45
1991,7,6,48.47
1991,7,7,46.22
1991,7,8,42.70
1991,7,9,39.54
1991,7,10,41.39
1991,7,11,36.95
1991,7,12,35.57
1991,7,13,32.38
1991,7,14,29.31
1991,7,15,26.91
1991,7,16,24.73
1991,7,17,22.26
1991,7,18,18.87
1991,7,19,16.08
1991,7,20,13.75
1991,7,21,11.84
1991,7,22,9.92
1991,7,23,9.69
1991,7,24,8.42
1991,7,25,6.88
1991,7,26,5.63
1991,7,27,4.58
1991,7,28,3.68
1991,7,29,2.99
1991,7,30,2.43
1991,7,31,3.20
1991,8,1,2.43
1991,8,2,1.84
1991,8,3,1.44
1991,8,4,1.14
1991,8,5,0.90
1991,8,6,0.70
1991,8,7,0.61
1991,8,8,0.53
1991,8,9,0.41
1991,8,10,0.30
1991,8,11,0.24
1991,8,12,0.20
1991,8,13,0.17
1991,8,14,0.14
1991,8,15,0.11
1991,8,16,7.15
1991,8,17,6.62
1991,8,18,5.50
1991,8,19,4.48
1991,8,20,11.73
1991,8,21,9.94
1991,8,22,8.76
1991,8,23,8.03
1991,8,24,8.77
1991,8,25,7.55
1991,8,26,6.57
1991,8,27,5.60
1991,8,28,7.70
1991,8,29,7.64
1991,8,30,6.67
1991,8,31,5.83
1991,9,1,5.13
1991,9,2,12.52
1991,9,3,14.08
1991,9,4,12.25
1991,9,5,10.56
1991,9,6,8.93
1991,9,7,8.09
1991,9,8,7.35
1991,9,9,6.45
1991,9,10,5.58
1991,9,11,4.97
1991,9,12,7.52
1991,9,13,7.43
1991,9,14,15.87
1991,9,15,30.63
1991,9,16,33.44
1991,9,17,32.23
1991,9,18,37.95
1991,9,19,46.45
1991,9,20,45.44
1991,9,21,43.96
1991,9,22,43.32
1991,9,23,48.79
1991,9,24,50.07
1991,9,25,48.47
1991,9,26,47.50
1991,9,27,45.85
1991,9,28,43.83
1991,9,29,41.80
1991,9,30,39.43
1991,10,1,38.18
1991,10,2,36.23
1991,10,3,35.43
1991,10,4,34.54
1991,10,5,33.69
1991,10,6,32.82
1991,10,7,31.63
1991,10,8,30.28
1991,10,9,28.61
1991,10,10,27.14
1991,10,11,25.75
1991,10,12,24.72
1991,10,13,23.66
1991,10,14,22.82
1991,10,15,21.64
1991,10,16,20.38
1991,10,17,19.21
1991,10,18,18.10
1991,10,19,17.01
1991,10,20,16.37
1991,10,21,18.20
1991,10,22,17.61
1991,10,23,16.90
1991,10,24,16.02
1991,10,25,15.66
1991,10,26,14.93
1991,10,27,23.55
1991,10,28,23.09
1991,10,29,22.71
1991,10,30,22.21
1991,10,31,25.89
1991,11,1,25.20
1991,11,2,25.08
1991,11,3,29.09
1991,11,4,41.51
1991,11,5,43.32
1991,11,6,42.13
1991,11,7,44.07
1991,11,8,46.67
1991,11,9,46.20
1991,11,10,45.52
1991,11,11,45.22
1991,11,12,46.90
1991,11,13,45.90
1991,11,14,45.07
1991,11,15,44.38
1991,11,16,43.67
1991,11,17,42.70
1991,11,18,41.30
1991,11,19,40.08
1991,11,20,42.94
1991,11,21,43.18
1991,11,22,42.97
1991,11,23,42.37
1991,11,24,41.97
1991,11,25,75.17
1991,11,26,74.68
1991,11,27,74.22
1991,11,28,73.60
1991,11,29,81.00
1991,11,30,80.28
1991,12,1,79.55
1991,12,2,78.86
1991,12,3,78.10
1991,12,4,77.41
1991,12,5,76.76
1991,12,6,75.91
1991,12,7,74.87
1991,12,8,74.20
1991,12,9,73.63
1991,12,10,73.04
1991,12,11,72.38
1991,12,12,71.38
1991,12,13,95.20
1991,12,14,95.20
1991,12,15,95.20
1991,12,16,95.20
1991,12,17,95.20
1991,12,18,94.58
1991,12,19,95.20
1991,12,20,94.87
1991,12,21,94.21
1991,12,22,93.71
1991,12,23,95.20
1991,12,24,95.20
1991,12,25,94.40
1991,12,26,93.78
1991,12,27,95.20
1991,12,28,95.20
1991,12,29,94.60
1991,12,30,94.10
1991,12,31,95.20
1992,1,1,95.20
1992,1,2,94.64
1992,1,3,94.33
1992,1,4,93.95
1992,1,5,93.53
1992,1,6,93.00
1992,1,7,92.49
1992,1,8,92.28
1992,1,9,91.71
1992,1,10,93.94
1992,1,11,93.49
1992,1,12,92.96
1992,1,13,92.62
1992,1,14,92.27
1992,1,15,91.93
1992,1,16,91.67
1992,1,17,91.50
1992,1,18,91.28
1992,1,19,91.05
1992,1,20,90.78
1992,1,21,90.46
1992,1,22,89.94
1992,1,23,90.82
1992,1,24,90.56
1992,1,25,90.42
1992,1,26,90.28
1992,1,27,90.05
1992,1,28,89.61
1992,1,29,89.30
1992,1,30,89.13
1992,1,31,88.82
1992,2,1,88.45
1992,2,2,88.31
1992,2,3,88.14
1992,2,4,88.02
1992,2,5,87.75
1992,2,6,87.35
1992,2,7,86.94
1992,2,8,86.72
1992,2,9,86.57
1992,2,10,86.25
1992,2,11,85.84
1992,2,12,85.33
1992,2,13,84.70
1992,2,14,84.16
1992,2,15,83.56
1992,2,16,89.97
1992,2,17,89.78
1992,2,18,95.20
1992,2,19,94.68
1992,2,20,94.16
1992,2,21,93.39
1992,2,22,95.20
1992,2,23,94.61
1992,2,24,94.09
1992,2,25,93.49
1992,2,26,95.20
1992,2,27,94.97
1992,2,28,94.38
1992,2,29,93.99
1992,3,1,93.64
1992,3,2,93.29
1992,3,3,92.75
1992,3,4,92.06
1992,3,5,91.30
1992,3,6,90.60
1992,3,7,89.99
1992,3,8,89.51
1992,3,9,88.95
1992,3,10,88.28
1992,3,11,94.56
1992,3,12,93.89
1992,3,13,93.27
1992,3,14,92.68
1992,3,15,95.20
1992,3,16,95.20
1992,3,17,95.20
1992,3,18,95.20
1992,3,19,95.20
1992,3,20,95.20
1992,3,21,95.20
1992,3,22,95.20
1992,3,23,95.20
1992,3,24,95.20
1992,3,25,95.20
1992,3,26,95.20
1992,3,27,95.20
1992,3,28,92.98
1992,3,29,91.74
1992,3,30,91.35
1992,3,31,90.33
1992,4,1,90.09
1992,4,2,95.20
1992,4,3,95.20
1992,4,4,95.20
1992,4,5,95.20
1992,4,6,93.95
1992,4,7,95.20
1992,4,8,95.20
1992,4,9,95.20
1992,4,10,94.33
1992,4,11,95.20
1992,4,12,95.20
1992,4,13,94.37
1992,4,14,93.12
1992,4,15,91.59
1992,4,16,90.03
1992,4,17,88.30
1992,4,18,95.20
1992,4,19,95.20
1992,4,20,94.72
1992,4,21,93.64
1992,4,22,92.42
1992,4,23,91.27
1992,4,24,90.01
1992,4,25,95.20
1992,4,26,95.20
1992,4,27,95.20
1992,4,28,95.20
1992,4,29,95.20
1992,4,30,93.57
1992,5,1,91.61
1992,5,2,91.04
1992,5,3,88.30
1992,5,4,86.73
1992,5,5,85.81
1992,5,6,83.54
1992,5,7,82.07
1992,5,8,80.49
1992,5,9,78.78
1992,5,10,77.13
1992,5,11,74.89
1992,5,12,72.51
1992,5,13,69.89
1992,5,14,67.91
1992,5,15,66.60
1992,5,16,65.13
1992,5,17,63.86
1992,5,18,62.47
1992,5,19,60.87
1992,5,20,58.67
1992,5,21,55.90
1992,5,22,55.58
1992,5,23,55.38
1992,5,24,57.04
1992,5,25,55.92
1992,5,26,53.58
1992,5,27,51.22
1992,5,28,49.58
1992,5,29,52.26
1992,5,30,55.65
1992,5,31,57.35
1992,6,1,56.28
1992,6,2,54.11
1992,6,3,52.26
1992,6,4,52.90
1992,6,5,49.57
1992,6,6,47.74
1992,6,7,45.51
1992,6,8,42.71
1992,6,9,40.07
1992,6,10,37.57
1992,6,11,36.41
1992,6,12,35.26
1992,6,13,36.44
1992,6,14,37.78
1992,6,15,35.80
1992,6,16,34.36
1992,6,17,33.31
1992,6,18,29.14
1992,6,19,26.38
1992,6,20,22.77
1992,6,21,20.35
1992,6,22,17.78
1992,6,23,15.40
1992,6,24,12.92
1992,6,25,10.53
1992,6,26,8.85
1992,6,27,8.91
1992,6,28,7.53
1992,6,29,15.41
1992,6,30,13.93
1992,7,1,11.72
1992,7,2,10.22
1992,7,3,8.59
1992,7,4,7.16
1992,7,5,5.98
1992,7,6,9.75
1992,7,7,8.54
1992,7,8,7.49
1992,7,9,6.60
1992,7,10,5.65
1992,7,11,4.90
1992,7,12,4.30
1992,7,13,3.73
1992,7,14,3.37
1992,7,15,2.73
1992,7,16,7.11
1992,7,17,20.86
1992,7,18,34.06
1992,7,19,30.63
1992,7,20,27.84
1992,7,21,34.03
1992,7,22,31.86
1992,7,23,30.13
1992,7,24,28.74
1992,7,25,35.68
1992,7,26,33.68
1992,7,27,30.91
1992,7,28,28.53
1992,7,29,28.03
1992,7,30,27.73
1992,7,31,24.40
1992,8,1,22.18
1992,8,2,19.56
1992,8,3,16.83
1992,8,4,25.63
1992,8,5,31.55
1992,8,6,32.18
1992,8,7,29.08
1992,8,8,26.10
1992,8,9,25.02
1992,8,10,23.05
1992,8,11,20.87
1992,8,12,18.90
1992,8,13,16.97
1992,8,14,15.38
1992,8,15,13.85
1992,8,16,12.84
1992,8,17,14.65
1992,8,18,12.82
1992,8,19,11.62
1992,8,20,10.56
1992,8,21,9.50
1992,8,22,8.56
1992,8,23,11.11
1992,8,24,19.11
1992,8,25,17.68
1992,8,26,15.70
1992,8,27,13.88
1992,8,28,12.26
1992,8,29,10.81
1992,8,30,10.51
1992,8,31,9.24
1992,9,1,9.02
1992,9,2,10.98
1992,9,3,12.41
1992,9,4,16.88
1992,9,5,20.27
1992,9,6,20.70
1992,9,7,18.65
1992,9,8,16.56
1992,9,9,15.20
1992,9,10,13.74
1992,9,11,13.39
1992,9,12,12.36
1992,9,13,11.53
1992,9,14,10.93
1992,9,15,10.21
1992,9,16,9.23
1992,9,17,13.36
1992,9,18,27.47
1992,9,19,26.33
1992,9,20,25.61
1992,9,21,24.70
1992,9,22,23.22
1992,9,23,21.64
1992,9,24,20.14
1992,9,25,18.75
1992,9,26,17.31
1992,9,27,23.39
1992,9,28,38.40
1992,9,29,63.35
1992,9,30,61.76
1992,10,1,60.42
1992,10,2,59.05
1992,10,3,57.15
1992,10,4,55.29
1992,10,5,53.90
1992,10,6,52.28
1992,10,7,51.22
1992,10,8,57.30
1992,10,9,65.86
1992,10,10,80.13
1992,10,11,95.20
1992,10,12,95.20
1992,10,13,95.12
1992,10,14,93.60
1992,10,15,92.34
1992,10,16,91.60
1992,10,17,90.87
1992,10,18,89.91
1992,10,19,88.55
1992,10,20,86.73
1992,10,21,86.70
1992,10,22,93.02
1992,10,23,95.20
1992,10,24,95.20
1992,10,25,94.38
1992,10,26,93.53
1992,10,27,92.79
1992,10,28,91.87
1992,10,29,90.73
1992,10,30,89.29
1992,10,31,87.91
1992,11,1,89.53
1992,11,2,95.20
1992,11,3,94.62
1992,11,4,94.04
1992,11,5,93.42
1992,11,6,95.20
1992,11,7,95.20
1992,11,8,95.20
1992,11,9,94.50
1992,11,10,93.63
1992,11,11,93.67
1992,11,12,95.20
1992,11,13,95.20
1992,11,14,95.20
1992,11,15,94.86
1992,11,16,94.25
1992,11,17,93.38
1992,11,18,95.07
1992,11,19,95.20
1992,11,20,95.20
1992,11,21,94.42
1992,11,22,94.07
1992,11,23,95.20
1992,11,24,95.20
1992,11,25,95.20
1992,11,26,95.20
1992,11,27,94.66
1992,11,28,94.09
1992,11,29,93.51
1992,11,30,95.20
1992,12,1,95.20
1992,12,2,95.20
1992,12,3,94.09
1992,12,4,93.60
1992,12,5,93.04
1992,12,6,92.74
1992,12,7,92.54
1992,12,8,92.31
1992,12,9,92.02
1992,12,10,91.72
1992,12,11,91.34
1992,12,12,91.00
1992,12,13,90.74
1992,12,14,90.45
1992,12,15,90.18
1992,12,16,89.88
1992,12,17,89.50
1992,12,18,89.25
1992,12,19,89.11
1992,12,20,88.89
1992,12,21,88.47
1992,12,22,87.96
1992,12,23,87.68
1992,12,24,87.49
1992,12,25,87.31
1992,12,26,86.91
1992,12,27,86.48
1992,12,28,86.00
1992,12,29,85.61
1992,12,30,85.17
1992,12,31,84.70
1993,1,1,84.43
1993,1,2,84.01
1993,1,3,83.74
1993,1,4,83.53
1993,1,5,83.32
1993,1,6,83.02
1993,1,7,82.59
1993,1,8,82.27
1993,1,9,81.90
1993,1,10,81.57
1993,1,11,81.32
1993,1,12,81.06
1993,1,13,80.88
1993,1,14,80.53
1993,1,15,95.20
1993,1,16,94.68
1993,1,17,95.20
1993,1,18,95.20
1993,1,19,95.20
1993,1,20,94.75
1993,1,21,94.30
1993,1,22,95.20
1993,1,23,95.20
1993,1,24,94.71
1993,1,25,94.55
1993,1,26,94.39
1993,1,27,94.03
1993,1,28,93.49
1993,1,29,92.92
1993,1,30,92.37
1993,1,31,91.81
1993,2,1,95.20
1993,2,2,94.59
1993,2,3,94.03
1993,2,4,93.45
1993,2,5,92.93
1993,2,6,92.46
1993,2,7,92.16
1993,2,8,91.78
1993,2,9,91.08
1993,2,10,95.20
1993,2,11,94.73
1993,2,12,94.41
1993,2,13,93.95
1993,2,14,93.73
1993,2,15,93.57
1993,2,16,93.38
1993,2,17,93.05
1993,2,18,92.57
1993,2,19,91.99
1993,2,20,91.55
1993,2,21,91.19
1993,2,22,90.69
1993,2,23,90.36
1993,2,24,89.99
1993,2,25,89.65
1993,2,26,89.34
1993,2,27,88.88
1993,2,28,88.19
1993,3,1,87.74
1993,3,2,87.37
1993,3,3,87.05
1993,3,4,86.65
1993,3,5,86.16
1993,3,6,85.62
1993,3,7,85.03
1993,3,8,84.50
1993,3,9,83.93
1993,3,10,83.67
1993,3,11,82.83
1993,3,12,95.20
1993,3,13,95.20
1993,3,14,95.20
1993,3,15,95.20
1993,3,16,94.39
1993,3,17,94.00
1993,3,18,95.20
1993,3,19,95.20
1993,3,20,95.20
1993,3,21,94.54
1993,3,22,93.73
1993,3,23,95.20
1993,3,24,95.20
1993,3,25,95.20
1993,3,26,95.20
1993,3,27,94.67
1993,3,28,93.75
1993,3,29,92.88
1993,3,30,92.16
1993,3,31,95.20
1993,4,1,94.02
1993,4,2,92.79
1993,4,3,91.59
1993,4,4,90.22
1993,4,5,88.93
1993,4,6,95.20
1993,4,7,93.38
1993,4,8,92.57
1993,4,9,95.20
1993,4,10,94.09
1993,4,11,92.99
1993,4,12,91.96
1993,4,13,90.89
1993,4,14,89.83
1993,4,15,89.45
1993,4,16,95.20
1993,4,17,95.20
1993,4,18,95.20
1993,4,19,95.20
1993,4,20,95.08
1993,4,21,93.88
1993,4,22,92.97
1993,4,23,93.89
1993,4,24,91.68
1993,4,25,95.20
1993,4,26,95.20
1993,4,27,95.20
1993,4,28,93.17
1993,4,29,90.93
1993,4,30,88.60
1993,5,1,92.25
1993,5,2,95.20
1993,5,3,95.20
1993,5,4,95.20
1993,5,5,93.29
1993,5,6,92.09
1993,5,7,94.27
1993,5,8,92.68
1993,5,9,92.60
1993,5,10,95.20
1993,5,11,93.25
1993,5,12,93.67
1993,5,13,94.39
1993,5,14,93.27
1993,5,15,94.68
1993,5,16,94.15
1993,5,17,92.51
1993,5,18,91.24
1993,5,19,93.56
1993,5,20,92.72
1993,5,21,91.50
1993,5,22,90.01
1993,5,23,88.19
1993,5,24,85.35
1993,5,25,82.84
1993,5,26,80.26
1993,5,27,78.90
1993,5,28,90.14
1993,5,29,87.59
1993,5,30,85.08
1993,5,31,81.18
1993,6,1,80.39
1993,6,2,77.95
1993,6,3,76.14
1993,6,4,74.11
1993,6,5,73.18
1993,6,6,73.19
1993,6,7,70.61
1993,6,8,67.57
1993,6,9,65.23
1993,6,10,62.90
1993,6,11,60.51
1993,6,12,60.79
1993,6,13,62.93
1993,6,14,75.44
1993,6,15,81.32
1993,6,16,78.93
1993,6,17,76.70
1993,6,18,74.16
1993,6,19,75.43
1993,6,20,88.03
1993,6,21,85.96
1993,6,22,94.74
1993,6,23,95.20
1993,6,24,93.19
1993,6,25,90.82
1993,6,26,95.20
1993,6,27,91.88
1993,6,28,88.59
1993,6,29,85.76
1993,6,30,82.96
1993,7,1,79.73
1993,7,2,76.17
1993,7,3,79.04
1993,7,4,90.32
1993,7,5,87.15
1993,7,6,84.25
1993,7,7,81.42
1993,7,8,88.79
1993,7,9,95.20
1993,7,10,95.20
1993,7,11,91.89
1993,7,12,91.77
1993,7,13,87.41
1993,7,14,83.25
1993,7,15,79.40
1993,7,16,78.13
1993,7,17,74.57
1993,7,18,71.25
1993,7,19,67.84
1993,7,20,64.81
1993,7,21,62.89
1993,7,22,64.32
1993,7,23,61.31
1993,7,24,58.62
1993,7,25,55.38
1993,7,26,53.65
1993,7,27,51.83
1993,7,28,49.54
1993,7,29,48.29
1993,7,30,45.96
1993,7,31,42.65
1993,8,1,39.12
1993,8,2,58.67
1993,8,3,67.38
1993,8,4,65.83
1993,8,5,65.50
1993,8,6,68.52
1993,8,7,89.71
1993,8,8,95.20
1993,8,9,93.54
1993,8,10,92.79
1993,8,11,92.95
1993,8,12,88.68
1993,8,13,86.58
1993,8,14,83.32
1993,8,15,80.11
1993,8,16,77.10
1993,8,17,73.96
1993,8,18,71.26
1993,8,19,68.33
1993,8,20,66.06
1993,8,21,63.55
1993,8,22,60.78
1993,8,23,58.37
1993,8,24,55.82
1993,8,25,53.40
1993,8,26,50.77
1993,8,27,47.98
1993,8,28,44.94
1993,8,29,42.07
1993,8,30,42.84
1993,8,31,45.70
1993,9,1,42.88
1993,9,2,40.22
1993,9,3,37.58
1993,9,4,35.95
1993,9,5,35.63
1993,9,6,33.98
1993,9,7,32.30
1993,9,8,52.38
1993,9,9,71.56
1993,9,10,69.68
1993,9,11,68.54
1993,9,12,67.54
1993,9,13,66.31
1993,9,14,64.53
1993,9,15,62.43
1993,9,16,60.55
1993,9,17,58.68
1993,9,18,56.30
1993,9,19,54.18
1993,9,20,52.47
1993,9,21,54.42
1993,9,22,54.25
1993,9,23,59.64
1993,9,24,68.96
1993,9,25,83.84
1993,9,26,81.81
1993,9,27,79.60
1993,9,28,78.52
1993,9,29,76.89
1993,9,30,75.58
1993,10,1,74.41
1993,10,2,72.95
1993,10,3,71.33
1993,10,4,69.51
1993,10,5,68.23
1993,10,6,71.07
1993,10,7,69.54
1993,10,8,67.97
1993,10,9,66.84
1993,10,10,65.58
1993,10,11,64.85
1993,10,12,62.99
1993,10,13,61.56
1993,10,14,59.90
1993,10,15,58.14
1993,10,16,56.41
1993,10,17,54.80
1993,10,18,53.32
1993,10,19,51.82
1993,10,20,50.27
1993,10,21,48.87
1993,10,22,47.38
1993,10,23,46.17
1993,10,24,45.21
1993,10,25,44.33
1993,10,26,43.35
1993,10,27,42.52
1993,10,28,41.53
1993,10,29,40.35
1993,10,30,39.53
1993,10,31,40.65
1993,11,1,49.14
1993,11,2,48.95
1993,11,3,48.19
1993,11,4,47.43
1993,11,5,46.65
1993,11,6,46.00
1993,11,7,45.11
1993,11,8,44.29
1993,11,9,46.22
1993,11,10,45.54
1993,11,11,44.77
1993,11,12,44.07
1993,11,13,43.16
1993,11,14,43.26
1993,11,15,42.69
1993,11,16,41.81
1993,11,17,41.06
1993,11,18,40.39
1993,11,19,39.51
1993,11,20,39.12
1993,11,21,38.49
1993,11,22,37.85
1993,11,23,37.21
1993,11,24,36.67
1993,11,25,38.66
1993,11,26,47.17
1993,11,27,58.67
1993,11,28,59.07
1993,11,29,58.49
1993,11,30,57.94
1993,12,1,77.59
1993,12,2,76.99
1993,12,3,76.43
1993,12,4,76.05
1993,12,5,75.58
1993,12,6,75.19
1993,12,7,74.86
1993,12,8,74.54
1993,12,9,74.14
1993,12,10,73.72
1993,12,11,73.24
1993,12,12,72.72
1993,12,13,72.30
1993,12,14,71.98
1993,12,15,71.69
1993,12,16,71.46
1993,12,17,71.08
1993,12,18,70.65
1993,12,19,70.26
1993,12,20,69.87
1993,12,21,69.33
1993,12,22,68.89
1993,12,23,68.55
1993,12,24,68.15
1993,12,25,67.59
1993,12,26,87.38
1993,12,27,95.20
1993,12,28,94.64
1993,12,29,94.25
1993,12,30,93.89
1993,12,31,93.57
1994,1,1,93.28
1994,1,2,92.95
1994,1,3,92.54
1994,1,4,92.06
1994,1,5,91.67
1994,1,6,91.39
1994,1,7,91.18
1994,1,8,90.91
1994,1,9,90.60
1994,1,10,90.24
1994,1,11,90.05
1994,1,12,89.82
1994,1,13,89.59
1994,1,14,89.35
1994,1,15,89.12
1994,1,16,88.86
1994,1,17,88.61
1994,1,18,88.31
1994,1,19,88.03
1994,1,20,87.84
1994,1,21,87.61
1994,1,22,87.34
1994,1,23,87.01
1994,1,24,86.55
1994,1,25,86.13
1994,1,26,85.76
1994,1,27,85.51
1994,1,28,85.17
1994,1,29,85.00
1994,1,30,84.87
1994,1,31,84.66
1994,2,1,84.31
1994,2,2,83.90
1994,2,3,83.54
1994,2,4,83.15
1994,2,5,82.84
1994,2,6,82.62
1994,2,7,82.36
1994,2,8,81.81
1994,2,9,81.34
1994,2,10,80.77
1994,2,11,87.34
1994,2,12,86.79
1994,2,13,86.38
1994,2,14,85.95
1994,2,15,86.17
1994,2,16,95.20
1994,2,17,95.20
1994,2,18,95.20
1994,2,19,95.20
1994,2,20,95.20
1994,2,21,95.20
1994,2,22,94.76
1994,2,23,94.36
1994,2,24,93.94
1994,2,25,93.32
1994,2,26,92.98
1994,2,27,92.69
1994,2,28,92.22
1994,3,1,91.55
1994,3,2,95.20
1994,3,3,95.20
1994,3,4,95.20
1994,3,5,94.62
1994,3,6,93.92
1994,3,7,93.20
1994,3,8,93.99
1994,3,9,95.20
1994,3,10,94.58
1994,3,11,94.14
1994,3,12,93.54
1994,3,13,92.95
1994,3,14,92.39
1994,3,15,91.96
1994,3,16,91.55
1994,3,17,91.02
1994,3,18,90.51
1994,3,19,89.79
1994,3,20,95.20
1994,3,21,95.20
1994,3,22,95.20
1994,3,23,95.20
1994,3,24,95.20
1994,3,25,94.53
1994,3,26,95.20
1994,3,27,94.45
1994,3,28,93.75
1994,3,29,95.20
1994,3,30,95.20
1994,3,31,95.20
1994,4,1,95.20
1994,4,2,93.76
1994,4,3,94.33
1994,4,4,95.20
1994,4,5,95.20
1994,4,6,93.97
1994,4,7,93.03
1994,4,8,92.82
1994,4,9,91.30
1994,4,10,90.38
1994,4,11,95.20
1994,4,12,95.20
1994,4,13,94.28
1994,4,14,95.20
1994,4,15,93.93
1994,4,16,95.20
1994,4,17,95.20
1994,4,18,93.70
1994,4,19,95.20
1994,4,20,94.76
1994,4,21,92.29
1994,4,22,90.63
1994,4,23,89.55
1994,4,24,95.20
1994,4,25,93.56
1994,4,26,92.49
1994,4,27,92.06
1994,4,28,95.20
1994,4,29,95.20
1994,4,30,93.45
1994,5,1,92.13
1994,5,2,91.03
1994,5,3,95.20
1994,5,4,93.85
1994,5,5,92.58
1994,5,6,91.25
1994,5,7,91.64
1994,5,8,90.96
1994,5,9,88.54
1994,5,10,87.28
1994,5,11,89.76
1994,5,12,93.65
1994,5,13,95.20
1994,5,14,95.20
1994,5,15,95.20
1994,5,16,93.86
1994,5,17,92.34
1994,5,18,89.80
1994,5,19,87.73
1994,5,20,85.75
1994,5,21,84.75
1994,5,22,82.85
1994,5,23,95.20
1994,5,24,95.20
1994,5,25,92.49
1994,5,26,89.87
1994,5,27,86.57
1994,5,28,88.10
1994,5,29,85.72
1994,5,30,82.53
1994,5,31,79.18
1994,6,1,76.45
1994,6,2,79.54
1994,6,3,79.59
1994,6,4,77.93
1994,6,5,75.32
1994,6,6,72.90
1994,6,7,70.21
1994,6,8,68.05
1994,6,9,64.24
1994,6,10,60.63
1994,6,11,57.27
1994,6,12,54.56
1994,6,13,50.06
1994,6,14,45.90
1994,6,15,42.24
1994,6,16,39.38
1994,6,17,37.11
1994,6,18,34.70
1994,6,19,33.80
1994,6,20,31.09
1994,6,21,28.15
1994,6,22,25.74
1994,6,23,23.99
1994,6,24,21.77
1994,6,25,19.85
1994,6,26,28.29
1994,6,27,28.88
1994,6,28,27.55
1994,6,29,25.36
1994,6,30,23.29
1994,7,1,20.46
1994,7,2,17.56
1994,7,3,16.87
1994,7,4,14.73
1994,7,5,12.95
1994,7,6,11.15
1994,7,7,10.02
1994,7,8,8.23
1994,7,9,6.93
1994,7,10,5.98
1994,7,11,5.11
1994,7,12,4.14
1994,7,13,3.26
1994,7,14,2.54
1994,7,15,1.86
1994,7,16,1.40
1994,7,17,1.11
1994,7,18,0.93
1994,7,19,0.78
1994,7,20,0.66
1994,7,21,0.57
1994,7,22,0.48
1994,7,23,7.87
1994,7,24,15.34
1994,7,25,13.53
1994,7,26,12.57
1994,7,27,10.51
1994,7,28,8.50
1994,7,29,6.71
1994,7,30,5.22
1994,7,31,4.35
1994,8,1,6.40
1994,8,2,16.22
1994,8,3,14.43
1994,8,4,13.41
1994,8,5,11.72
1994,8,6,10.51
1994,8,7,9.43
1994,8,8,9.03
1994,8,9,8.00
1994,8,10,6.87
1994,8,11,6.28
1994,8,12,20.86
1994,8,13,21.22
1994,8,14,20.26
1994,8,15,17.76
1994,8,16,15.68
1994,8,17,14.90
1994,8,18,13.20
1994,8,19,11.16
1994,8,20,8.99
1994,8,21,7.76
1994,8,22,6.65
1994,8,23,5.57
1994,8,24,4.76
1994,8,25,4.00
1994,8,26,3.40
1994,8,27,2.82
1994,8,28,2.36
1994,8,29,17.17
1994,8,30,15.65
1994,8,31,14.40
1994,9,1,13.11
1994,9,2,11.93
1994,9,3,10.65
1994,9,4,9.47
1994,9,5,8.53
1994,9,6,8.02
1994,9,7,7.57
1994,9,8,7.27
1994,9,9,13.99
1994,9,10,22.78
1994,9,11,21.09
1994,9,12,19.85
1994,9,13,18.56
1994,9,14,17.22
1994,9,15,15.61
1994,9,16,34.45
1994,9,17,39.07
1994,9,18,37.45
1994,9,19,35.94
1994,9,20,34.53
1994,9,21,33.11
1994,9,22,31.57
1994,9,23,29.75
1994,9,24,27.65
1994,9,25,25.56
1994,9,26,23.62
1994,9,27,22.34
1994,9,28,20.70
1994,9,29,19.27
1994,9,30,17.90
1994,10,1,16.24
1994,10,2,14.90
1994,10,3,14.74
1994,10,4,13.81
1994,10,5,13.20
1994,10,6,12.69
1994,10,7,11.97
1994,10,8,11.15
1994,10,9,10.12
1994,10,10,9.15
1994,10,11,9.70
1994,10,12,9.67
1994,10,13,8.86
1994,10,14,28.10
1994,10,15,30.79
1994,10,16,34.60
1994,10,17,34.49
1994,10,18,33.78
1994,10,19,32.99
1994,10,20,37.85
1994,10,21,51.70
1994,10,22,54.35
1994,10,23,53.19
1994,10,24,52.13
1994,10,25,51.92
1994,10,26,52.70
1994,10,27,51.78
1994,10,28,51.56
1994,10,29,50.57
1994,10,30,49.43
1994,10,31,48.22
1994,11,1,46.70
1994,11,2,62.55
1994,11,3,95.20
1994,11,4,94.44
1994,11,5,93.42
1994,11,6,91.92
1994,11,7,90.34
1994,11,8,89.98
1994,11,9,89.14
1994,11,10,89.70
1994,11,11,89.10
1994,11,12,88.39
1994,11,13,87.75
1994,11,14,87.14
1994,11,15,86.53
1994,11,16,85.89
1994,11,17,85.31
1994,11,18,84.75
1994,11,19,84.29
1994,11,20,83.90
1994,11,21,83.33
1994,11,22,82.68
1994,11,23,91.30
1994,11,24,95.20
1994,11,25,94.86
1994,11,26,95.20
1994,11,27,95.20
1994,11,28,95.20
1994,11,29,95.20
1994,11,30,95.20
1994,12,1,94.66
1994,12,2,94.22
1994,12,3,93.58
1994,12,4,92.96
1994,12,5,92.58
1994,12,6,92.09
1994,12,7,91.56
1994,12,8,95.20
1994,12,9,94.56
1994,12,10,94.19
1994,12,11,93.84
1994,12,12,93.50
1994,12,13,92.97
1994,12,14,92.47
1994,12,15,92.09
1994,12,16,91.71
1994,12,17,91.15
1994,12,18,90.73
1994,12,19,90.46
1994,12,20,90.26
1994,12,21,90.04
1994,12,22,89.74
1994,12,23,89.30
1994,12,24,88.81
1994,12,25,88.32
1994,12,26,87.79
1994,12,27,94.50
1994,12,28,94.04
1994,12,29,93.47
1994,12,30,92.89
1994,12,31,92.30
1995,1,1,95.20
1995,1,2,94.63
1995,1,3,94.27
1995,1,4,93.98
1995,1,5,93.56
1995,1,6,93.10
1995,1,7,92.64
1995,1,8,92.23
1995,1,9,91.90
1995,1,10,91.49
1995,1,11,91.01
1995,1,12,90.61
1995,1,13,90.36
1995,1,14,89.90
1995,1,15,92.83
1995,1,16,92.51
1995,1,17,92.33
1995,1,18,92.17
1995,1,19,91.79
1995,1,20,91.60
1995,1,21,91.29
1995,1,22,91.01
1995,1,23,90.69
1995,1,24,94.35
1995,1,25,93.96
1995,1,26,93.58
1995,1,27,93.07
1995,1,28,95.20
1995,1,29,95.20
1995,1,30,95.20
1995,1,31,95.20
1995,2,1,94.89
1995,2,2,94.54
1995,2,3,94.23
1995,2,4,93.86
1995,2,5,93.28
1995,2,6,92.65
1995,2,7,95.20
1995,2,8,94.70
1995,2,9,94.46
1995,2,10,94.07
1995,2,11,95.20
1995,2,12,94.25
1995,2,13,93.16
1995,2,14,92.93
1995,2,15,91.81
1995,2,16,93.67
1995,2,17,93.12
1995,2,18,92.63
1995,2,19,92.00
1995,2,20,91.54
1995,2,21,91.05
1995,2,22,90.48
1995,2,23,95.20
1995,2,24,95.20
1995,2,25,94.58
1995,2,26,93.93
1995,2,27,93.30
1995,2,28,92.57
1995,3,1,95.20
1995,3,2,95.20
1995,3,3,94.54
1995,3,4,94.08
1995,3,5,93.53
1995,3,6,92.99
1995,3,7,92.50
1995,3,8,91.94
1995,3,9,91.39
1995,3,10,90.60
1995,3,11,95.20
1995,3,12,95.20
1995,3,13,94.67
1995,3,14,93.71
1995,3,15,92.64
1995,3,16,95.03
1995,3,17,95.20
1995,3,18,94.26
1995,3,19,95.20
1995,3,20,95.20
1995,3,21,95.20
1995,3,22,94.13
1995,3,23,93.46
1995,3,24,92.93
1995,3,25,92.32
1995,3,26,91.68
1995,3,27,95.20
1995,3,28,94.81
1995,3,29,93.47
1995,3,30,95.20
1995,3,31,94.39
1995,4,1,93.11
1995,4,2,95.20
1995,4,3,95.20
1995,4,4,94.06
1995,4,5,93.32
1995,4,6,92.46
1995,4,7,95.20
1995,4,8,95.20
1995,4,9,94.12
1995,4,10,93.29
1995,4,11,95.20
1995,4,12,93.28
1995,4,13,91.21
1995,4,14,89.10
1995,4,15,86.52
1995,4,16,84.56
1995,4,17,83.04
1995,4,18,81.96
1995,4,19,80.72
1995,4,20,79.56
1995,4,21,78.07
1995,4,22,76.87
1995,4,23,77.45
1995,4,24,75.86
1995,4,25,74.73
1995,4,26,74.06
1995,4,27,84.93
1995,4,28,90.85
1995,4,29,88.99
1995,4,30,86.89
1995,5,1,92.55
1995,5,2,95.20
1995,5,3,95.20
1995,5,4,93.70
1995,5,5,92.88
1995,5,6,91.76
1995,5,7,91.35
1995,5,8,94.63
1995,5,9,95.20
1995,5,10,93.32
1995,5,11,91.61
1995,5,12,89.75
1995,5,13,94.14
1995,5,14,92.18
1995,5,15,89.33
1995,5,16,88.30
1995,5,17,86.54
1995,5,18,84.94
1995,5,19,86.05
1995,5,20,85.78
1995,5,21,83.65
1995,5,22,82.07
1995,5,23,80.32
1995,5,24,78.47
1995,5,25,77.70
1995,5,26,82.25
1995,5,27,80.44
1995,5,28,78.76
1995,5,29,73.42
1995,5,30,71.69
1995,5,31,69.26
1995,6,1,67.54
1995,6,2,65.34
1995,6,3,63.01
1995,6,4,70.41
1995,6,5,95.20
1995,6,6,95.20
1995,6,7,94.13
1995,6,8,95.20
1995,6,9,95.20
1995,6,10,92.59
1995,6,11,93.90
1995,6,12,92.79
1995,6,13,95.20
1995,6,14,95.20
1995,6,15,92.31
1995,6,16,89.80
1995,6,17,88.89
1995,6,18,89.78
1995,6,19,89.19
1995,6,20,88.28
1995,6,21,85.55
1995,6,22,92.55
1995,6,23,89.93
1995,6,24,86.23
1995,6,25,82.51
1995,6,26,78.62
1995,6,27,75.09
1995,6,28,73.86
1995,6,29,72.94
1995,6,30,79.40
1995,7,1,76.31
1995,7,2,72.07
1995,7,3,68.45
1995,7,4,65.04
1995,7,5,64.49
1995,7,6,68.49
1995,7,7,72.56
1995,7,8,69.57
1995,7,9,66.74
1995,7,10,63.71
1995,7,11,61.26
1995,7,12,58.11
1995,7,13,55.77
1995,7,14,52.61
1995,7,15,49.47
1995,7,16,46.94
1995,7,17,45.89
1995,7,18,42.63
1995,7,19,39.86
1995,7,20,37.36
1995,7,21,33.97
1995,7,22,30.69
1995,7,23,30.69
1995,7,24,39.19
1995,7,25,35.99
1995,7,26,32.80
1995,7,27,29.71
1995,7,28,29.33
1995,7,29,28.12
1995,7,30,25.61
1995,7,31,22.66
1995,8,1,19.62
1995,8,2,16.92
1995,8,3,14.31
1995,8,4,13.95
1995,8,5,12.20
1995,8,6,12.28
1995,8,7,11.26
1995,8,8,9.88
1995,8,9,8.61
1995,8,10,7.51
1995,8,11,6.26
1995,8,12,5.29
1995,8,13,4.81
1995,8,14,5.25
1995,8,15,6.05
1995,8,16,5.15
1995,8,17,4.41
1995,8,18,17.95
1995,8,19,15.73
1995,8,20,13.98
1995,8,21,12.41
1995,8,22,11.24
1995,8,23,16.52
1995,8,24,18.23
1995,8,25,19.17
1995,8,26,23.38
1995,8,27,22.65
1995,8,28,20.26
1995,8,29,18.30
1995,8,30,16.50
1995,8,31,14.64
1995,9,1,13.51
1995,9,2,13.16
1995,9,3,18.13
1995,9,4,19.72
1995,9,5,18.15
1995,9,6,24.04
1995,9,7,22.37
1995,9,8,20.93
1995,9,9,19.49
1995,9,10,17.90
1995,9,11,16.46
1995,9,12,16.07
1995,9,13,14.94
1995,9,14,14.12
1995,9,15,14.28
1995,9,16,15.89
1995,9,17,14.65
1995,9,18,13.92
1995,9,19,15.65
1995,9,20,32.41
1995,9,21,36.42
1995,9,22,37.50
1995,9,23,35.02
1995,9,24,32.91
1995,9,25,31.72
1995,9,26,41.24
1995,9,27,39.77
1995,9,28,38.34
1995,9,29,36.72
1995,9,30,34.84
1995,10,1,32.87
1995,10,2,31.04
1995,10,3,29.28
1995,10,4,31.28
1995,10,5,35.67
1995,10,6,34.75
1995,10,7,33.76
1995,10,8,32.70
1995,10,9,31.46
1995,10,10,30.30
1995,10,11,29.72
1995,10,12,29.04
1995,10,13,28.35
1995,10,14,27.44
1995,10,15,26.80
1995,10,16,26.20
1995,10,17,25.62
1995,10,18,24.77
1995,10,19,24.10
1995,10,20,22.90
1995,10,21,22.20
1995,10,22,21.42
1995,10,23,23.48
1995,10,24,23.18
1995,10,25,22.91
1995,10,26,22.47
1995,10,27,23.30
1995,10,28,23.76
1995,10,29,22.87
1995,10,30,22.06
1995,10,31,24.96
1995,11,1,36.49
1995,11,2,42.78
1995,11,3,45.99
1995,11,4,45.21
1995,11,5,48.35
1995,11,6,48.58
1995,11,7,47.32
1995,11,8,46.39
1995,11,9,46.30
1995,11,10,50.35
1995,11,11,69.07
1995,11,12,92.84
1995,11,13,91.95
1995,11,14,91.31
1995,11,15,90.49
1995,11,16,89.53
1995,11,17,95.20
1995,11,18,94.47
1995,11,19,93.95
1995,11,20,93.44
1995,11,21,95.20
1995,11,22,95.20
1995,11,23,94.68
1995,11,24,94.22
1995,11,25,93.77
1995,11,26,93.16
1995,11,27,92.76
1995,11,28,92.33
1995,11,29,91.93
1995,11,30,91.55
1995,12,1,91.15
1995,12,2,90.77
1995,12,3,90.37
1995,12,4,89.77
1995,12,5,89.51
1995,12,6,89.35
1995,12,7,89.10
1995,12,8,88.82
1995,12,9,88.60
1995,12,10,88.32
1995,12,11,87.89
1995,12,12,95.20
1995,12,13,95.20
1995,12,14,94.71
1995,12,15,94.30
1995,12,16,93.92
1995,12,17,93.44
1995,12,18,93.02
1995,12,19,92.75
1995,12,20,92.54
1995,12,21,92.17
1995,12,22,91.88
1995,12,23,91.72
1995,12,24,91.51
1995,12,25,91.28
1995,12,26,91.10
1995,12,27,90.92
1995,12,28,90.43
1995,12,29,90.17
1995,12,30,89.95
1995,12,31,89.81
1996,1,1,89.61
1996,1,2,89.31
1996,1,3,89.02
1996,1,4,88.82
1996,1,5,88.61
1996,1,6,88.32
1996,1,7,87.99
1996,1,8,87.77
1996,1,9,87.59
1996,1,10,87.28
1996,1,11,86.95
1996,1,12,86.52
1996,1,13,85.99
1996,1,14,85.35
1996,1,15,95.20
1996,1,16,95.20
1996,1,17,94.61
1996,1,18,94.23
1996,1,19,93.98
1996,1,20,93.80
1996,1,21,93.32
1996,1,22,92.89
1996,1,23,92.61
1996,1,24,92.32
1996,1,25,95.20
1996,1,26,94.87
1996,1,27,94.62
1996,1,28,94.33
1996,1,29,94.01
1996,1,30,93.64
1996,1,31,93.44
1996,2,1,93.21
1996,2,2,92.77
1996,2,3,95.20
1996,2,4,95.20
1996,2,5,94.81
1996,2,6,94.51
1996,2,7,94.19
1996,2,8,93.91
1996,2,9,93.67
1996,2,10,93.36
1996,2,11,93.08
1996,2,12,92.69
1996,2,13,92.18
1996,2,14,91.60
1996,2,15,91.06
1996,2,16,90.70
1996,2,17,90.19
1996,2,18,89.49
1996,2,19,88.92
1996,2,20,88.47
1996,2,21,88.03
1996,2,22,87.65
1996,2,23,87.13
1996,2,24,86.51
1996,2,25,85.82
1996,2,26,90.35
1996,2,27,95.20
1996,2,28,94.55
1996,2,29,94.01
1996,3,1,93.61
1996,3,2,93.17
1996,3,3,92.67
1996,3,4,95.20
1996,3,5,95.20
1996,3,6,95.20
1996,3,7,95.20
1996,3,8,95.20
1996,3,9,94.48
1996,3,10,94.40
1996,3,11,95.20
1996,3,12,94.61
1996,3,13,94.03
1996,3,14,93.57
1996,3,15,92.98
1996,3,16,92.21
1996,3,17,95.20
1996,3,18,95.20
1996,3,19,94.44
1996,3,20,94.06
1996,3,21,93.18
1996,3,22,92.45
1996,3,23,93.03
1996,3,24,95.20
1996,3,25,95.20
1996,3,26,94.38
1996,3,27,93.98
1996,3,28,95.20
1996,3,29,95.20
1996,3,30,95.20
1996,3,31,95.20
1996,4,1,95.20
1996,4,2,95.20
1996,4,3,94.00
1996,4,4,93.34
1996,4,5,92.09
1996,4,6,95.20
1996,4,7,94.10
1996,4,8,95.20
1996,4,9,95.20
1996,4,10,93.81
1996,4,11,94.63
1996,4,12,93.66
1996,4,13,92.55
1996,4,14,90.74
1996,4,15,88.52
1996,4,16,86.20
1996,4,17,83.60
1996,4,18,80.56
1996,4,19,82.57
1996,4,20,84.88
1996,4,21,83.82
1996,4,22,82.34
1996,4,23,80.79
1996,4,24,78.95
1996,4,25,77.40
1996,4,26,76.72
1996,4,27,75.37
1996,4,28,74.02
1996,4,29,74.03
1996,4,30,93.15
1996,5,1,95.20
1996,5,2,92.31
1996,5,3,88.97
1996,5,4,86.10
1996,5,5,84.27
1996,5,6,83.06
1996,5,7,80.61
1996,5,8,79.92
1996,5,9,78.17
1996,5,10,79.38
1996,5,11,78.19
1996,5,12,75.56
1996,5,13,73.52
1996,5,14,72.05
1996,5,15,71.03
1996,5,16,69.67
1996,5,17,69.46
1996,5,18,74.28
1996,5,19,80.63
1996,5,20,83.88
1996,5,21,95.20
1996,5,22,91.74
1996,5,23,89.38
1996,5,24,87.54
1996,5,25,85.65
1996,5,26,83.97
1996,5,27,82.72
1996,5,28,80.65
1996,5,29,77.88
1996,5,30,79.99
1996,5,31,82.55
1996,6,1,79.16
1996,6,2,75.97
1996,6,3,82.37
1996,6,4,83.65
1996,6,5,82.07
1996,6,6,79.86
1996,6,7,77.27
1996,6,8,73.98
1996,6,9,95.20
1996,6,10,95.20
1996,6,11,92.83
1996,6,12,95.20
1996,6,13,92.40
1996,6,14,88.77
1996,6,15,86.43
1996,6,16,86.36
1996,6,17,82.86
1996,6,18,81.11
1996,6,19,77.12
1996,6,20,83.51
1996,6,21,80.05
1996,6,22,76.13
1996,6,23,70.63
1996,6,24,66.94
1996,6,25,63.82
1996,6,26,62.54
1996,6,27,58.98
1996,6,28,54.55
1996,6,29,50.02
1996,6,30,46.53
1996,7,1,56.17
1996,7,2,52.97
1996,7,3,50.40
1996,7,4,47.86
1996,7,5,66.94
1996,7,6,95.20
1996,7,7,95.20
1996,7,8,92.51
1996,7,9,89.64
1996,7,10,88.43
1996,7,11,86.85
1996,7,12,88.30
1996,7,13,85.37
1996,7,14,83.39
1996,7,15,80.43
1996,7,16,77.54
1996,7,17,73.87
1996,7,18,71.56
1996,7,19,67.26
1996,7,20,62.92
1996,7,21,58.66
1996,7,22,68.01
1996,7,23,67.40
1996,7,24,63.64
1996,7,25,60.14
1996,7,26,56.03
1996,7,27,51.84
1996,7,28,48.02
1996,7,29,43.72
1996,7,30,39.73
1996,7,31,35.76
1996,8,1,31.59
1996,8,2,37.42
1996,8,3,43.47
1996,8,4,42.39
1996,8,5,39.54
1996,8,6,36.51
1996,8,7,33.35
1996,8,8,30.64
1996,8,9,28.05
1996,8,10,30.00
1996,8,11,29.56
1996,8,12,25.73
1996,8,13,22.65
1996,8,14,20.09
1996,8,15,18.18
1996,8,16,16.67
1996,8,17,15.16
1996,8,18,13.99
1996,8,19,12.90
1996,8,20,11.39
1996,8,21,9.94
1996,8,22,43.19
1996,8,23,67.97
1996,8,24,93.20
1996,8,25,90.36
1996,8,26,86.83
1996,8,27,83.34
1996,8,28,89.49
1996,8,29,90.25
1996,8,30,87.14
1996,8,31,84.83
1996,9,1,82.67
1996,9,2,83.02
1996,9,3,81.97
1996,9,4,84.79
1996,9,5,82.35
1996,9,6,80.16
1996,9,7,77.43
1996,9,8,74.66
1996,9,9,73.61
1996,9,10,85.87
1996,9,11,88.74
1996,9,12,86.07
1996,9,13,83.84
1996,9,14,81.94
1996,9,15,80.06
1996,9,16,77.85
1996,9,17,75.41
1996,9,18,72.98
1996,9,19,71.06
1996,9,20,72.53
1996,9,21,76.33
1996,9,22,74.76
1996,9,23,73.15
1996,9,24,73.06
1996,9,25,95.20
1996,9,26,95.20
1996,9,27,94.33
1996,9,28,92.63
1996,9,29,91.58
1996,9,30,90.41
1996,10,1,89.17
1996,10,2,87.84
1996,10,3,86.24
1996,10,4,84.56
1996,10,5,82.88
1996,10,6,81.10
1996,10,7,79.79
1996,10,8,79.62
1996,10,9,94.61
1996,10,10,95.20
1996,10,11,94.36
1996,10,12,93.19
1996,10,13,91.69
1996,10,14,89.93
1996,10,15,89.52
1996,10,16,86.81
1996,10,17,84.76
1996,10,18,83.41
1996,10,19,95.20
1996,10,20,93.97
1996,10,21,92.54
1996,10,22,91.26
1996,10,23,89.90
1996,10,24,95.20
1996,10,25,95.20
1996,10,26,93.87
1996,10,27,93.60
1996,10,28,94.28
1996,10,29,93.16
1996,10,30,95.20
1996,10,31,95.20
1996,11,1,95.20
1996,11,2,95.20
1996,11,3,95.20
1996,11,4,95.20
1996,11,5,94.51
1996,11,6,93.83
1996,11,7,93.14
1996,11,8,92.20
1996,11,9,91.28
1996,11,10,90.17
1996,11,11,89.28
1996,11,12,88.46
1996,11,13,87.48
1996,11,14,86.56
1996,11,15,85.78
1996,11,16,84.76
1996,11,17,95.20
1996,11,18,95.20
1996,11,19,95.20
1996,11,20,95.20
1996,11,21,94.96
1996,11,22,94.36
1996,11,23,95.20
1996,11,24,95.20
1996,11,25,94.55
1996,11,26,94.94
1996,11,27,95.20
1996,11,28,94.31
1996,11,29,93.45
1996,11,30,93.17
1996,12,1,93.20
1996,12,2,93.15
1996,12,3,92.50
1996,12,4,91.95
1996,12,5,95.20
1996,12,6,94.64
1996,12,7,94.18
1996,12,8,93.64
1996,12,9,93.08
1996,12,10,95.20
1996,12,11,94.56
1996,12,12,94.09
1996,12,13,93.73
1996,12,14,93.36
1996,12,15,93.31
1996,12,16,95.20
1996,12,17,95.20
1996,12,18,94.66
1996,12,19,94.18
1996,12,20,93.78
1996,12,21,93.40
1996,12,22,93.00
1996,12,23,92.52
1996,12,24,92.03
1996,12,25,91.61
1996,12,26,91.08
1996,12,27,90.62
1996,12,28,90.24
1996,12,29,89.89
1996,12,30,89.33
1996,12,31,88.89
1997,1,1,88.39
1997,1,2,95.20
1997,1,3,95.20
1997,1,4,95.20
1997,1,5,95.20
1997,1,6,95.20
1997,1,7,94.61
1997,1,8,94.17
1997,1,9,93.73
1997,1,10,93.30
1997,1,11,92.95
1997,1,12,92.70
1997,1,13,92.46
1997,1,14,92.10
1997,1,15,91.71
1997,1,16,91.46
1997,1,17,91.21
1997,1,18,90.71
1997,1,19,90.32
1997,1,20,90.09
1997,1,21,89.85
1997,1,22,89.55
1997,1,23,89.39
1997,1,24,89.28
1997,1,25,89.18
1997,1,26,89.05
1997,1,27,88.88
1997,1,28,88.54
1997,1,29,88.26
1997,1,30,88.09
1997,1,31,87.86
1997,2,1,87.62
1997,2,2,87.11
1997,2,3,86.59
1997,2,4,86.33
1997,2,5,86.15
1997,2,6,85.92
1997,2,7,85.70
1997,2,8,85.48
1997,2,9,85.14
1997,2,10,84.76
1997,2,11,84.46
1997,2,12,84.18
1997,2,13,83.82
1997,2,14,83.34
1997,2,15,82.77
1997,2,16,82.25
1997,2,17,81.90
1997,2,18,81.31
1997,2,19,80.61
1997,2,20,89.43
1997,2,21,95.20
1997,2,22,95.20
1997,2,23,95.20
1997,2,24,94.49
1997,2,25,95.20
1997,2,26,95.20
1997,2,27,95.20
1997,2,28,94.61
1997,3,1,93.96
1997,3,2,95.20
1997,3,3,95.20
1997,3,4,95.20
1997,3,5,94.44
1997,3,6,93.90
1997,3,7,93.19
1997,3,8,95.20
1997,3,9,95.20
1997,3,10,95.20
1997,3,11,94.53
1997,3,12,94.03
1997,3,13,93.52
1997,3,14,92.93
1997,3,15,92.20
1997,3,16,91.47
1997,3,17,90.91
1997,3,18,90.41
1997,3,19,89.81
1997,3,20,89.17
1997,3,21,95.20
1997,3,22,95.20
1997,3,23,94.78
1997,3,24,93.93
1997,3,25,95.20
1997,3,26,94.78
1997,3,27,94.08
1997,3,28,92.93
1997,3,29,91.95
1997,3,30,91.09
1997,3,31,90.05
1997,4,1,88.94
1997,4,2,95.20
1997,4,3,95.20
1997,4,4,94.73
1997,4,5,95.20
1997,4,6,94.06
1997,4,7,92.91
1997,4,8,95.20
1997,4,9,95.20
1997,4,10,94.94
1997,4,11,95.20
1997,4,12,93.93
1997,4,13,94.63
1997,4,14,95.20
1997,4,15,95.20
1997,4,16,94.48
1997,4,17,93.37
1997,4,18,92.03
1997,4,19,89.10
1997,4,20,87.90
1997,4,21,87.07
1997,4,22,85.77
1997,4,23,84.50
1997,4,24,95.20
1997,4,25,95.20
1997,4,26,93.42
1997,4,27,92.16
1997,4,28,90.93
1997,4,29,89.92
1997,4,30,88.70
1997,5,1,87.15
1997,5,2,95.20
1997,5,3,92.63
1997,5,4,90.78
1997,5,5,89.51
1997,5,6,91.13
1997,5,7,90.06
1997,5,8,88.71
1997,5,9,88.63
1997,5,10,89.34
1997,5,11,95.20
1997,5,12,95.20
1997,5,13,92.64
1997,5,14,94.79
1997,5,15,95.20
1997,5,16,95.20
1997,5,17,92.22
1997,5,18,89.18
1997,5,19,92.58
1997,5,20,95.20
1997,5,21,95.20
1997,5,22,95.20
1997,5,23,95.20
1997,5,24,92.39
1997,5,25,89.62
1997,5,26,95.20
1997,5,27,95.20
1997,5,28,95.20
1997,5,29,95.20
1997,5,30,93.55
1997,5,31,92.53
1997,6,1,90.72
1997,6,2,86.09
1997,6,3,83.12
1997,6,4,84.34
1997,6,5,83.78
1997,6,6,81.95
1997,6,7,81.57
1997,6,8,78.99
1997,6,9,76.44
1997,6,10,86.57
1997,6,11,87.14
1997,6,12,84.47
1997,6,13,84.57
1997,6,14,93.73
1997,6,15,91.53
1997,6,16,88.65
1997,6,17,85.68
1997,6,18,82.84
1997,6,19,80.53
1997,6,20,76.99
1997,6,21,73.39
1997,6,22,68.92
1997,6,23,64.64
1997,6,24,61.21
1997,6,25,69.56
1997,6,26,66.43
1997,6,27,61.75
1997,6,28,63.57
1997,6,29,62.77
1997,6,30,59.36
1997,7,1,59.64
1997,7,2,57.13
1997,7,3,52.96
1997,7,4,49.62
1997,7,5,48.86
1997,7,6,45.50
1997,7,7,42.36
1997,7,8,39.26
1997,7,9,42.59
1997,7,10,38.63
1997,7,11,35.45
1997,7,12,32.24
1997,7,13,28.96
1997,7,14,25.51
1997,7,15,28.33
1997,7,16,25.03
1997,7,17,22.93
1997,7,18,28.88
1997,7,19,27.69
1997,7,20,29.74
1997,7,21,29.24
1997,7,22,29.18
1997,7,23,28.20
1997,7,24,27.26
1997,7,25,25.27
1997,7,26,22.42
1997,7,27,20.18
1997,7,28,18.32
1997,7,29,15.56
1997,7,30,13.26
1997,7,31,16.47
1997,8,1,14.45
1997,8,2,13.03
1997,8,3,11.30
1997,8,4,10.67
1997,8,5,9.44
1997,8,6,8.29
1997,8,7,7.31
1997,8,8,6.39
1997,8,9,5.58
1997,8,10,4.83
1997,8,11,4.18
1997,8,12,3.57
1997,8,13,3.01
1997,8,14,2.47
1997,8,15,2.01
1997,8,16,3.98
1997,8,17,23.39
1997,8,18,22.01
1997,8,19,19.78
1997,8,20,17.79
1997,8,21,15.55
1997,8,22,13.70
1997,8,23,12.28
1997,8,24,11.07
1997,8,25,9.79
1997,8,26,8.70
1997,8,27,7.56
1997,8,28,6.78
1997,8,29,6.10
1997,8,30,5.44
1997,8,31,4.63
1997,9,1,3.85
1997,9,2,3.14
1997,9,3,3.05
1997,9,4,2.99
1997,9,5,2.71
1997,9,6,2.46
1997,9,7,2.23
1997,9,8,2.11
1997,9,9,1.94
1997,9,10,14.14
1997,9,11,13.57
1997,9,12,12.66
1997,9,13,11.78
1997,9,14,16.03
1997,9,15,32.38
1997,9,16,35.47
1997,9,17,40.93
1997,9,18,39.31
1997,9,19,37.07
1997,9,20,35.51
1997,9,21,38.12
1997,9,22,44.24
1997,9,23,43.25
1997,9,24,41.79
1997,9,25,40.39
1997,9,26,38.47
1997,9,27,37.10
1997,9,28,34.94
1997,9,29,33.90
1997,9,30,38.63
1997,10,1,39.93
1997,10,2,38.24
1997,10,3,37.38
1997,10,4,36.47
1997,10,5,35.42
1997,10,6,34.28
1997,10,7,33.02
1997,10,8,36.30
1997,10,9,56.99
1997,10,10,82.26
1997,10,11,81.14
1997,10,12,79.54
1997,10,13,78.09
1997,10,14,76.51
1997,10,15,74.67
1997,10,16,72.96
1997,10,17,71.03
1997,10,18,69.52
1997,10,19,75.22
1997,10,20,77.58
1997,10,21,77.79
1997,10,22,87.63
1997,10,23,86.45
1997,10,24,84.45
1997,10,25,83.70
1997,10,26,82.84
1997,10,27,81.35
1997,10,28,79.55
1997,10,29,78.21
1997,10,30,79.44
1997,10,31,78.49
1997,11,1,79.12
1997,11,2,78.45
1997,11,3,77.48
1997,11,4,76.42
1997,11,5,79.85
1997,11,6,84.38
1997,11,7,95.20
1997,11,8,94.49
1997,11,9,93.69
1997,11,10,93.17
1997,11,11,91.85
1997,11,12,95.20
1997,11,13,94.03
1997,11,14,93.01
1997,11,15,92.31
1997,11,16,91.54
1997,11,17,93.29
1997,11,18,95.20
1997,11,19,95.20
1997,11,20,95.20
1997,11,21,94.70
1997,11,22,94.14
1997,11,23,93.54
1997,11,24,92.92
1997,11,25,92.38
1997,11,26,91.87
1997,11,27,91.23
1997,11,28,95.20
1997,11,29,95.20
1997,11,30,94.08
1997,12,1,93.15
1997,12,2,92.64
1997,12,3,92.08
1997,12,4,92.28
1997,12,5,94.78
1997,12,6,94.14
1997,12,7,93.60
1997,12,8,93.08
1997,12,9,92.57
1997,12,10,91.85
1997,12,11,91.31
1997,12,12,90.88
1997,12,13,90.36
1997,12,14,89.89
1997,12,15,89.60
1997,12,16,89.14
1997,12,17,88.67
1997,12,18,88.29
1997,12,19,87.87
1997,12,20,87.39
1997,12,21,87.11
1997,12,22,86.89
1997,12,23,86.57
1997,12,24,86.21
1997,12,25,85.89
1997,12,26,85.57
1997,12,27,85.14
1997,12,28,95.20
1997,12,29,95.20
1997,12,30,95.13
1997,12,31,94.62
1998,1,1,94.22
1998,1,2,93.69
1998,1,3,93.36
1998,1,4,95.20
1998,1,5,95.20
1998,1,6,94.56
1998,1,7,94.18
1998,1,8,93.75
1998,1,9,93.20
1998,1,10,92.80
1998,1,11,92.20
1998,1,12,91.71
1998,1,13,95.20
1998,1,14,94.54
1998,1,15,95.20
1998,1,16,95.20
1998,1,17,94.54
1998,1,18,93.91
1998,1,19,93.52
1998,1,20,93.20
1998,1,21,92.87
1998,1,22,92.52
1998,1,23,92.23
1998,1,24,92.04
1998,1,25,91.54
1998,1,26,95.20
1998,1,27,94.53
1998,1,28,93.97
1998,1,29,93.70
1998,1,30,93.53
1998,1,31,93.21
1998,2,1,92.82
1998,2,2,92.58
1998,2,3,92.23
1998,2,4,91.84
1998,2,5,91.50
1998,2,6,91.12
1998,2,7,90.62
1998,2,8,90.11
1998,2,9,89.52
1998,2,10,88.91
1998,2,11,92.44
1998,2,12,91.79
1998,2,13,93.20
1998,2,14,92.88
1998,2,15,92.62
1998,2,16,92.34
1998,2,17,91.98
1998,2,18,91.59
1998,2,19,91.12
1998,2,20,90.61
1998,2,21,89.94
1998,2,22,89.32
1998,2,23,88.75
1998,2,24,95.20
1998,2,25,95.20
1998,2,26,94.75
1998,2,27,94.37
1998,2,28,93.86
1998,3,1,95.20
1998,3,2,95.20
1998,3,3,95.20
1998,3,4,95.20
1998,3,5,95.20
1998,3,6,95.20
1998,3,7,94.48
1998,3,8,95.20
1998,3,9,95.20
1998,3,10,95.20
1998,3,11,94.05
1998,3,12,93.00
1998,3,13,94.04
1998,3,14,93.23
1998,3,15,92.40
1998,3,16,91.11
1998,3,17,92.45
1998,3,18,94.12
1998,3,19,93.33
1998,3,20,92.77
1998,3,21,91.73
1998,3,22,95.20
1998,3,23,95.20
1998,3,24,94.50
1998,3,25,93.89
1998,3,26,93.04
1998,3,27,92.15
1998,3,28,91.23
1998,3,29,90.20
1998,3,30,89.19
1998,3,31,88.20
1998,4,1,95.20
1998,4,2,95.20
1998,4,3,93.76
1998,4,4,95.20
1998,4,5,95.20
1998,4,6,95.20
1998,4,7,93.93
1998,4,8,92.75
1998,4,9,92.75
1998,4,10,92.72
1998,4,11,90.83
1998,4,12,95.20
1998,4,13,93.69
1998,4,14,95.20
1998,4,15,95.20
1998,4,16,93.88
1998,4,17,92.26
1998,4,18,92.35
1998,4,19,91.11
1998,4,20,89.31
1998,4,21,86.94
1998,4,22,91.09
1998,4,23,92.67
1998,4,24,91.04
1998,4,25,90.32
1998,4,26,88.86
1998,4,27,88.22
1998,4,28,86.96
1998,4,29,94.23
1998,4,30,93.92
1998,5,1,92.48
1998,5,2,91.26
1998,5,3,89.47
1998,5,4,95.20
1998,5,5,95.20
1998,5,6,93.74
1998,5,7,95.20
1998,5,8,95.20
1998,5,9,94.20
1998,5,10,93.92
1998,5,11,91.56
1998,5,12,90.34
1998,5,13,88.87
1998,5,14,86.92
1998,5,15,83.81
1998,5,16,82.64
1998,5,17,85.91
1998,5,18,82.71
1998,5,19,80.02
1998,5,20,78.02
1998,5,21,76.83
1998,5,22,74.43
1998,5,23,72.15
1998,5,24,70.18
1998,5,25,69.30
1998,5,26,67.69
1998,5,27,65.98
1998,5,28,65.24
1998,5,29,63.90
1998,5,30,63.43
1998,5,31,61.74
1998,6,1,59.46
1998,6,2,59.26
1998,6,3,69.39
1998,6,4,76.18
1998,6,5,74.26
1998,6,6,71.56
1998,6,7,69.06
1998,6,8,69.31
1998,6,9,80.49
1998,6,10,87.84
1998,6,11,95.20
1998,6,12,95.20
1998,6,13,92.36
1998,6,14,88.99
1998,6,15,95.20
1998,6,16,95.20
1998,6,17,91.52
1998,6,18,92.20
1998,6,19,92.90
1998,6,20,90.07
1998,6,21,92.71
1998,6,22,95.20
1998,6,23,92.12
1998,6,24,88.99
1998,6,25,85.31
1998,6,26,82.17
1998,6,27,78.98
1998,6,28,77.77
1998,6,29,80.95
1998,6,30,78.21
1998,7,1,76.12
1998,7,2,81.39
1998,7,3,86.13
1998,7,4,82.51
1998,7,5,78.95
1998,7,6,84.47
1998,7,7,79.87
1998,7,8,75.57
1998,7,9,71.77
1998,7,10,67.87
1998,7,11,63.72
1998,7,12,60.19
1998,7,13,57.29
1998,7,14,54.73
1998,7,15,51.07
1998,7,16,47.98
1998,7,17,45.49
1998,7,18,42.32
1998,7,19,39.05
1998,7,20,47.74
1998,7,21,60.47
1998,7,22,60.09
1998,7,23,59.03
1998,7,24,61.38
1998,7,25,65.22
1998,7,26,95.20
1998,7,27,95.20
1998,7,28,95.20
1998,7,29,95.20
1998,7,30,95.20
1998,7,31,92.86
1998,8,1,88.78
1998,8,2,84.94
1998,8,3,95.20
1998,8,4,95.20
1998,8,5,94.47
1998,8,6,91.40
1998,8,7,88.14
1998,8,8,85.53
1998,8,9,82.10
1998,8,10,91.49
1998,8,11,91.11
1998,8,12,88.08
1998,8,13,84.91
1998,8,14,82.29
1998,8,15,78.99
1998,8,16,77.62
1998,8,17,74.80
1998,8,18,71.04
1998,8,19,71.03
1998,8,20,67.69
1998,8,21,63.60
1998,8,22,59.87
1998,8,23,57.17
1998,8,24,65.26
1998,8,25,65.45
1998,8,26,62.67
1998,8,27,59.49
1998,8,28,56.42
1998,8,29,53.04
1998,8,30,49.94
1998,8,31,46.94
1998,9,1,54.21
1998,9,2,55.80
1998,9,3,54.15
1998,9,4,52.85
1998,9,5,51.19
1998,9,6,49.47
1998,9,7,61.18
1998,9,8,76.15
1998,9,9,83.67
1998,9,10,93.39
1998,9,11,90.60
1998,9,12,87.53
1998,9,13,85.50
1998,9,14,83.03
1998,9,15,79.83
1998,9,16,76.57
1998,9,17,73.88
1998,9,18,71.26
1998,9,19,79.81
1998,9,20,95.20
1998,9,21,95.20
1998,9,22,93.80
1998,9,23,91.26
1998,9,24,88.70
1998,9,25,86.85
1998,9,26,95.20
1998,9,27,95.20
1998,9,28,94.43
1998,9,29,95.20
1998,9,30,95.20
1998,10,1,94.63
1998,10,2,93.09
1998,10,3,92.30
1998,10,4,90.31
1998,10,5,88.84
1998,10,6,95.20
1998,10,7,95.20
1998,10,8,93.80
1998,10,9,93.04
1998,10,10,92.65
1998,10,11,91.95
1998,10,12,91.75
1998,10,13,90.66
1998,10,14,89.87
1998,10,15,88.61
1998,10,16,87.73
1998,10,17,86.34
1998,10,18,91.33
1998,10,19,95.20
1998,10,20,95.20
1998,10,21,94.05
1998,10,22,95.20
1998,10,23,95.20
1998,10,24,95.20
1998,10,25,94.19
1998,10,26,92.93
1998,10,27,91.98
1998,10,28,93.06
1998,10,29,95.20
1998,10,30,94.22
1998,10,31,92.91
1998,11,1,91.54
1998,11,2,93.63
1998,11,3,95.20
1998,11,4,95.20
1998,11,5,95.20
1998,11,6,94.05
1998,11,7,93.14
1998,11,8,92.45
1998,11,9,91.85
1998,11,10,91.30
1998,11,11,90.77
1998,11,12,90.21
1998,11,13,89.62
1998,11,14,89.13
1998,11,15,89.05
1998,11,16,88.58
1998,11,17,88.16
1998,11,18,87.56
1998,11,19,87.14
1998,11,20,95.20
1998,11,21,95.20
1998,11,22,95.20
1998,11,23,94.45
1998,11,24,93.88
1998,11,25,93.06
1998,11,26,92.26
1998,11,27,91.98
1998,11,28,92.54
1998,11,29,95.20
1998,11,30,95.20
1998,12,1,95.20
1998,12,2,95.20
1998,12,3,94.58
1998,12,4,93.70
1998,12,5,93.21
1998,12,6,95.20
1998,12,7,94.34
1998,12,8,93.91
1998,12,9,93.38
1998,12,10,92.89
1998,12,11,92.44
1998,12,12,92.12
1998,12,13,91.83
1998,12,14,91.47
1998,12,15,91.14
1998,12,16,90.86
1998,12,17,90.58
1998,12,18,90.12
1998,12,19,89.60
1998,12,20,95.20
1998,12,21,95.20
1998,12,22,94.76
1998,12,23,94.20
1998,12,24,94.01
1998,12,25,93.58
1998,12,26,93.16
1998,12,27,92.82
1998,12,28,92.42
1998,12,29,92.15
1998,12,30,91.90
1998,12,31,91.55
1999,1,1,91.29
1999,1,2,90.89
1999,1,3,95.20
1999,1,4,95.20
1999,1,5,95.20
1999,1,6,95.20
1999,1,7,95.20
1999,1,8,95.20
1999,1,9,94.68
1999,1,10,95.20
1999,1,11,94.75
1999,1,12,94.45
1999,1,13,93.99
1999,1,14,93.52
1999,1,15,95.03
1999,1,16,94.43
1999,1,17,95.20
1999,1,18,95.20
1999,1,19,95.20
1999,1,20,94.53
1999,1,21,94.19
1999,1,22,93.77
1999,1,23,95.20
1999,1,24,94.42
1999,1,25,95.20
1999,1,26,95.20
1999,1,27,94.82
1999,1,28,94.43
1999,1,29,93.97
1999,1,30,93.58
1999,1,31,93.04
1999,2,1,92.49
1999,2,2,92.08
1999,2,3,91.66
1999,2,4,91.28
1999,2,5,90.67
1999,2,6,95.20
1999,2,7,95.20
1999,2,8,95.20
1999,2,9,94.60
1999,2,10,94.19
1999,2,11,93.99
1999,2,12,93.82
1999,2,13,93.57
1999,2,14,93.22
1999,2,15,92.93
1999,2,16,92.68
1999,2,17,92.34
1999,2,18,91.92
1999,2,19,91.63
1999,2,20,91.18
1999,2,21,95.20
1999,2,22,94.59
1999,2,23,94.22
1999,2,24,93.62
1999,2,25,95.20
1999,2,26,95.20
1999,2,27,94.53
1999,2,28,93.89
1999,3,1,93.25
1999,3,2,92.84
1999,3,3,92.35
1999,3,4,91.87
1999,3,5,91.35
1999,3,6,90.71
1999,3,7,95.20
1999,3,8,95.20
1999,3,9,94.63
1999,3,10,94.22
1999,3,11,93.70
1999,3,12,93.13
1999,3,13,92.51
1999,3,14,95.20
1999,3,15,95.20
1999,3,16,95.20
1999,3,17,95.20
1999,3,18,95.20
1999,3,19,94.27
1999,3,20,93.13
1999,3,21,95.20
1999,3,22,95.20
1999,3,23,94.26
1999,3,24,93.54
1999,3,25,93.00
1999,3,26,92.36
1999,3,27,91.61
1999,3,28,91.07
1999,3,29,91.64
1999,3,30,90.85
1999,3,31,90.19
1999,4,1,93.02
1999,4,2,95.20
1999,4,3,95.20
1999,4,4,95.15
1999,4,5,95.20
1999,4,6,94.05
1999,4,7,93.82
1999,4,8,95.20
1999,4,9,95.20
1999,4,10,94.64
1999,4,11,93.75
1999,4,12,95.20
1999,4,13,95.20
1999,4,14,93.87
1999,4,15,92.34
1999,4,16,90.69
1999,4,17,95.20
1999,4,18,95.20
1999,4,19,95.20
1999,4,20,93.01
1999,4,21,95.20
1999,4,22,95.20
1999,4,23,94.00
1999,4,24,95.20
1999,4,25,95.20
1999,4,26,93.42
1999,4,27,92.91
1999,4,28,95.20
1999,4,29,92.67
1999,4,30,95.20
1999,5,1,95.20
1999,5,2,93.15
1999,5,3,90.60
1999,5,4,88.20
1999,5,5,86.23
1999,5,6,95.20
1999,5,7,95.20
1999,5,8,92.35
1999,5,9,89.33
1999,5,10,86.93
1999,5,11,84.75
1999,5,12,82.68
1999,5,13,81.45
1999,5,14,83.36
1999,5,15,80.99
1999,5,16,78.93
1999,5,17,76.79
1999,5,18,74.60
1999,5,19,80.35
1999,5,20,82.08
1999,5,21,79.05
1999,5,22,76.50
1999,5,23,73.99
1999,5,24,71.12
1999,5,25,68.00
1999,5,26,64.92
1999,5,27,65.75
1999,5,28,63.95
1999,5,29,60.02
1999,5,30,56.79
1999,5,31,54.16
1999,6,1,50.88
1999,6,2,51.79
1999,6,3,48.35
1999,6,4,45.64
1999,6,5,45.76
1999,6,6,49.64
1999,6,7,47.20
1999,6,8,43.80
1999,6,9,40.10
1999,6,10,43.45
1999,6,11,54.86
1999,6,12,52.72
1999,6,13,51.17
1999,6,14,50.19
1999,6,15,46.62
1999,6,16,55.12
1999,6,17,56.38
1999,6,18,58.28
1999,6,19,56.35
1999,6,20,54.96
1999,6,21,52.69
1999,6,22,49.59
1999,6,23,45.65
1999,6,24,41.28
1999,6,25,38.93
1999,6,26,50.64
1999,6,27,48.77
1999,6,28,45.72
1999,6,29,59.03
1999,6,30,68.74
1999,7,1,67.31
1999,7,2,64.07
1999,7,3,60.68
1999,7,4,56.80
1999,7,5,53.78
1999,7,6,56.44
1999,7,7,52.22
1999,7,8,48.21
1999,7,9,45.26
1999,7,10,41.37
1999,7,11,38.16
1999,7,12,34.29
1999,7,13,30.56
1999,7,14,35.98
1999,7,15,43.52
1999,7,16,41.52
1999,7,17,37.33
1999,7,18,33.68
1999,7,19,31.42
1999,7,20,30.24
1999,7,21,31.07
1999,7,22,49.89
1999,7,23,60.26
1999,7,24,57.01
1999,7,25,51.26
1999,7,26,47.75
1999,7,27,45.31
1999,7,28,43.17
1999,7,29,40.91
1999,7,30,38.39
1999,7,31,35.95
1999,8,1,33.40
1999,8,2,30.55
1999,8,3,27.53
1999,8,4,24.05
1999,8,5,22.26
1999,8,6,22.34
1999,8,7,20.11
1999,8,8,17.61
1999,8,9,15.77
1999,8,10,14.56
1999,8,11,12.86
1999,8,12,11.24
1999,8,13,9.84
1999,8,14,8.41
1999,8,15,7.17
1999,8,16,7.91
1999,8,17,14.23
1999,8,18,12.45
1999,8,19,10.92
1999,8,20,9.54
1999,8,21,8.94
1999,8,22,7.81
1999,8,23,6.68
1999,8,24,6.18
1999,8,25,5.35
1999,8,26,4.75
1999,8,27,4.23
1999,8,28,21.27
1999,8,29,58.55
1999,8,30,61.66
1999,8,31,58.82
1999,9,1,55.92
1999,9,2,52.60
1999,9,3,49.21
1999,9,4,46.26
1999,9,5,43.20
1999,9,6,53.24
1999,9,7,51.84
1999,9,8,50.02
1999,9,9,48.02
1999,9,10,45.72
1999,9,11,43.22
1999,9,12,40.46
1999,9,13,39.27
1999,9,14,37.76
1999,9,15,36.49
1999,9,16,46.71
1999,9,17,56.17
1999,9,18,54.56
1999,9,19,53.39
1999,9,20,63.94
1999,9,21,95.20
1999,9,22,95.20
1999,9,23,94.18
1999,9,24,92.36
1999,9,25,90.10
1999,9,26,89.65
1999,9,27,90.31
1999,9,28,88.82
1999,9,29,87.46
1999,9,30,86.08
1999,10,1,84.82
1999,10,2,83.40
1999,10,3,81.89
1999,10,4,80.64
1999,10,5,79.65
1999,10,6,78.67
1999,10,7,77.50
1999,10,8,76.03
1999,10,9,81.28
1999,10,10,80.31
1999,10,11,79.46
1999,10,12,77.93
1999,10,13,76.39
1999,10,14,74.66
1999,10,15,73.80
1999,10,16,72.68
1999,10,17,71.29
1999,10,18,70.12
1999,10,19,72.53
1999,10,20,77.60
1999,10,21,88.11
1999,10,22,86.96
1999,10,23,85.71
1999,10,24,84.85
1999,10,25,89.66
1999,10,26,88.37
1999,10,27,86.51
1999,10,28,84.90
1999,10,29,83.82
1999,10,30,85.14
1999,10,31,88.29
1999,11,1,90.03
1999,11,2,93.18
1999,11,3,93.11
1999,11,4,92.43
1999,11,5,91.83
1999,11,6,91.44
1999,11,7,90.78
1999,11,8,92.65
1999,11,9,91.87
1999,11,10,95.20
1999,11,11,95.20
1999,11,12,95.20
1999,11,13,95.20
1999,11,14,95.20
1999,11,15,95.08
1999,11,16,94.77
1999,11,17,94.00
1999,11,18,93.29
1999,11,19,95.20
1999,11,20,94.31
1999,11,21,95.20
1999,11,22,95.20
1999,11,23,94.61
1999,11,24,93.98
1999,11,25,93.35
1999,11,26,95.20
1999,11,27,95.20
1999,11,28,94.55
1999,11,29,93.78
1999,11,30,92.66
1999,12,1,92.15
1999,12,2,95.20
1999,12,3,95.20
1999,12,4,95.20
1999,12,5,95.20
1999,12,6,95.20
1999,12,7,94.62
1999,12,8,94.17
1999,12,9,93.70
1999,12,10,93.28
1999,12,11,92.93
1999,12,12,92.49
1999,12,13,92.06
1999,12,14,95.20
1999,12,15,95.20
1999,12,16,94.76
1999,12,17,94.58
1999,12,18,94.36
1999,12,19,93.87
1999,12,20,95.20
1999,12,21,94.63
1999,12,22,94.17
1999,12,23,93.75
1999,12,24,93.39
1999,12,25,93.20
1999,12,26,92.82
1999,12,27,95.20
1999,12,28,94.56
1999,12,29,95.20
1999,12,30,94.79
1999,12,31,94.52
2000,1,1,94.23
2000,1,2,93.76
2000,1,3,93.36
2000,1,4,92.96
2000,1,5,92.61
2000,1,6,92.26
2000,1,7,91.80
2000,1,8,91.39
2000,1,9,91.06
2000,1,10,90.66
2000,1,11,90.25
2000,1,12,95.20
2000,1,13,95.20
2000,1,14,94.66
2000,1,15,94.32
2000,1,16,93.92
2000,1,17,95.20
2000,1,18,95.20
2000,1,19,95.20
2000,1,20,94.63
2000,1,21,94.04
2000,1,22,95.20
2000,1,23,94.87
2000,1,24,94.72
2000,1,25,94.62
2000,1,26,94.49
2000,1,27,94.36
2000,1,28,94.18
2000,1,29,93.98
2000,1,30,93.75
2000,1,31,93.56
2000,2,1,93.36
2000,2,2,93.08
2000,2,3,92.76
2000,2,4,92.59
2000,2,5,92.31
2000,2,6,92.04
2000,2,7,91.84
2000,2,8,91.60
2000,2,9,91.12
2000,2,10,95.20
2000,2,11,94.81
2000,2,12,94.60
2000,2,13,94.31
2000,2,14,93.99
2000,2,15,93.37
2000,2,16,93.08
2000,2,17,92.64
2000,2,18,95.20
2000,2,19,94.61
2000,2,20,94.21
2000,2,21,93.89
2000,2,22,95.20
2000,2,23,95.20
2000,2,24,95.20
2000,2,25,94.71
2000,2,26,94.18
2000,2,27,93.62
2000,2,28,92.98
2000,2,29,92.42
2000,3,1,91.76
2000,3,2,95.20
2000,3,3,94.46
2000,3,4,93.69
2000,3,5,92.89
2000,3,6,95.20
2000,3,7,94.58
2000,3,8,93.84
2000,3,9,93.38
2000,3,10,92.77
2000,3,11,92.10
2000,3,12,91.46
2000,3,13,90.69
2000,3,14,90.07
2000,3,15,90.05
2000,3,16,95.20
2000,3,17,95.20
2000,3,18,95.20
2000,3,19,95.20
2000,3,20,95.20
2000,3,21,95.20
2000,3,22,95.20
2000,3,23,95.20
2000,3,24,95.20
2000,3,25,95.20
2000,3,26,95.20
2000,3,27,94.57
2000,3,28,93.86
2000,3,29,95.20
2000,3,30,95.20
2000,3,31,95.20
2000,4,1,95.20
2000,4,2,95.20
2000,4,3,94.18
2000,4,4,95.20
2000,4,5,95.20
2000,4,6,95.20
2000,4,7,93.73
2000,4,8,92.56
2000,4,9,95.20
2000,4,10,94.16
2000,4,11,93.38
2000,4,12,95.06
2000,4,13,94.86
2000,4,14,94.06
2000,4,15,95.20
2000,4,16,93.88
2000,4,17,92.83
2000,4,18,94.47
2000,4,19,95.20
2000,4,20,93.82
2000,4,21,92.59
2000,4,22,92.12
2000,4,23,95.20
2000,4,24,94.23
2000,4,25,92.91
2000,4,26,91.06
2000,4,27,95.20
2000,4,28,93.47
2000,4,29,91.17
2000,4,30,91.52
2000,5,1,95.20
2000,5,2,95.20
2000,5,3,93.23
2000,5,4,91.79
2000,5,5,90.02
2000,5,6,88.66
2000,5,7,90.25
2000,5,8,95.20
2000,5,9,94.26
2000,5,10,91.18
2000,5,11,87.63
2000,5,12,84.23
2000,5,13,81.41
2000,5,14,78.83
2000,5,15,79.80
2000,5,16,84.62
2000,5,17,81.69
2000,5,18,79.66
2000,5,19,78.24
2000,5,20,82.21
2000,5,21,84.40
2000,5,22,87.85
2000,5,23,86.29
2000,5,24,84.18
2000,5,25,82.41
2000,5,26,87.85
2000,5,27,95.20
2000,5,28,95.05
2000,5,29,95.20
2000,5,30,93.72
2000,5,31,91.90
2000,6,1,89.68
2000,6,2,88.60
2000,6,3,89.24
2000,6,4,87.76
2000,6,5,85.56
2000,6,6,82.23
2000,6,7,95.20
2000,6,8,94.28
2000,6,9,91.36
2000,6,10,88.06
2000,6,11,85.41
2000,6,12,95.20
2000,6,13,95.20
2000,6,14,91.28
2000,6,15,87.39
2000,6,16,89.30
2000,6,17,85.52
2000,6,18,82.20
2000,6,19,79.15
2000,6,20,76.50
2000,6,21,74.33
2000,6,22,85.14
2000,6,23,88.66
2000,6,24,86.25
2000,6,25,82.56
2000,6,26,78.42
2000,6,27,73.79
2000,6,28,74.89
2000,6,29,71.55
2000,6,30,66.98
2000,7,1,65.54
2000,7,2,61.62
2000,7,3,57.48
2000,7,4,53.28
2000,7,5,48.80
2000,7,6,44.06
2000,7,7,39.01
2000,7,8,34.60
2000,7,9,31.13
2000,7,10,29.03
2000,7,11,29.24
2000,7,12,26.19
2000,7,13,23.18
2000,7,14,20.60
2000,7,15,18.61
2000,7,16,16.18
2000,7,17,13.49
2000,7,18,11.55
2000,7,19,9.43
2000,7,20,7.46
2000,7,21,7.12
2000,7,22,5.82
2000,7,23,5.01
2000,7,24,4.28
2000,7,25,8.90
2000,7,26,8.05
2000,7,27,7.03
2000,7,28,6.11
2000,7,29,5.30
2000,7,30,4.36
2000,7,31,4.34
2000,8,1,3.58
2000,8,2,3.48
2000,8,3,3.24
2000,8,4,13.53
2000,8,5,14.02
2000,8,6,12.58
2000,8,7,10.90
2000,8,8,9.45
2000,8,9,8.27
2000,8,10,7.10
2000,8,11,6.11
2000,8,12,5.30
2000,8,13,5.01
2000,8,14,6.81
2000,8,15,5.91
2000,8,16,4.99
2000,8,17,4.20
2000,8,18,4.03
2000,8,19,10.12
2000,8,20,9.52
2000,8,21,8.19
2000,8,22,7.03
2000,8,23,6.01
2000,8,24,5.21
2000,8,25,4.98
2000,8,26,5.74
2000,8,27,5.26
2000,8,28,4.62
2000,8,29,4.03
2000,8,30,3.59
2000,8,31,3.19
2000,9,1,5.73
2000,9,2,5.11
2000,9,3,4.53
2000,9,4,4.03
2000,9,5,3.46
2000,9,6,2.91
2000,9,7,2.42
2000,9,8,2.12
2000,9,9,4.61
2000,9,10,4.02
2000,9,11,3.58
2000,9,12,3.33
2000,9,13,4.39
2000,9,14,17.75
2000,9,15,33.55
2000,9,16,31.09
2000,9,17,29.26
2000,9,18,27.40
2000,9,19,25.69
2000,9,20,23.91
2000,9,21,22.06
2000,9,22,20.32
2000,9,23,18.53
2000,9,24,28.28
2000,9,25,70.53
2000,9,26,76.59
2000,9,27,74.84
2000,9,28,72.99
2000,9,29,71.26
2000,9,30,72.79
2000,10,1,71.37
2000,10,2,70.05
2000,10,3,68.15
2000,10,4,65.64
2000,10,5,63.35
2000,10,6,62.66
2000,10,7,61.55
2000,10,8,59.66
2000,10,9,60.60
2000,10,10,58.46
2000,10,11,55.74
2000,10,12,54.39
2000,10,13,52.42
2000,10,14,50.65
2000,10,15,49.00
2000,10,16,47.37
2000,10,17,46.44
2000,10,18,45.27
2000,10,19,43.67
2000,10,20,47.39
2000,10,21,48.64
2000,10,22,47.33
2000,10,23,46.50
2000,10,24,45.83
2000,10,25,55.59
2000,10,26,74.86
2000,10,27,95.20
2000,10,28,94.41
2000,10,29,93.47
2000,10,30,92.38
2000,10,31,91.05
2000,11,1,89.76
2000,11,2,89.22
2000,11,3,87.79
2000,11,4,95.20
2000,11,5,95.20
2000,11,6,94.24
2000,11,7,93.36
2000,11,8,92.48
2000,11,9,95.20
2000,11,10,95.20
2000,11,11,94.27
2000,11,12,95.20
2000,11,13,95.20
2000,11,14,94.64
2000,11,15,94.69
2000,11,16,93.46
2000,11,17,95.20
2000,11,18,94.39
2000,11,19,93.71
2000,11,20,92.85
2000,11,21,92.80
2000,11,22,92.31
2000,11,23,91.76
2000,11,24,91.21
2000,11,25,95.20
2000,11,26,95.20
2000,11,27,94.70
2000,11,28,94.19
2000,11,29,93.62
2000,11,30,93.12
2000,12,1,92.88
2000,12,2,91.80
2000,12,3,92.64
2000,12,4,91.55
2000,12,5,90.38
2000,12,6,89.50
2000,12,7,88.87
2000,12,8,88.26
2000,12,9,89.11
2000,12,10,92.16
2000,12,11,94.61
2000,12,12,94.92
2000,12,13,94.49
2000,12,14,94.17
2000,12,15,93.84
2000,12,16,93.52
2000,12,17,95.20
2000,12,18,95.20
2000,12,19,95.20
2000,12,20,95.20
2000,12,21,94.46
2000,12,22,93.96
2000,12,23,93.53
2000,12,24,95.20
2000,12,25,94.31
2000,12,26,93.86
2000,12,27,93.54
2000,12,28,93.22
2000,12,29,92.75
2000,12,30,92.40
2000,12,31,92.14
2001,1,1,91.92
2001,1,2,91.60
2001,1,3,91.32
2001,1,4,91.10
2001,1,5,90.78
2001,1,6,95.20
2001,1,7,94.68
2001,1,8,94.11
2001,1,9,95.20
2001,1,10,94.88
2001,1,11,94.65
2001,1,12,94.37
2001,1,13,94.00
2001,1,14,93.62
2001,1,15,93.14
2001,1,16,95.20
2001,1,17,95.20
2001,1,18,95.20
2001,1,19,95.09
2001,1,20,95.20
2001,1,21,95.20
2001,1,22,95.20
2001,1,23,94.90
2001,1,24,94.47
2001,1,25,93.84
2001,1,26,93.22
2001,1,27,92.65
2001,1,28,91.83
2001,1,29,95.20
2001,1,30,95.20
2001,1,31,94.84
2001,2,1,94.59
2001,2,2,94.19
2001,2,3,93.62
2001,2,4,93.02
2001,2,5,92.61
2001,2,6,92.09
2001,2,7,91.49
2001,2,8,90.97
2001,2,9,90.51
2001,2,10,90.16
2001,2,11,89.59
2001,2,12,89.33
2001,2,13,89.04
2001,2,14,88.68
2001,2,15,88.24
2001,2,16,87.83
2001,2,17,87.53
2001,2,18,87.12
2001,2,19,86.66
2001,2,20,86.16
2001,2,21,85.56
2001,2,22,85.05
2001,2,23,84.66
2001,2,24,84.30
2001,2,25,83.85
2001,2,26,83.67
2001,2,27,83.00
2001,2,28,82.35
2001,3,1,81.55
2001,3,2,87.17
2001,3,3,88.63
2001,3,4,95.20
2001,3,5,94.40
2001,3,6,95.20
2001,3,7,95.20
2001,3,8,95.20
2001,3,9,95.20
2001,3,10,94.41
2001,3,11,93.79
2001,3,12,93.09
2001,3,13,95.20
2001,3,14,94.58
2001,3,15,95.20
2001,3,16,94.30
2001,3,17,93.50
2001,3,18,93.96
2001,3,19,95.20
2001,3,20,94.65
2001,3,21,94.13
2001,3,22,93.54
2001,3,23,92.80
2001,3,24,91.93
2001,3,25,91.05
2001,3,26,91.22
2001,3,27,90.12
2001,3,28,89.58
2001,3,29,88.45
2001,3,30,87.45
2001,3,31,86.47
2001,4,1,92.50
2001,4,2,95.20
2001,4,3,94.12
2001,4,4,95.20
2001,4,5,95.20
2001,4,6,94.07
2001,4,7,92.94
2001,4,8,91.96
2001,4,9,90.87
2001,4,10,89.61
2001,4,11,87.69
2001,4,12,95.20
2001,4,13,93.01
2001,4,14,92.17
2001,4,15,90.20
2001,4,16,89.17
2001,4,17,93.44
2001,4,18,92.01
2001,4,19,89.68
2001,4,20,88.17
2001,4,21,85.97
2001,4,22,85.95
2001,4,23,84.95
2001,4,24,83.77
2001,4,25,82.35
2001,4,26,80.42
2001,4,27,81.82
2001,4,28,95.20
2001,4,29,93.85
2001,4,30,94.02
2001,5,1,92.91
2001,5,2,91.38
2001,5,3,89.44
2001,5,4,88.47
2001,5,5,87.63
2001,5,6,86.11
2001,5,7,83.78
2001,5,8,84.92
2001,5,9,85.48
2001,5,10,83.71
2001,5,11,81.87
2001,5,12,80.18
2001,5,13,79.46
2001,5,14,77.81
2001,5,15,75.97
2001,5,16,73.67
2001,5,17,70.49
2001,5,18,68.23
2001,5,19,78.17
2001,5,20,81.92
2001,5,21,80.89
2001,5,22,78.84
2001,5,23,76.08
2001,5,24,74.50
2001,5,25,72.49
2001,5,26,70.61
2001,5,27,72.91
2001,5,28,83.66
2001,5,29,82.01
2001,5,30,82.24
2001,5,31,95.20
2001,6,1,95.20
2001,6,2,91.74
2001,6,3,94.45
2001,6,4,93.45
2001,6,5,89.82
2001,6,6,85.57
2001,6,7,80.90
2001,6,8,82.88
2001,6,9,78.97
2001,6,10,76.20
2001,6,11,72.94
2001,6,12,80.23
2001,6,13,78.09
2001,6,14,75.99
2001,6,15,78.13
2001,6,16,76.17
2001,6,17,73.74
2001,6,18,80.68
2001,6,19,89.17
2001,6,20,95.20
2001,6,21,95.20
2001,6,22,93.52
2001,6,23,95.20
2001,6,24,95.20
2001,6,25,91.23
2001,6,26,88.31
2001,6,27,86.75
2001,6,28,95.20
2001,6,29,95.20
2001,6,30,91.68
2001,7,1,87.28
2001,7,2,84.95
2001,7,3,83.93
2001,7,4,79.94
2001,7,5,77.02
2001,7,6,74.15
2001,7,7,71.19
2001,7,8,68.08
2001,7,9,64.57
2001,7,10,60.53
2001,7,11,56.15
2001,7,12,52.12
2001,7,13,47.54
2001,7,14,49.03
2001,7,15,49.89
2001,7,16,45.04
2001,7,17,41.08
2001,7,18,39.11
2001,7,19,56.67
2001,7,20,57.31
2001,7,21,53.83
2001,7,22,50.58
2001,7,23,47.05
2001,7,24,47.14
2001,7,25,44.10
2001,7,26,41.20
2001,7,27,39.61
2001,7,28,40.24
2001,7,29,37.99
2001,7,30,35.78
2001,7,31,33.01
2001,8,1,31.90
2001,8,2,29.79
2001,8,3,27.61
2001,8,4,25.56
2001,8,5,23.40
2001,8,6,22.93
2001,8,7,21.04
2001,8,8,19.00
2001,8,9,16.86
2001,8,10,14.83
2001,8,11,12.65
2001,8,12,27.27
2001,8,13,29.85
2001,8,14,27.70
2001,8,15,26.39
2001,8,16,24.37
2001,8,17,22.59
2001,8,18,31.60
2001,8,19,29.53
2001,8,20,27.51
2001,8,21,25.32
2001,8,22,27.82
2001,8,23,25.20
2001,8,24,27.23
2001,8,25,29.39
2001,8,26,32.86
2001,8,27,31.68
2001,8,28,30.01
2001,8,29,28.59
2001,8,30,28.39
2001,8,31,32.64
2001,9,1,37.65
2001,9,2,38.07
2001,9,3,35.30
2001,9,4,34.63
2001,9,5,32.11
2001,9,6,47.40
2001,9,7,57.01
2001,9,8,54.16
2001,9,9,51.56
2001,9,10,58.76
2001,9,11,60.34
2001,9,12,57.72
2001,9,13,55.52
2001,9,14,53.44
2001,9,15,50.72
2001,9,16,52.08
2001,9,17,55.29
2001,9,18,59.69
2001,9,19,74.32
2001,9,20,81.25
2001,9,21,79.35
2001,9,22,77.25
2001,9,23,75.26
2001,9,24,72.87
2001,9,25,70.74
2001,9,26,69.25
2001,9,27,67.78
2001,9,28,66.44
2001,9,29,72.21
2001,9,30,74.44
2001,10,1,72.99
2001,10,2,71.27
2001,10,3,70.55
2001,10,4,74.62
2001,10,5,73.33
2001,10,6,72.26
2001,10,7,71.01
2001,10,8,69.80
2001,10,9,68.20
2001,10,10,67.06
2001,10,11,65.31
2001,10,12,63.66
2001,10,13,64.42
2001,10,14,63.90
2001,10,15,64.49
2001,10,16,67.35
2001,10,17,65.79
2001,10,18,65.24
2001,10,19,71.50
2001,10,20,72.91
2001,10,21,71.77
2001,10,22,70.95
2001,10,23,69.73
2001,10,24,68.00
2001,10,25,66.62
2001,10,26,81.62
2001,10,27,79.72
2001,10,28,78.43
2001,10,29,77.61
2001,10,30,76.98
2001,10,31,76.18
2001,11,1,75.25
2001,11,2,74.34
2001,11,3,73.39
2001,11,4,72.42
2001,11,5,71.40
2001,11,6,70.62
2001,11,7,69.93
2001,11,8,95.20
2001,11,9,95.20
2001,11,10,94.05
2001,11,11,94.65
2001,11,12,94.21
2001,11,13,92.91
2001,11,14,92.15
2001,11,15,91.55
2001,11,16,90.63
2001,11,17,89.35
2001,11,18,88.09
2001,11,19,87.64
2001,11,20,87.88
2001,11,21,88.72
2001,11,22,92.31
2001,11,23,91.46
2001,11,24,90.83
2001,11,25,95.20
2001,11,26,95.20
2001,11,27,95.20
2001,11,28,94.86
2001,11,29,94.05
2001,11,30,93.59
2001,12,1,92.97
2001,12,2,92.22
2001,12,3,95.20
2001,12,4,95.20
2001,12,5,95.20
2001,12,6,95.20
2001,12,7,95.20
2001,12,8,95.20
2001,12,9,94.52
2001,12,10,95.20
2001,12,11,95.20
2001,12,12,94.79
2001,12,13,94.41
2001,12,14,94.05
2001,12,15,93.65
2001,12,16,93.30
2001,12,17,92.83
2001,12,18,92.35
2001,12,19,91.81
2001,12,20,91.47
2001,12,21,91.21
2001,12,22,90.88
2001,12,23,90.35
2001,12,24,89.74
2001,12,25,95.20
2001,12,26,95.20
2001,12,27,94.37
2001,12,28,93.92
2001,12,29,95.20
2001,12,30,95.20
2001,12,31,94.64
2002,1,1,95.20
2002,1,2,95.20
2002,1,3,94.47
2002,1,4,95.20
2002,1,5,95.20
2002,1,6,94.73
2002,1,7,94.43
2002,1,8,94.04
2002,1,9,95.20
2002,1,10,94.79
2002,1,11,94.49
2002,1,12,94.11
2002,1,13,93.66
2002,1,14,95.20
2002,1,15,95.20
2002,1,16,95.20
2002,1,17,94.61
2002,1,18,94.09
2002,1,19,93.48
2002,1,20,93.86
2002,1,21,93.31
2002,1,22,92.90
2002,1,23,92.51
2002,1,24,92.14
2002,1,25,91.63
2002,1,26,95.20
2002,1,27,95.20
2002,1,28,94.61
2002,1,29,94.30
2002,1,30,94.06
2002,1,31,93.71
2002,2,1,93.40
2002,2,2,93.07
2002,2,3,92.78
2002,2,4,92.36
2002,2,5,91.97
2002,2,6,91.57
2002,2,7,91.13
2002,2,8,90.44
2002,2,9,89.76
2002,2,10,89.17
2002,2,11,88.83
2002,2,12,88.39
2002,2,13,87.87
2002,2,14,87.34
2002,2,15,86.79
2002,2,16,89.88
2002,2,17,89.46
2002,2,18,89.08
2002,2,19,88.42
2002,2,20,95.20
2002,2,21,94.55
2002,2,22,94.21
2002,2,23,93.64
2002,2,24,93.00
2002,2,25,92.51
2002,2,26,95.20
2002,2,27,95.20
2002,2,28,95.20
2002,3,1,95.20
2002,3,2,94.58
2002,3,3,94.12
2002,3,4,93.65
2002,3,5,93.11
2002,3,6,92.72
2002,3,7,92.09
2002,3,8,91.51
2002,3,9,90.95
2002,3,10,90.35
2002,3,11,89.67
2002,3,12,89.26
2002,3,13,88.92
2002,3,14,88.38
2002,3,15,95.20
2002,3,16,95.20
2002,3,17,95.20
2002,3,18,95.20
2002,3,19,95.20
2002,3,20,94.42
2002,3,21,93.75
2002,3,22,92.95
2002,3,23,91.23
2002,3,24,89.44
2002,3,25,87.70
2002,3,26,86.18
2002,3,27,85.01
2002,3,28,86.04
2002,3,29,84.97
2002,3,30,84.23
2002,3,31,85.51
2002,4,1,85.31
2002,4,2,84.99
2002,4,3,83.52
2002,4,4,81.34
2002,4,5,78.78
2002,4,6,77.96
2002,4,7,76.38
2002,4,8,74.74
2002,4,9,73.38
2002,4,10,73.60
2002,4,11,73.16
2002,4,12,71.19
2002,4,13,68.54
2002,4,14,68.34
2002,4,15,71.27
2002,4,16,69.86
2002,4,17,67.35
2002,4,18,66.41
2002,4,19,65.43
2002,4,20,64.35
2002,4,21,63.03
2002,4,22,60.95
2002,4,23,74.81
2002,4,24,76.96
2002,4,25,75.89
2002,4,26,95.20
2002,4,27,93.18
2002,4,28,91.85
2002,4,29,90.31
2002,4,30,88.76
2002,5,1,87.56
2002,5,2,86.02
2002,5,3,85.48
2002,5,4,84.03
2002,5,5,83.72
2002,5,6,82.15
2002,5,7,80.49
2002,5,8,78.97
2002,5,9,77.39
2002,5,10,74.92
2002,5,11,75.52
2002,5,12,73.22
2002,5,13,70.56
2002,5,14,71.43
2002,5,15,78.79
2002,5,16,76.65
2002,5,17,84.86
2002,5,18,95.20
2002,5,19,93.61
2002,5,20,90.15
2002,5,21,87.87
2002,5,22,91.61
2002,5,23,95.20
2002,5,24,93.47
2002,5,25,95.20
2002,5,26,95.20
2002,5,27,92.97
2002,5,28,88.98
2002,5,29,90.16
2002,5,30,90.73
2002,5,31,85.62
2002,6,1,83.10
2002,6,2,80.87
2002,6,3,77.83
2002,6,4,75.50
2002,6,5,95.20
2002,6,6,95.20
2002,6,7,92.11
2002,6,8,89.92
2002,6,9,86.30
2002,6,10,84.59
2002,6,11,81.62
2002,6,12,77.91
2002,6,13,75.62
2002,6,14,77.26
2002,6,15,73.90
2002,6,16,71.20
2002,6,17,69.90
2002,6,18,67.28
2002,6,19,64.36
2002,6,20,61.77
2002,6,21,59.43
2002,6,22,72.90
2002,6,23,80.82
2002,6,24,76.77
2002,6,25,72.72
2002,6,26,69.42
2002,6,27,65.06
2002,6,28,61.58
2002,6,29,57.19
2002,6,30,54.33
2002,7,1,57.15
2002,7,2,65.72
2002,7,3,61.51
2002,7,4,57.76
2002,7,5,53.41
2002,7,6,63.00
2002,7,7,69.60
2002,7,8,67.10
2002,7,9,64.06
2002,7,10,61.04
2002,7,11,58.75
2002,7,12,54.02
2002,7,13,49.79
2002,7,14,52.90
2002,7,15,64.89
2002,7,16,69.97
2002,7,17,66.28
2002,7,18,62.70
2002,7,19,59.47
2002,7,20,57.38
2002,7,21,56.05
2002,7,22,51.49
2002,7,23,46.95
2002,7,24,42.05
2002,7,25,37.03
2002,7,26,32.42
2002,7,27,29.78
2002,7,28,27.00
2002,7,29,25.00
2002,7,30,23.50
2002,7,31,21.54
2002,8,1,19.37
2002,8,2,34.37
2002,8,3,32.34
2002,8,4,29.39
2002,8,5,26.50
2002,8,6,23.69
2002,8,7,30.51
2002,8,8,33.90
2002,8,9,31.14
2002,8,10,28.46
2002,8,11,25.93
2002,8,12,23.44
2002,8,13,23.48
2002,8,14,23.04
2002,8,15,20.40
2002,8,16,18.36
2002,8,17,16.07
2002,8,18,13.80
2002,8,19,12.22
2002,8,20,10.91
2002,8,21,9.53
2002,8,22,8.25
2002,8,23,11.36
2002,8,24,25.63
2002,8,25,37.96
2002,8,26,60.18
2002,8,27,75.77
2002,8,28,72.98
2002,8,29,70.58
2002,8,30,67.80
2002,8,31,64.53
2002,9,1,61.10
2002,9,2,57.45
2002,9,3,53.96
2002,9,4,57.46
2002,9,5,66.84
2002,9,6,63.46
2002,9,7,60.02
2002,9,8,56.80
2002,9,9,53.89
2002,9,10,55.26
2002,9,11,52.89
2002,9,12,50.98
2002,9,13,49.16
2002,9,14,50.20
2002,9,15,54.18
2002,9,16,51.48
2002,9,17,49.45
2002,9,18,49.77
2002,9,19,53.50
2002,9,20,55.01
2002,9,21,53.60
2002,9,22,51.83
2002,9,23,49.23
2002,9,24,48.58
2002,9,25,46.22
2002,9,26,44.68
2002,9,27,43.57
2002,9,28,64.60
2002,9,29,95.20
2002,9,30,93.80
2002,10,1,92.35
2002,10,2,91.46
2002,10,3,95.20
2002,10,4,95.20
2002,10,5,94.17
2002,10,6,92.47
2002,10,7,90.81
2002,10,8,89.12
2002,10,9,87.59
2002,10,10,85.93
2002,10,11,85.00
2002,10,12,84.14
2002,10,13,82.70
2002,10,14,80.92
2002,10,15,79.88
2002,10,16,95.20
2002,10,17,94.62
2002,10,18,93.98
2002,10,19,92.80
2002,10,20,91.26
2002,10,21,89.41
2002,10,22,87.73
2002,10,23,86.51
2002,10,24,94.76
2002,10,25,93.15
2002,10,26,91.53
2002,10,27,90.69
2002,10,28,90.03
2002,10,29,92.42
2002,10,30,91.57
2002,10,31,90.53
2002,11,1,90.46
2002,11,2,95.20
2002,11,3,95.20
2002,11,4,95.20
2002,11,5,95.20
2002,11,6,95.20
2002,11,7,95.20
2002,11,8,94.61
2002,11,9,93.85
2002,11,10,95.20
2002,11,11,95.20
2002,11,12,95.20
2002,11,13,95.03
2002,11,14,95.20
2002,11,15,95.20
2002,11,16,95.20
2002,11,17,94.50
2002,11,18,93.63
2002,11,19,95.20
2002,11,20,94.30
2002,11,21,94.34
2002,11,22,93.42
2002,11,23,95.20
2002,11,24,95.20
2002,11,25,94.57
2002,11,26,94.25
2002,11,27,93.58
2002,11,28,93.10
2002,11,29,92.53
2002,11,30,91.97
2002,12,1,91.42
2002,12,2,95.20
2002,12,3,94.47
2002,12,4,93.65
2002,12,5,93.08
2002,12,6,92.55
2002,12,7,92.05
2002,12,8,91.50
2002,12,9,92.20
2002,12,10,94.15
2002,12,11,95.20
2002,12,12,95.20
2002,12,13,95.20
2002,12,14,94.84
2002,12,15,94.49
2002,12,16,94.05
2002,12,17,93.54
2002,12,18,93.24
2002,12,19,92.76
2002,12,20,92.30
2002,12,21,91.79
2002,12,22,91.35
2002,12,23,90.98
2002,12,24,90.49
2002,12,25,89.96
2002,12,26,89.56
2002,12,27,89.02
2002,12,28,88.64
2002,12,29,88.39
2002,12,30,88.10
2002,12,31,87.69
2003,1,1,87.41
2003,1,2,87.06
2003,1,3,86.73
2003,1,4,86.38
2003,1,5,86.17
2003,1,6,86.00
2003,1,7,85.82
2003,1,8,85.57
2003,1,9,85.19
2003,1,10,84.68
2003,1,11,84.12
2003,1,12,89.65
2003,1,13,89.23
2003,1,14,88.82
2003,1,15,88.50
2003,1,16,88.13
2003,1,17,88.23
2003,1,18,93.69
2003,1,19,95.20
2003,1,20,94.61
2003,1,21,94.13
2003,1,22,93.61
2003,1,23,95.20
2003,1,24,94.63
2003,1,25,94.37
2003,1,26,94.17
2003,1,27,94.00
2003,1,28,93.72
2003,1,29,93.55
2003,1,30,93.27
2003,1,31,92.88
2003,2,1,92.19
2003,2,2,95.20
2003,2,3,95.20
2003,2,4,95.20
2003,2,5,94.91
2003,2,6,94.64
2003,2,7,94.10
2003,2,8,93.65
2003,2,9,93.28
2003,2,10,93.01
2003,2,11,92.79
2003,2,12,92.47
2003,2,13,91.95
2003,2,14,95.20
2003,2,15,95.20
2003,2,16,95.20
2003,2,17,94.51
2003,2,18,93.97
2003,2,19,95.20
2003,2,20,95.20
2003,2,21,95.20
2003,2,22,95.20
2003,2,23,95.20
2003,2,24,94.68
2003,2,25,94.22
2003,2,26,93.67
2003,2,27,93.12
2003,2,28,92.62
2003,3,1,92.28
2003,3,2,91.78
2003,3,3,91.03
2003,3,4,90.48
2003,3,5,90.03
2003,3,6,89.66
2003,3,7,89.27
2003,3,8,88.86
2003,3,9,88.14
2003,3,10,87.50
2003,3,11,86.83
2003,3,12,86.31
2003,3,13,85.73
2003,3,14,85.22
2003,3,15,84.88
2003,3,16,84.42
2003,3,17,89.43
2003,3,18,91.19
2003,3,19,95.20
2003,3,20,95.20
2003,3,21,95.20
2003,3,22,95.20
2003,3,23,95.20
2003,3,24,95.20
2003,3,25,95.20
2003,3,26,95.20
2003,3,27,95.20
2003,3,28,95.20
2003,3,29,95.20
2003,3,30,94.08
2003,3,31,93.22
2003,4,1,92.17
2003,4,2,91.16
2003,4,3,90.11
2003,4,4,88.82
2003,4,5,87.11
2003,4,6,85.02
2003,4,7,83.43
2003,4,8,82.24
2003,4,9,81.09
2003,4,10,80.07
2003,4,11,92.36
2003,4,12,95.20
2003,4,13,94.80
2003,4,14,93.74
2003,4,15,94.69
2003,4,16,94.10
2003,4,17,93.13
2003,4,18,91.56
2003,4,19,90.14
2003,4,20,88.34
2003,4,21,86.46
2003,4,22,84.98
2003,4,23,83.50
2003,4,24,82.61
2003,4,25,83.01
2003,4,26,87.65
2003,4,27,95.20
2003,4,28,95.20
2003,4,29,93.65
2003,4,30,91.30
2003,5,1,88.84
2003,5,2,86.31
2003,5,3,83.89
2003,5,4,81.89
2003,5,5,80.43
2003,5,6,78.94
2003,5,7,77.31
2003,5,8,75.28
2003,5,9,72.29
2003,5,10,69.07
2003,5,11,65.20
2003,5,12,61.89
2003,5,13,60.10
2003,5,14,59.18
2003,5,15,58.10
2003,5,16,56.39
2003,5,17,54.45
2003,5,18,53.90
2003,5,19,51.16
2003,5,20,48.55
2003,5,21,47.11
2003,5,22,43.46
2003,5,23,40.46
2003,5,24,37.47
2003,5,25,35.34
2003,5,26,47.74
2003,5,27,46.66
2003,5,28,44.32
2003,5,29,47.46
2003,5,30,45.46
2003,5,31,44.25
2003,6,1,47.45
2003,6,2,52.89
2003,6,3,48.92
2003,6,4,48.35
2003,6,5,46.98
2003,6,6,46.48
2003,6,7,49.76
2003,6,8,50.66
2003,6,9,54.44
2003,6,10,57.29
2003,6,11,63.09
2003,6,12,61.90
2003,6,13,59.87
2003,6,14,55.68
2003,6,15,50.79
2003,6,16,53.56
2003,6,17,68.36
2003,6,18,67.34
2003,6,19,76.79
2003,6,20,73.44
2003,6,21,70.58
2003,6,22,68.39
2003,6,23,82.96
2003,6,24,79.78
2003,6,25,82.55
2003,6,26,79.35
2003,6,27,76.53
2003,6,28,80.62
2003,6,29,80.66
2003,6,30,89.59
2003,7,1,87.20
2003,7,2,83.58
2003,7,3,81.67
2003,7,4,77.70
2003,7,5,75.16
2003,7,6,83.11
2003,7,7,79.00
2003,7,8,75.46
2003,7,9,71.42
2003,7,10,67.59
2003,7,11,64.01
2003,7,12,60.90
2003,7,13,57.65
2003,7,14,58.90
2003,7,15,54.31
2003,7,16,51.08
2003,7,17,48.14
2003,7,18,44.85
2003,7,19,57.85
2003,7,20,88.22
2003,7,21,95.20
2003,7,22,91.70
2003,7,23,88.20
2003,7,24,84.40
2003,7,25,80.03
2003,7,26,77.05
2003,7,27,75.93
2003,7,28,73.09
2003,7,29,69.60
2003,7,30,65.29
2003,7,31,61.41
2003,8,1,57.92
2003,8,2,56.08
2003,8,3,52.24
2003,8,4,48.31
2003,8,5,44.92
2003,8,6,41.48
2003,8,7,40.00
2003,8,8,38.45
2003,8,9,41.34
2003,8,10,51.03
2003,8,11,46.28
2003,8,12,41.70
2003,8,13,41.88
2003,8,14,38.70
2003,8,15,35.88
2003,8,16,38.45
2003,8,17,35.66
2003,8,18,33.40
2003,8,19,35.39
2003,8,20,32.32
2003,8,21,29.22
2003,8,22,27.29
2003,8,23,25.78
2003,8,24,22.46
2003,8,25,21.22
2003,8,26,19.28
2003,8,27,24.49
2003,8,28,26.04
2003,8,29,23.63
2003,8,30,20.95
2003,8,31,18.35
2003,9,1,16.35
2003,9,2,19.02
2003,9,3,28.09
2003,9,4,25.35
2003,9,5,23.49
2003,9,6,41.97
2003,9,7,47.63
2003,9,8,46.12
2003,9,9,44.45
2003,9,10,42.67
2003,9,11,45.33
2003,9,12,66.16
2003,9,13,65.08
2003,9,14,63.14
2003,9,15,61.00
2003,9,16,58.77
2003,9,17,56.35
2003,9,18,53.71
2003,9,19,51.13
2003,9,20,48.53
2003,9,21,51.12
2003,9,22,49.23
2003,9,23,46.95
2003,9,24,45.53
2003,9,25,44.31
2003,9,26,42.91
2003,9,27,41.03
2003,9,28,38.65
2003,9,29,41.92
2003,9,30,40.31
2003,10,1,38.57
2003,10,2,36.93
2003,10,3,35.27
2003,10,4,40.51
2003,10,5,61.31
2003,10,6,82.93
2003,10,7,95.20
2003,10,8,95.20
2003,10,9,93.77
2003,10,10,91.82
2003,10,11,90.04
2003,10,12,88.07
2003,10,13,86.79
2003,10,14,85.45
2003,10,15,83.85
2003,10,16,82.73
2003,10,17,81.77
2003,10,18,80.38
2003,10,19,78.58
2003,10,20,76.34
2003,10,21,74.30
2003,10,22,73.19
2003,10,23,72.56
2003,10,24,71.98
2003,10,25,71.40
2003,10,26,70.79
2003,10,27,70.08
2003,10,28,68.50
2003,10,29,67.54
2003,10,30,84.53
2003,10,31,95.20
2003,11,1,95.20
2003,11,2,95.20
2003,11,3,94.55
2003,11,4,93.96
2003,11,5,93.29
2003,11,6,92.60
2003,11,7,91.82
2003,11,8,90.85
2003,11,9,89.88
2003,11,10,95.20
2003,11,11,95.20
2003,11,12,94.23
2003,11,13,93.11
2003,11,14,92.12
2003,11,15,91.18
2003,11,16,90.27
2003,11,17,89.35
2003,11,18,88.46
2003,11,19,87.52
2003,11,20,86.39
2003,11,21,85.17
2003,11,22,84.13
2003,11,23,84.41
2003,11,24,86.46
2003,11,25,86.78
2003,11,26,85.77
2003,11,27,84.81
2003,11,28,83.83
2003,11,29,83.03
2003,11,30,81.86
2003,12,1,87.22
2003,12,2,95.20
2003,12,3,95.20
2003,12,4,95.20
2003,12,5,95.20
2003,12,6,94.64
2003,12,7,94.06
2003,12,8,95.20
2003,12,9,95.20
2003,12,10,94.70
2003,12,11,94.19
2003,12,12,93.72
2003,12,13,93.33
2003,12,14,92.92
2003,12,15,92.35
2003,12,16,91.74
2003,12,17,91.19
2003,12,18,90.76
2003,12,19,90.24
2003,12,20,89.77
2003,12,21,89.29
2003,12,22,89.00
2003,12,23,88.76
2003,12,24,88.50
2003,12,25,88.20
2003,12,26,87.92
2003,12,27,87.66
2003,12,28,87.30
2003,12,29,86.77
2003,12,30,86.45
2003,12,31,86.18
2004,1,1,85.84
2004,1,2,85.62
2004,1,3,85.27
2004,1,4,84.97
2004,1,5,84.71
2004,1,6,84.49
2004,1,7,84.24
2004,1,8,83.93
2004,1,9,83.54
2004,1,10,83.29
2004,1,11,83.04
2004,1,12,82.64
2004,1,13,82.34
2004,1,14,82.12
2004,1,15,81.95
2004,1,16,81.61
2004,1,17,81.14
2004,1,18,80.60
2004,1,19,80.40
2004,1,20,80.23
2004,1,21,79.84
2004,1,22,79.50
2004,1,23,79.28
2004,1,24,78.88
2004,1,25,78.44
2004,1,26,77.92
2004,1,27,77.32
2004,1,28,76.83
2004,1,29,76.34
2004,1,30,76.01
2004,1,31,75.86
2004,2,1,75.72
2004,2,2,75.50
2004,2,3,75.26
2004,2,4,75.00
2004,2,5,74.75
2004,2,6,74.37
2004,2,7,74.08
2004,2,8,73.92
2004,2,9,73.68
2004,2,10,73.36
2004,2,11,72.83
2004,2,12,77.59
2004,2,13,76.92
2004,2,14,76.35
2004,2,15,75.93
2004,2,16,75.52
2004,2,17,75.00
2004,2,18,74.55
2004,2,19,74.15
2004,2,20,73.71
2004,2,21,73.17
2004,2,22,72.75
2004,2,23,72.11
2004,2,24,72.41
2004,2,25,73.25
2004,2,26,72.74
2004,2,27,72.07
2004,2,28,87.60
2004,2,29,95.20
2004,3,1,95.20
2004,3,2,94.54
2004,3,3,93.74
2004,3,4,93.06
2004,3,5,92.55
2004,3,6,91.95
2004,3,7,95.20
2004,3,8,94.38
2004,3,9,95.20
2004,3,10,94.41
2004,3,11,93.68
2004,3,12,92.90
2004,3,13,92.07
2004,3,14,91.23
2004,3,15,95.20
2004,3,16,95.20
2004,3,17,95.20
2004,3,18,95.20
2004,3,19,95.20
2004,3,20,95.20
2004,3,21,95.20
2004,3,22,95.20
2004,3,23,94.16
2004,3,24,95.20
2004,3,25,94.42
2004,3,26,93.90
2004,3,27,93.20
2004,3,28,92.34
2004,3,29,92.92
2004,3,30,92.14
2004,3,31,91.29
2004,4,1,90.26
2004,4,2,89.11
2004,4,3,87.62
2004,4,4,87.36
2004,4,5,86.08
2004,4,6,89.61
2004,4,7,88.25
2004,4,8,87.06
2004,4,9,95.20
2004,4,10,95.20
2004,4,11,93.99
2004,4,12,92.62
2004,4,13,95.20
2004,4,14,94.36
2004,4,15,93.01
2004,4,16,93.38
2004,4,17,93.94
2004,4,18,95.20
2004,4,19,93.80
2004,4,20,92.15
2004,4,21,90.47
2004,4,22,87.73
2004,4,23,93.17
2004,4,24,93.66
2004,4,25,91.99
2004,4,26,89.68
2004,4,27,86.86
2004,4,28,83.68
2004,4,29,80.81
2004,4,30,80.90
2004,5,1,79.14
2004,5,2,77.36
2004,5,3,76.48
2004,5,4,74.77
2004,5,5,72.37
2004,5,6,77.88
2004,5,7,75.64
2004,5,8,78.44
2004,5,9,77.65
2004,5,10,76.10
2004,5,11,91.17
2004,5,12,90.38
2004,5,13,91.10
2004,5,14,89.45
2004,5,15,87.46
2004,5,16,85.92
2004,5,17,84.32
2004,5,18,83.37
2004,5,19,95.20
2004,5,20,95.20
2004,5,21,92.12
2004,5,22,88.52
2004,5,23,95.20
2004,5,24,95.20
2004,5,25,95.20
2004,5,26,93.14
2004,5,27,89.10
2004,5,28,84.19
2004,5,29,85.14
2004,5,30,86.23
2004,5,31,82.39
2004,6,1,79.18
2004,6,2,76.09
2004,6,3,71.64
2004,6,4,68.31
2004,6,5,64.85
2004,6,6,60.72
2004,6,7,58.07
2004,6,8,55.66
2004,6,9,52.65
2004,6,10,50.53
2004,6,11,48.53
2004,6,12,46.31
2004,6,13,43.80
2004,6,14,40.67
2004,6,15,38.52
2004,6,16,51.79
2004,6,17,49.30
2004,6,18,46.54
2004,6,19,43.01
2004,6,20,43.57
2004,6,21,51.29
2004,6,22,50.73
2004,6,23,46.63
2004,6,24,44.57
2004,6,25,51.52
2004,6,26,54.46
2004,6,27,52.44
2004,6,28,65.06
2004,6,29,89.42
2004,6,30,85.83
2004,7,1,82.50
2004,7,2,79.44
2004,7,3,76.43
2004,7,4,74.23
2004,7,5,70.94
2004,7,6,68.18
2004,7,7,64.54
2004,7,8,62.51
2004,7,9,77.74
2004,7,10,79.04
2004,7,11,75.90
2004,7,12,72.83
2004,7,13,69.56
2004,7,14,67.47
2004,7,15,62.86
2004,7,16,59.49
2004,7,17,55.82
2004,7,18,52.54
2004,7,19,49.95
2004,7,20,46.48
2004,7,21,44.95
2004,7,22,77.10
2004,7,23,72.85
2004,7,24,68.98
2004,7,25,68.16
2004,7,26,65.20
2004,7,27,62.14
2004,7,28,59.43
2004,7,29,56.38
2004,7,30,53.35
2004,7,31,51.27
2004,8,1,49.02
2004,8,2,45.84
2004,8,3,50.44
2004,8,4,55.10
2004,8,5,52.74
2004,8,6,50.82
2004,8,7,48.21
2004,8,8,45.42
2004,8,9,46.85
2004,8,10,55.98
2004,8,11,58.23
2004,8,12,54.89
2004,8,13,51.14
2004,8,14,47.73
2004,8,15,45.21
2004,8,16,42.95
2004,8,17,40.64
2004,8,18,38.12
2004,8,19,35.75
2004,8,20,33.40
2004,8,21,30.85
2004,8,22,28.68
2004,8,23,28.96
2004,8,24,26.74
2004,8,25,24.09
2004,8,26,21.75
2004,8,27,19.84
2004,8,28,18.16
2004,8,29,16.59
2004,8,30,14.98
2004,8,31,13.26
2004,9,1,12.47
2004,9,2,11.20
2004,9,3,15.01
2004,9,4,14.13
2004,9,5,12.58
2004,9,6,11.26
2004,9,7,10.61
2004,9,8,18.22
2004,9,9,22.99
2004,9,10,21.98
2004,9,11,20.24
2004,9,12,18.32
2004,9,13,16.94
2004,9,14,15.96
2004,9,15,15.08
2004,9,16,14.00
2004,9,17,12.72
2004,9,18,12.19
2004,9,19,11.68
2004,9,20,11.07
2004,9,21,10.31
2004,9,22,9.43
2004,9,23,9.04
2004,9,24,18.82
2004,9,25,19.67
2004,9,26,33.56
2004,9,27,50.17
2004,9,28,58.78
2004,9,29,56.94
2004,9,30,54.74
2004,10,1,55.59
2004,10,2,54.26
2004,10,3,53.07
2004,10,4,52.08
2004,10,5,50.97
2004,10,6,49.71
2004,10,7,48.36
2004,10,8,47.33
2004,10,9,46.54
2004,10,10,45.84
2004,10,11,44.76
2004,10,12,42.90
2004,10,13,40.86
2004,10,14,38.80
2004,10,15,37.06
2004,10,16,35.12
2004,10,17,56.92
2004,10,18,95.20
2004,10,19,95.20
2004,10,20,93.50
2004,10,21,92.13
2004,10,22,90.76
2004,10,23,89.13
2004,10,24,91.10
2004,10,25,90.40
2004,10,26,89.34
2004,10,27,88.14
2004,10,28,86.44
2004,10,29,85.58
2004,10,30,84.80
2004,10,31,83.76
2004,11,1,82.52
2004,11,2,81.10
2004,11,3,79.43
2004,11,4,78.24
2004,11,5,77.30
2004,11,6,76.51
2004,11,7,75.47
2004,11,8,82.56
2004,11,9,95.20
2004,11,10,95.20
2004,11,11,93.75
2004,11,12,93.22
2004,11,13,92.85
2004,11,14,92.27
2004,11,15,91.71
2004,11,16,91.56
2004,11,17,91.22
2004,11,18,90.18
2004,11,19,89.65
2004,11,20,88.40
2004,11,21,87.28
2004,11,22,89.86
2004,11,23,95.20
2004,11,24,95.20
2004,11,25,95.20
2004,11,26,95.20
2004,11,27,94.62
2004,11,28,94.06
2004,11,29,93.42
2004,11,30,92.57
2004,12,1,91.62
2004,12,2,93.46
2004,12,3,95.20
2004,12,4,95.20
2004,12,5,94.62
2004,12,6,93.85
2004,12,7,93.29
2004,12,8,92.77
2004,12,9,92.27
2004,12,10,91.82
2004,12,11,91.41
2004,12,12,91.00
2004,12,13,90.51
2004,12,14,89.97
2004,12,15,89.54
2004,12,16,89.22
2004,12,17,88.85
2004,12,18,88.55
2004,12,19,88.22
2004,12,20,87.82
2004,12,21,87.41
2004,12,22,86.93
2004,12,23,86.59
2004,12,24,86.25
2004,12,25,85.80
2004,12,26,85.30
2004,12,27,84.71
2004,12,28,84.27
2004,12,29,83.91
2004,12,30,83.51
2004,12,31,83.17
2005,1,1,82.89
2005,1,2,82.58
2005,1,3,92.27
2005,1,4,91.72
2005,1,5,91.38
2005,1,6,91.09
2005,1,7,90.66
2005,1,8,90.35
2005,1,9,90.15
2005,1,10,89.92
2005,1,11,89.62
2005,1,12,89.24
2005,1,13,89.02
2005,1,14,88.89
2005,1,15,88.63
2005,1,16,95.20
2005,1,17,94.77
2005,1,18,94.21
2005,1,19,93.70
2005,1,20,93.20
2005,1,21,92.90
2005,1,22,92.67
2005,1,23,92.40
2005,1,24,91.98
2005,1,25,91.37
2005,1,26,91.08
2005,1,27,90.86
2005,1,28,90.57
2005,1,29,90.25
2005,1,30,89.82
2005,1,31,89.28
2005,2,1,88.72
2005,2,2,88.34
2005,2,3,87.98
2005,2,4,87.54
2005,2,5,87.05
2005,2,6,86.45
2005,2,7,85.86
2005,2,8,85.51
2005,2,9,85.26
2005,2,10,85.06
2005,2,11,84.79
2005,2,12,84.45
2005,2,13,83.93
2005,2,14,95.20
2005,2,15,95.20
2005,2,16,94.44
2005,2,17,93.71
2005,2,18,93.15
2005,2,19,92.77
2005,2,20,92.43
2005,2,21,92.00
2005,2,22,91.47
2005,2,23,95.20
2005,2,24,95.20
2005,2,25,94.58
2005,2,26,93.90
2005,2,27,93.19
2005,2,28,95.20
2005,3,1,95.20
2005,3,2,94.58
2005,3,3,94.21
2005,3,4,93.71
2005,3,5,95.20
2005,3,6,95.20
2005,3,7,94.82
2005,3,8,94.48
2005,3,9,95.20
2005,3,10,95.20
2005,3,11,95.20
2005,3,12,94.46
2005,3,13,93.73
2005,3,14,95.20
2005,3,15,95.20
2005,3,16,95.20
2005,3,17,95.20
2005,3,18,95.20
2005,3,19,94.59
2005,3,20,93.85
2005,3,21,95.20
2005,3,22,95.20
2005,3,23,95.20
2005,3,24,95.20
2005,3,25,95.20
2005,3,26,95.20
2005,3,27,95.20
2005,3,28,95.20
2005,3,29,93.66
2005,3,30,92.46
2005,3,31,91.23
2005,4,1,95.20
2005,4,2,95.20
2005,4,3,95.20
2005,4,4,95.20
2005,4,5,93.83
2005,4,6,92.77
2005,4,7,92.27
2005,4,8,95.20
2005,4,9,95.20
2005,4,10,95.20
2005,4,11,93.66
2005,4,12,95.20
2005,4,13,95.20
2005,4,14,95.20
2005,4,15,95.20
2005,4,16,94.15
2005,4,17,92.63
2005,4,18,90.60
2005,4,19,88.84
2005,4,20,87.45
2005,4,21,86.08
2005,4,22,85.02
2005,4,23,84.18
2005,4,24,82.38
2005,4,25,81.84
2005,4,26,91.33
2005,4,27,90.74
2005,4,28,89.65
2005,4,29,88.51
2005,4,30,87.85
2005,5,1,86.38
2005,5,2,84.78
2005,5,3,86.43
2005,5,4,91.53
2005,5,5,89.98
2005,5,6,93.49
2005,5,7,95.20
2005,5,8,93.50
2005,5,9,95.20
2005,5,10,95.20
2005,5,11,95.20
2005,5,12,93.86
2005,5,13,91.94
2005,5,14,91.08
2005,5,15,88.40
2005,5,16,86.13
2005,5,17,83.19
2005,5,18,93.68
2005,5,19,95.20
2005,5,20,93.32
2005,5,21,92.53
2005,5,22,90.53
2005,5,23,89.24
2005,5,24,86.68
2005,5,25,95.20
2005,5,26,95.20
2005,5,27,95.20
2005,5,28,95.20
2005,5,29,92.80
2005,5,30,89.40
2005,5,31,86.77
2005,6,1,83.76
2005,6,2,80.84
2005,6,3,77.61
2005,6,4,73.31
2005,6,5,73.21
2005,6,6,70.94
2005,6,7,66.97
2005,6,8,62.65
2005,6,9,58.29
2005,6,10,59.15
2005,6,11,58.50
2005,6,12,56.28
2005,6,13,53.48
2005,6,14,50.24
2005,6,15,50.10
2005,6,16,46.26
2005,6,17,43.01
2005,6,18,40.12
2005,6,19,36.95
2005,6,20,33.67
2005,6,21,29.34
2005,6,22,25.04
2005,6,23,22.56
2005,6,24,20.36
2005,6,25,18.49
2005,6,26,16.17
2005,6,27,13.31
2005,6,28,16.79
2005,6,29,41.10
2005,6,30,59.48
2005,7,1,64.73
2005,7,2,61.94
2005,7,3,58.78
2005,7,4,55.11
2005,7,5,52.93
2005,7,6,50.46
2005,7,7,48.57
2005,7,8,44.41
2005,7,9,40.27
2005,7,10,37.64
2005,7,11,35.80
2005,7,12,43.26
2005,7,13,43.86
2005,7,14,42.76
2005,7,15,40.62
2005,7,16,50.47
2005,7,17,68.11
2005,7,18,65.77
2005,7,19,70.12
2005,7,20,67.83
2005,7,21,65.38
2005,7,22,65.82
2005,7,23,73.77
2005,7,24,70.33
2005,7,25,66.93
2005,7,26,65.53
2005,7,27,60.02
2005,7,28,54.57
2005,7,29,52.36
2005,7,30,49.76
2005,7,31,47.43
2005,8,1,46.13
2005,8,2,43.87
2005,8,3,39.91
2005,8,4,38.37
2005,8,5,35.17
2005,8,6,32.90
2005,8,7,30.53
2005,8,8,27.87
2005,8,9,24.88
2005,8,10,26.36
2005,8,11,26.23
2005,8,12,24.59
2005,8,13,23.04
2005,8,14,20.71
2005,8,15,18.39
2005,8,16,16.13
2005,8,17,14.18
2005,8,18,12.20
2005,8,19,10.13
2005,8,20,8.46
2005,8,21,7.10
2005,8,22,8.10
2005,8,23,7.44
2005,8,24,6.43
2005,8,25,5.66
2005,8,26,5.13
2005,8,27,4.47
2005,8,28,3.77
2005,8,29,3.24
2005,8,30,2.73
2005,8,31,2.33
2005,9,1,1.92
2005,9,2,1.70
2005,9,3,1.40
2005,9,4,1.19
2005,9,5,2.23
2005,9,6,1.96
2005,9,7,1.77
2005,9,8,1.64
2005,9,9,1.51
2005,9,10,1.40
2005,9,11,31.36
2005,9,12,31.73
2005,9,13,31.43
2005,9,14,32.53
2005,9,15,40.97
2005,9,16,41.77
2005,9,17,45.90
2005,9,18,46.38
2005,9,19,44.16
2005,9,20,41.86
2005,9,21,40.50
2005,9,22,49.17
2005,9,23,70.41
2005,9,24,85.90
2005,9,25,88.74
2005,9,26,86.36
2005,9,27,84.10
2005,9,28,81.80
2005,9,29,82.61
2005,9,30,80.67
2005,10,1,80.17
2005,10,2,95.20
2005,10,3,95.20
2005,10,4,94.23
2005,10,5,94.89
2005,10,6,94.17
2005,10,7,95.20
2005,10,8,93.86
2005,10,9,93.77
2005,10,10,93.02
2005,10,11,91.73
2005,10,12,90.66
2005,10,13,89.84
2005,10,14,88.39
2005,10,15,87.46
2005,10,16,89.32
2005,10,17,95.20
2005,10,18,95.20
2005,10,19,93.73
2005,10,20,92.10
2005,10,21,90.88
2005,10,22,89.93
2005,10,23,88.73
2005,10,24,87.61
2005,10,25,87.77
2005,10,26,86.53
2005,10,27,87.27
2005,10,28,85.74
2005,10,29,90.59
2005,10,30,95.20
2005,10,31,93.13
2005,11,1,93.61
2005,11,2,92.53
2005,11,3,91.98
2005,11,4,91.22
2005,11,5,90.03
2005,11,6,88.63
2005,11,7,87.82
2005,11,8,87.27
2005,11,9,86.48
2005,11,10,85.57
2005,11,11,84.43
2005,11,12,82.88
2005,11,13,83.53
2005,11,14,95.20
2005,11,15,95.20
2005,11,16,94.79
2005,11,17,93.63
2005,11,18,93.89
2005,11,19,93.31
2005,11,20,93.02
2005,11,21,92.04
2005,11,22,91.37
2005,11,23,90.57
2005,11,24,89.71
2005,11,25,89.21
2005,11,26,88.53
2005,11,27,87.77
2005,11,28,86.97
2005,11,29,86.59
2005,11,30,86.89
2005,12,1,86.28
2005,12,2,85.62
2005,12,3,84.86
2005,12,4,83.93
2005,12,5,84.65
2005,12,6,84.12
2005,12,7,83.86
2005,12,8,83.57
2005,12,9,83.06
2005,12,10,82.56
2005,12,11,82.33
2005,12,12,81.98
2005,12,13,81.73
2005,12,14,81.40
2005,12,15,81.02
2005,12,16,80.52
2005,12,17,79.90
2005,12,18,79.47
2005,12,19,79.06
2005,12,20,78.73
2005,12,21,78.32
2005,12,22,78.11
2005,12,23,77.90
2005,12,24,77.35
2005,12,25,76.75
2005,12,26,76.26
2005,12,27,82.66
2005,12,28,95.20
2005,12,29,95.20
2005,12,30,95.20
2005,12,31,94.65
2005,1,1,82.89
2005,1,2,82.58
2005,1,3,92.27
2005,1,4,91.72
2005,1,5,91.38
2005,1,6,91.09
2005,1,7,90.66
2005,1,8,90.35
2005,1,9,90.15
2005,1,10,89.92
2005,1,11,89.62
2005,1,12,89.24
2005,1,13,89.02
2005,1,14,88.89
2005,1,15,88.63
2005,1,16,95.20
2005,1,17,94.77
2005,1,18,94.21
2005,1,19,93.70
2005,1,20,93.20
2005,1,21,92.90
2005,1,22,92.67
2005,1,23,92.40
2005,1,24,91.98
2005,1,25,91.37
2005,1,26,91.08
2005,1,27,90.86
2005,1,28,90.57
2005,1,29,90.25
2005,1,30,89.82
2005,1,31,89.28
2005,2,1,88.72
2005,2,2,88.34
2005,2,3,87.98
2005,2,4,87.54
2005,2,5,87.05
2005,2,6,86.45
2005,2,7,85.86
2005,2,8,85.51
2005,2,9,85.26
2005,2,10,85.06
2005,2,11,84.79
2005,2,12,84.45
2005,2,13,83.93
2005,2,14,95.20
2005,2,15,95.20
2005,2,16,94.44
2005,2,17,93.71
2005,2,18,93.15
2005,2,19,92.77
2005,2,20,92.43
2005,2,21,92.00
2005,2,22,91.47
2005,2,23,95.20
2005,2,24,95.20
2005,2,25,94.58
2005,2,26,93.90
2005,2,27,93.19
2005,2,28,95.20
2005,3,1,95.20
2005,3,2,94.58
2005,3,3,94.21
2005,3,4,93.71
2005,3,5,95.20
2005,3,6,95.20
2005,3,7,94.82
2005,3,8,94.48
2005,3,9,95.20
2005,3,10,95.20
2005,3,11,95.20
2005,3,12,94.46
2005,3,13,93.73
2005,3,14,95.20
2005,3,15,95.20
2005,3,16,95.20
2005,3,17,95.20
2005,3,18,95.20
2005,3,19,94.59
2005,3,20,93.85
2005,3,21,95.20
2005,3,22,95.20
2005,3,23,95.20
2005,3,24,95.20
2005,3,25,95.20
2005,3,26,95.20
2005,3,27,95.20
2005,3,28,95.20
2005,3,29,93.66
2005,3,30,92.46
2005,3,31,91.23
2005,4,1,95.20
2005,4,2,95.20
2005,4,3,95.20
2005,4,4,95.20
2005,4,5,93.83
2005,4,6,92.77
2005,4,7,92.27
2005,4,8,95.20
2005,4,9,95.20
2005,4,10,95.20
2005,4,11,93.66
2005,4,12,95.20
2005,4,13,95.20
2005,4,14,95.20
2005,4,15,95.20
2005,4,16,94.15
2005,4,17,92.63
2005,4,18,90.60
2005,4,19,88.84
2005,4,20,87.45
2005,4,21,86.08
2005,4,22,85.02
2005,4,23,84.18
2005,4,24,82.38
2005,4,25,81.84
2005,4,26,91.33
2005,4,27,90.74
2005,4,28,89.65
2005,4,29,88.51
2005,4,30,87.85
2005,5,1,86.38
2005,5,2,84.78
2005,5,3,86.43
2005,5,4,91.53
2005,5,5,89.98
2005,5,6,93.49
2005,5,7,95.20
2005,5,8,93.50
2005,5,9,95.20
2005,5,10,95.20
2005,5,11,95.20
2005,5,12,93.86
2005,5,13,91.94
2005,5,14,91.08
2005,5,15,88.40
2005,5,16,86.13
2005,5,17,83.19
2005,5,18,93.68
2005,5,19,95.20
2005,5,20,93.32
2005,5,21,92.53
2005,5,22,90.53
2005,5,23,89.24
2005,5,24,86.68
2005,5,25,95.20
2005,5,26,95.20
2005,5,27,95.20
2005,5,28,95.20
2005,5,29,92.80
2005,5,30,89.40
2005,5,31,86.77
2005,6,1,83.76
2005,6,2,80.84
2005,6,3,77.61
2005,6,4,73.31
2005,6,5,73.21
2005,6,6,70.94
2005,6,7,66.97
2005,6,8,62.65
2005,6,9,58.29
2005,6,10,59.15
2005,6,11,58.50
2005,6,12,56.28
2005,6,13,53.48
2005,6,14,50.24
2005,6,15,50.10
2005,6,16,46.26
2005,6,17,43.01
2005,6,18,40.12
2005,6,19,36.95
2005,6,20,33.67
2005,6,21,29.34
2005,6,22,25.04
2005,6,23,22.56
2005,6,24,20.36
2005,6,25,18.49
2005,6,26,16.17
2005,6,27,13.31
2005,6,28,16.79
2005,6,29,41.10
2005,6,30,59.48
2005,7,1,64.73
2005,7,2,61.94
2005,7,3,58.78
2005,7,4,55.11
2005,7,5,52.93
2005,7,6,50.46
2005,7,7,48.57
2005,7,8,44.41
2005,7,9,40.27
2005,7,10,37.64
2005,7,11,35.80
2005,7,12,43.26
2005,7,13,43.86
2005,7,14,42.76
2005,7,15,40.62
2005,7,16,50.47
2005,7,17,68.11
2005,7,18,65.77
2005,7,19,70.12
2005,7,20,67.83
2005,7,21,65.38
2005,7,22,65.82
2005,7,23,73.77
2005,7,24,70.33
2005,7,25,66.93
2005,7,26,65.53
2005,7,27,60.02
2005,7,28,54.57
2005,7,29,52.36
2005,7,30,49.76
2005,7,31,47.43
2005,8,1,46.13
2005,8,2,43.87
2005,8,3,39.91
2005,8,4,38.37
2005,8,5,35.17
2005,8,6,32.90
2005,8,7,30.53
2005,8,8,27.87
2005,8,9,24.88
2005,8,10,26.36
2005,8,11,26.23
2005,8,12,24.59
2005,8,13,23.04
2005,8,14,20.71
2005,8,15,18.39
2005,8,16,16.13
2005,8,17,14.18
2005,8,18,12.20
2005,8,19,10.13
2005,8,20,8.46
2005,8,21,7.10
2005,8,22,8.10
2005,8,23,7.44
2005,8,24,6.43
2005,8,25,5.66
2005,8,26,5.13
2005,8,27,4.47
2005,8,28,3.77
2005,8,29,3.24
2005,8,30,2.73
2005,8,31,2.33
2005,9,1,1.92
2005,9,2,1.70
2005,9,3,1.40
2005,9,4,1.19
2005,9,5,2.23
2005,9,6,1.96
2005,9,7,1.77
2005,9,8,1.64
2005,9,9,1.51
2005,9,10,1.40
2005,9,11,31.36
2005,9,12,31.73
2005,9,13,31.43
2005,9,14,32.53
2005,9,15,40.97
2005,9,16,41.77
2005,9,17,45.90
2005,9,18,46.38
2005,9,19,44.16
2005,9,20,41.86
2005,9,21,40.50
2005,9,22,49.17
2005,9,23,70.41
2005,9,24,85.90
2005,9,25,88.74
2005,9,26,86.36
2005,9,27,84.10
2005,9,28,81.80
2005,9,29,82.61
2005,9,30,80.67
2005,10,1,80.17
2005,10,2,95.20
2005,10,3,95.20
2005,10,4,94.23
2005,10,5,94.89
2005,10,6,94.17
2005,10,7,95.20
2005,10,8,93.86
2005,10,9,93.77
2005,10,10,93.02
2005,10,11,91.73
2005,10,12,90.66
2005,10,13,89.84
2005,10,14,88.39
2005,10,15,87.46
2005,10,16,89.32
2005,10,17,95.20
2005,10,18,95.20
2005,10,19,93.73
2005,10,20,92.10
2005,10,21,90.88
2005,10,22,89.93
2005,10,23,88.73
2005,10,24,87.61
2005,10,25,87.77
2005,10,26,86.53
2005,10,27,87.27
2005,10,28,85.74
2005,10,29,90.59
2005,10,30,95.20
2005,10,31,93.13
2005,11,1,93.61
2005,11,2,92.53
2005,11,3,91.98
2005,11,4,91.22
2005,11,5,90.03
2005,11,6,88.63
2005,11,7,87.82
2005,11,8,87.27
2005,11,9,86.48
2005,11,10,85.57
2005,11,11,84.43
2005,11,12,82.88
2005,11,13,83.53
2005,11,14,95.20
2005,11,15,95.20
2005,11,16,94.79
2005,11,17,93.63
2005,11,18,93.89
2005,11,19,93.31
2005,11,20,93.02
2005,11,21,92.04
2005,11,22,91.37
2005,11,23,90.57
2005,11,24,89.71
2005,11,25,89.21
2005,11,26,88.53
2005,11,27,87.77
2005,11,28,86.97
2005,11,29,86.59
2005,11,30,86.89
2005,12,1,86.28
2005,12,2,85.62
2005,12,3,84.86
2005,12,4,83.93
2005,12,5,84.65
2005,12,6,84.12
2005,12,7,83.86
2005,12,8,83.57
2005,12,9,83.06
2005,12,10,82.56
2005,12,11,82.33
2005,12,12,81.98
2005,12,13,81.73
2005,12,14,81.40
2005,12,15,81.02
2005,12,16,80.52
2005,12,17,79.90
2005,12,18,79.47
2005,12,19,79.06
2005,12,20,78.73
2005,12,21,78.32
2005,12,22,78.11
2005,12,23,77.90
2005,12,24,77.35
2005,12,25,76.75
2005,12,26,76.26
2005,12,27,82.66
2005,12,28,95.20
2005,12,29,95.20
2005,12,30,95.20
2005,12,31,94.65
2006,1,1,95.20
2006,1,2,95.20
2006,1,3,95.07
2006,1,4,94.65
2006,1,5,94.02
2006,1,6,93.62
2006,1,7,93.26
2006,1,8,95.20
2006,1,9,95.20
2006,1,10,95.20
2006,1,11,94.49
2006,1,12,94.00
2006,1,13,93.70
2006,1,14,93.22
2006,1,15,92.79
2006,1,16,92.30
2006,1,17,93.12
2006,1,18,92.53
2006,1,19,92.19
2006,1,20,91.97
2006,1,21,91.66
2006,1,22,91.32
2006,1,23,90.99
2006,1,24,90.58
2006,1,25,90.05
2006,1,26,89.46
2006,1,27,88.94
2006,1,28,88.39
2006,1,29,88.02
2006,1,30,87.68
2006,1,31,87.19
2006,2,1,86.74
2006,2,2,86.43
2006,2,3,86.30
2006,2,4,86.09
2006,2,5,85.85
2006,2,6,85.59
2006,2,7,85.24
2006,2,8,84.90
2006,2,9,84.61
2006,2,10,84.43
2006,2,11,84.03
2006,2,12,94.80
2006,2,13,95.20
2006,2,14,94.46
2006,2,15,95.20
2006,2,16,95.20
2006,2,17,94.52
2006,2,18,93.83
2006,2,19,95.20
2006,2,20,95.20
2006,2,21,95.20
2006,2,22,93.64
2006,2,23,94.99
2006,2,24,94.05
2006,2,25,93.63
2006,2,26,93.22
2006,2,27,92.67
2006,2,28,91.91
2006,3,1,91.05
2006,3,2,92.19
2006,3,3,91.06
2006,3,4,95.20
2006,3,5,95.20
2006,3,6,94.43
2006,3,7,94.95
2006,3,8,94.23
2006,3,9,93.56
2006,3,10,92.96
2006,3,11,92.36
2006,3,12,95.20
2006,3,13,94.52
2006,3,14,93.99
2006,3,15,93.35
2006,3,16,92.63
2006,3,17,91.74
2006,3,18,90.68
2006,3,19,89.94
2006,3,20,89.20
2006,3,21,88.32
2006,3,22,87.31
2006,3,23,87.40
2006,3,24,86.68
2006,3,25,85.84
2006,3,26,85.17
2006,3,27,94.51
2006,3,28,93.19
2006,3,29,93.47
2006,3,30,92.27
2006,3,31,92.50
2006,4,1,93.46
2006,4,2,92.39
2006,4,3,91.02
2006,4,4,89.82
2006,4,5,88.49
2006,4,6,86.95
2006,4,7,85.90
2006,4,8,85.60
2006,4,9,84.70
2006,4,10,83.33
2006,4,11,82.03
2006,4,12,80.27
2006,4,13,79.52
2006,4,14,78.39
2006,4,15,77.30
2006,4,16,75.59
2006,4,17,73.71
2006,4,18,73.06
2006,4,19,72.21
2006,4,20,70.90
2006,4,21,69.78
2006,4,22,67.68
2006,4,23,65.97
2006,4,24,63.70
2006,4,25,73.47
2006,4,26,82.50
2006,4,27,83.31
2006,4,28,81.60
2006,4,29,79.59
2006,4,30,76.89
2006,5,1,73.96
2006,5,2,71.61
2006,5,3,69.83
2006,5,4,68.30
2006,5,5,66.66
2006,5,6,64.66
2006,5,7,61.25
2006,5,8,62.57
2006,5,9,60.52
2006,5,10,58.71
2006,5,11,55.87
2006,5,12,53.22
2006,5,13,65.59
2006,5,14,66.54
2006,5,15,64.76
2006,5,16,66.67
2006,5,17,72.30
2006,5,18,70.36
2006,5,19,68.61
2006,5,20,66.62
2006,5,21,64.27
2006,5,22,61.91
2006,5,23,59.67
2006,5,24,61.96
2006,5,25,62.46
2006,5,26,61.39
2006,5,27,59.54
2006,5,28,75.50
2006,5,29,77.66
2006,5,30,73.21
2006,5,31,67.91
2006,6,1,68.48
2006,6,2,70.32
2006,6,3,68.22
2006,6,4,66.57
2006,6,5,63.77
2006,6,6,61.17
2006,6,7,58.81
2006,6,8,56.29
2006,6,9,52.32
2006,6,10,49.22
2006,6,11,51.37
2006,6,12,49.60
2006,6,13,45.72
2006,6,14,53.99
2006,6,15,59.01
2006,6,16,55.11
2006,6,17,51.63
2006,6,18,48.51
2006,6,19,45.56
2006,6,20,41.90
2006,6,21,40.69
2006,6,22,40.42
2006,6,23,37.17
2006,6,24,34.66
2006,6,25,31.93
2006,6,26,29.27
2006,6,27,45.80
2006,6,28,58.87
2006,6,29,55.73
2006,6,30,52.29
2006,7,1,48.95
2006,7,2,45.57
2006,7,3,41.76
2006,7,4,39.10
2006,7,5,35.44
2006,7,6,31.41
2006,7,7,27.09
2006,7,8,23.00
2006,7,9,19.87
2006,7,10,18.18
2006,7,11,16.11
2006,7,12,13.58
2006,7,13,11.43
2006,7,14,9.52
2006,7,15,19.47
2006,7,16,22.36
2006,7,17,20.88
2006,7,18,20.37
2006,7,19,27.16
2006,7,20,24.74
2006,7,21,22.52
2006,7,22,20.41
2006,7,23,18.38
2006,7,24,18.15
2006,7,25,25.34
2006,7,26,22.78
2006,7,27,20.47
2006,7,28,24.15
2006,7,29,37.47
2006,7,30,41.98
2006,7,31,40.61
2006,8,1,38.02
2006,8,2,34.62
2006,8,3,31.38
2006,8,4,28.34
2006,8,5,25.48
2006,8,6,24.63
2006,8,7,20.87
2006,8,8,18.47
2006,8,9,16.28
2006,8,10,14.16
2006,8,11,13.56
2006,8,12,11.50
2006,8,13,9.91
2006,8,14,8.78
2006,8,15,23.00
2006,8,16,23.28
2006,8,17,21.23
2006,8,18,22.57
2006,8,19,21.07
2006,8,20,19.36
2006,8,21,17.56
2006,8,22,15.62
2006,8,23,14.05
2006,8,24,11.65
2006,8,25,10.69
2006,8,26,19.61
2006,8,27,22.49
2006,8,28,20.74
2006,8,29,19.03
2006,8,30,17.29
2006,8,31,15.49
2006,9,1,14.42
2006,9,2,31.39
2006,9,3,52.37
2006,9,4,51.88
2006,9,5,48.49
2006,9,6,48.64
2006,9,7,56.40
2006,9,8,54.00
2006,9,9,51.78
2006,9,10,49.68
2006,9,11,51.58
2006,9,12,49.58
2006,9,13,47.88
2006,9,14,45.83
2006,9,15,43.39
2006,9,16,41.00
2006,9,17,38.38
2006,9,18,36.51
2006,9,19,35.27
2006,9,20,33.64
2006,9,21,32.29
2006,9,22,30.85
2006,9,23,31.36
2006,9,24,29.40
2006,9,25,28.22
2006,9,26,27.10
2006,9,27,25.99
2006,9,28,24.73
2006,9,29,23.55
2006,9,30,28.15
2006,10,1,29.52
2006,10,2,28.01
2006,10,3,26.43
2006,10,4,25.17
2006,10,5,23.89
2006,10,6,22.84
2006,10,7,21.71
2006,10,8,32.02
2006,10,9,35.39
2006,10,10,33.79
2006,10,11,32.87
2006,10,12,31.99
2006,10,13,30.92
2006,10,14,29.71
2006,10,15,28.32
2006,10,16,26.96
2006,10,17,26.03
2006,10,18,25.15
2006,10,19,24.08
2006,10,20,28.46
2006,10,21,53.46
2006,10,22,52.30
2006,10,23,51.28
2006,10,24,51.38
2006,10,25,75.99
2006,10,26,76.26
2006,10,27,75.35
2006,10,28,74.11
2006,10,29,72.80
2006,10,30,71.75
2006,10,31,70.78
2006,11,1,69.53
2006,11,2,68.32
2006,11,3,67.13
2006,11,4,65.84
2006,11,5,67.41
2006,11,6,82.86
2006,11,7,81.99
2006,11,8,81.38
2006,11,9,81.10
2006,11,10,80.06
2006,11,11,79.70
2006,11,12,82.10
2006,11,13,82.95
2006,11,14,82.20
2006,11,15,81.59
2006,11,16,81.01
2006,11,17,91.57
2006,11,18,92.36
2006,11,19,91.60
2006,11,20,90.76
2006,11,21,92.90
2006,11,22,95.20
2006,11,23,95.20
2006,11,24,95.20
2006,11,25,94.55
2006,11,26,94.76
2006,11,27,95.20
2006,11,28,94.66
2006,11,29,93.82
2006,11,30,93.17
2006,12,1,92.62
2006,12,2,91.99
2006,12,3,95.20
2006,12,4,94.74
2006,12,5,94.38
2006,12,6,94.04
2006,12,7,93.52
2006,12,8,93.01
2006,12,9,92.55
2006,12,10,92.22
2006,12,11,91.73
2006,12,12,91.29
2006,12,13,91.00
2006,12,14,90.77
2006,12,15,90.52
2006,12,16,90.27
2006,12,17,89.92
2006,12,18,89.50
2006,12,19,95.20
2006,12,20,95.20
2006,12,21,95.20
2006,12,22,95.20
2006,12,23,95.20
2006,12,24,94.46
2006,12,25,93.98
2006,12,26,95.20
2006,12,27,95.20
2006,12,28,94.73
2006,12,29,94.19
2006,12,30,93.71
2006,12,31,93.24
2007,1,1,93.36
2007,1,2,92.90
2007,1,3,92.57
2007,1,4,92.13
2007,1,5,91.57
2007,1,6,91.25
2007,1,7,91.03
2007,1,8,90.76
2007,1,9,90.30
2007,1,10,95.20
2007,1,11,94.81
2007,1,12,94.47
2007,1,13,94.13
2007,1,14,93.65
2007,1,15,95.20
2007,1,16,95.00
2007,1,17,94.47
2007,1,18,93.96
2007,1,19,93.65
2007,1,20,93.39
2007,1,21,92.97
2007,1,22,92.39
2007,1,23,92.02
2007,1,24,91.56
2007,1,25,92.37
2007,1,26,91.99
2007,1,27,91.64
2007,1,28,91.41
2007,1,29,91.12
2007,1,30,90.79
2007,1,31,90.34
2007,2,1,95.20
2007,2,2,94.58
2007,2,3,94.21
2007,2,4,93.73
2007,2,5,95.20
2007,2,6,95.20
2007,2,7,95.20
2007,2,8,94.80
2007,2,9,94.40
2007,2,10,93.82
2007,2,11,95.20
2007,2,12,94.69
2007,2,13,94.20
2007,2,14,93.51
2007,2,15,92.91
2007,2,16,95.20
2007,2,17,95.20
2007,2,18,94.55
2007,2,19,95.20
2007,2,20,94.56
2007,2,21,94.14
2007,2,22,93.72
2007,2,23,93.42
2007,2,24,92.99
2007,2,25,92.55
2007,2,26,92.09
2007,2,27,91.56
2007,2,28,90.88
2007,3,1,90.33
2007,3,2,89.95
2007,3,3,89.33
2007,3,4,88.64
2007,3,5,88.21
2007,3,6,87.71
2007,3,7,87.10
2007,3,8,86.38
2007,3,9,95.20
2007,3,10,95.20
2007,3,11,94.65
2007,3,12,94.17
2007,3,13,93.67
2007,3,14,93.12
2007,3,15,92.42
2007,3,16,94.01
2007,3,17,93.28
2007,3,18,93.71
2007,3,19,95.20
2007,3,20,95.20
2007,3,21,95.20
2007,3,22,95.20
2007,3,23,94.98
2007,3,24,95.20
2007,3,25,95.20
2007,3,26,95.20
2007,3,27,95.20
2007,3,28,94.30
2007,3,29,95.20
2007,3,30,95.20
2007,3,31,94.20
2007,4,1,93.14
2007,4,2,92.04
2007,4,3,90.94
2007,4,4,90.57
2007,4,5,89.66
2007,4,6,91.04
2007,4,7,94.32
2007,4,8,93.03
2007,4,9,92.17
2007,4,10,91.32
2007,4,11,90.37
2007,4,12,89.23
2007,4,13,88.62
2007,4,14,87.36
2007,4,15,86.08
2007,4,16,84.79
2007,4,17,86.39
2007,4,18,95.20
2007,4,19,95.20
2007,4,20,95.20
2007,4,21,95.20
2007,4,22,94.31
2007,4,23,93.14
2007,4,24,91.93
2007,4,25,91.53
2007,4,26,90.21
2007,4,27,88.94
2007,4,28,87.10
2007,4,29,85.03
2007,4,30,83.61
2007,5,1,90.61
2007,5,2,91.42
2007,5,3,91.13
2007,5,4,95.20
2007,5,5,95.20
2007,5,6,95.20
2007,5,7,94.01
2007,5,8,93.75
2007,5,9,89.83
2007,5,10,86.07
2007,5,11,92.87
2007,5,12,90.03
2007,5,13,86.95
2007,5,14,84.07
2007,5,15,81.01
2007,5,16,78.90
2007,5,17,76.84
2007,5,18,74.74
2007,5,19,72.50
2007,5,20,70.50
2007,5,21,71.34
2007,5,22,93.43
2007,5,23,95.20
2007,5,24,92.43
2007,5,25,90.19
2007,5,26,90.38
2007,5,27,88.69
2007,5,28,85.10
2007,5,29,81.23
2007,5,30,83.01
2007,5,31,82.06
2007,6,1,78.83
2007,6,2,76.55
2007,6,3,74.40
2007,6,4,72.11
2007,6,5,69.70
2007,6,6,68.41
2007,6,7,66.83
2007,6,8,64.65
2007,6,9,62.32
2007,6,10,59.25
2007,6,11,57.50
2007,6,12,55.13
2007,6,13,59.21
2007,6,14,66.62
2007,6,15,67.21
2007,6,16,63.90
2007,6,17,59.72
2007,6,18,67.85
2007,6,19,67.62
2007,6,20,64.10
2007,6,21,59.60
2007,6,22,54.84
2007,6,23,49.75
2007,6,24,44.63
2007,6,25,41.06
2007,6,26,38.09
2007,6,27,35.97
2007,6,28,33.86
2007,6,29,31.61
2007,6,30,29.58
2007,7,1,29.26
2007,7,2,31.20
2007,7,3,30.17
2007,7,4,26.77
2007,7,5,25.51
2007,7,6,37.71
2007,7,7,46.29
2007,7,8,44.35
2007,7,9,44.84
2007,7,10,40.90
2007,7,11,45.78
2007,7,12,46.13
2007,7,13,42.19
2007,7,14,38.23
2007,7,15,34.78
2007,7,16,30.69
2007,7,17,25.95
2007,7,18,21.83
2007,7,19,28.63
2007,7,20,31.78
2007,7,21,28.01
2007,7,22,24.27
2007,7,23,21.19
2007,7,24,19.75
2007,7,25,16.81
2007,7,26,15.20
2007,7,27,12.55
2007,7,28,10.61
2007,7,29,8.99
2007,7,30,7.38
2007,7,31,5.89
2007,8,1,4.62
2007,8,2,4.01
2007,8,3,3.34
2007,8,4,2.78
2007,8,5,2.32
2007,8,6,1.90
2007,8,7,1.56
2007,8,8,1.24
2007,8,9,1.13
2007,8,10,0.95
2007,8,11,0.83
2007,8,12,0.73
2007,8,13,0.62
2007,8,14,11.61
2007,8,15,12.80
2007,8,16,10.92
2007,8,17,9.38
2007,8,18,8.35
2007,8,19,11.94
2007,8,20,11.62
2007,8,21,10.55
2007,8,22,9.27
2007,8,23,8.22
2007,8,24,7.29
2007,8,25,7.46
2007,8,26,8.77
2007,8,27,7.80
2007,8,28,6.84
2007,8,29,5.59
2007,8,30,4.69
2007,8,31,4.13
2007,9,1,5.15
2007,9,2,39.83
2007,9,3,49.01
2007,9,4,48.16
2007,9,5,49.01
2007,9,6,46.62
2007,9,7,44.77
2007,9,8,42.88
2007,9,9,40.44
2007,9,10,37.66
2007,9,11,34.87
2007,9,12,31.87
2007,9,13,30.03
2007,9,14,28.86
2007,9,15,27.95
2007,9,16,26.64
2007,9,17,24.55
2007,9,18,22.99
2007,9,19,21.22
2007,9,20,19.32
2007,9,21,17.38
2007,9,22,16.45
2007,9,23,15.50
2007,9,24,30.70
2007,9,25,32.72
2007,9,26,32.02
2007,9,27,31.23
2007,9,28,40.99
2007,9,29,85.28
2007,9,30,83.80
2007,10,1,82.13
2007,10,2,80.75
2007,10,3,79.33
2007,10,4,77.75
2007,10,5,76.61
2007,10,6,75.77
2007,10,7,74.77
2007,10,8,73.41
2007,10,9,71.55
2007,10,10,69.78
2007,10,11,86.18
2007,10,12,95.20
2007,10,13,95.20
2007,10,14,93.64
2007,10,15,93.68
2007,10,16,95.20
2007,10,17,95.20
2007,10,18,93.88
2007,10,19,93.29
2007,10,20,91.40
2007,10,21,95.20
2007,10,22,95.20
2007,10,23,94.28
2007,10,24,93.25
2007,10,25,92.13
2007,10,26,90.85
2007,10,27,89.38
2007,10,28,87.98
2007,10,29,86.65
2007,10,30,85.87
2007,10,31,84.66
2007,11,1,83.43
2007,11,2,82.67
2007,11,3,82.03
2007,11,4,81.28
2007,11,5,82.53
2007,11,6,95.20
2007,11,7,95.20
2007,11,8,95.20
2007,11,9,95.20
2007,11,10,95.20
2007,11,11,94.08
2007,11,12,93.14
2007,11,13,95.20
2007,11,14,95.20
2007,11,15,94.25
2007,11,16,93.13
2007,11,17,92.43
2007,11,18,94.01
2007,11,19,93.38
2007,11,20,92.68
2007,11,21,92.35
2007,11,22,91.65
2007,11,23,91.18
2007,11,24,93.97
2007,11,25,93.39
2007,11,26,95.20
2007,11,27,95.20
2007,11,28,95.20
2007,11,29,94.52
2007,11,30,94.02
2007,12,1,93.40
2007,12,2,92.22
2007,12,3,95.20
2007,12,4,94.63
2007,12,5,94.23
2007,12,6,93.85
2007,12,7,93.51
2007,12,8,93.24
2007,12,9,92.93
2007,12,10,92.50
2007,12,11,91.97
2007,12,12,91.47
2007,12,13,90.92
2007,12,14,90.61
2007,12,15,90.28
2007,12,16,89.76
2007,12,17,89.23
2007,12,18,88.74
2007,12,19,88.22
2007,12,20,95.20
2007,12,21,94.75
2007,12,22,94.46
2007,12,23,94.24
2007,12,24,93.92
2007,12,25,93.50
2007,12,26,93.08
2007,12,27,92.64
2007,12,28,92.11
2007,12,29,91.67
2007,12,30,91.32
2007,12,31,91.01
2008,1,1,90.60
2008,1,2,90.22
2008,1,3,89.68
2008,1,4,95.20
2008,1,5,94.77
2008,1,6,94.41
2008,1,7,94.13
2008,1,8,93.62
2008,1,9,95.20
2008,1,10,94.58
2008,1,11,94.17
2008,1,12,93.73
2008,1,13,93.33
2008,1,14,93.11
2008,1,15,92.76
2008,1,16,92.53
2008,1,17,92.38
2008,1,18,92.20
2008,1,19,91.84
2008,1,20,91.57
2008,1,21,91.24
2008,1,22,90.65
2008,1,23,90.33
2008,1,24,90.13
2008,1,25,90.00
2008,1,26,89.86
2008,1,27,89.70
2008,1,28,89.52
2008,1,29,89.22
2008,1,30,89.01
2008,1,31,88.85
2008,2,1,88.58
2008,2,2,95.20
2008,2,3,94.53
2008,2,4,94.00
2008,2,5,93.49
2008,2,6,93.13
2008,2,7,92.61
2008,2,8,91.98
2008,2,9,91.69
2008,2,10,91.32
2008,2,11,95.20
2008,2,12,95.20
2008,2,13,94.72
2008,2,14,94.20
2008,2,15,93.81
2008,2,16,93.45
2008,2,17,95.20
2008,2,18,94.64
2008,2,19,94.17
2008,2,20,93.76
2008,2,21,93.25
2008,2,22,92.61
2008,2,23,93.54
2008,2,24,95.20
2008,2,25,94.47
2008,2,26,94.11
2008,2,27,93.80
2008,2,28,93.41
2008,2,29,92.97
2008,3,1,92.38
2008,3,2,91.88
2008,3,3,91.21
2008,3,4,90.51
2008,3,5,89.75
2008,3,6,89.07
2008,3,7,88.44
2008,3,8,87.76
2008,3,9,95.20
2008,3,10,95.20
2008,3,11,94.61
2008,3,12,93.77
2008,3,13,95.20
2008,3,14,95.20
2008,3,15,95.20
2008,3,16,95.20
2008,3,17,95.20
2008,3,18,95.20
2008,3,19,95.20
2008,3,20,93.79
2008,3,21,91.98
2008,3,22,91.03
2008,3,23,89.92
2008,3,24,89.16
2008,3,25,88.49
2008,3,26,87.28
2008,3,27,86.07
2008,3,28,93.86
2008,3,29,92.79
2008,3,30,92.03
2008,3,31,91.24
2008,4,1,95.20
2008,4,2,95.20
2008,4,3,95.20
2008,4,4,94.31
2008,4,5,93.28
2008,4,6,95.20
2008,4,7,95.20
2008,4,8,93.88
2008,4,9,92.81
2008,4,10,91.37
2008,4,11,89.65
2008,4,12,86.93
2008,4,13,84.30
2008,4,14,81.97
2008,4,15,79.94
2008,4,16,77.81
2008,4,17,77.85
2008,4,18,76.43
2008,4,19,74.29
2008,4,20,79.65
2008,4,21,95.20
2008,4,22,95.20
2008,4,23,93.77
2008,4,24,94.90
2008,4,25,95.20
2008,4,26,95.20
2008,4,27,95.20
2008,4,28,95.20
2008,4,29,92.42
2008,4,30,89.07
2008,5,1,86.37
2008,5,2,84.05
2008,5,3,81.54
2008,5,4,80.30
2008,5,5,80.08
2008,5,6,76.50
2008,5,7,75.10
2008,5,8,73.58
2008,5,9,71.41
2008,5,10,69.10
2008,5,11,67.35
2008,5,12,65.56
2008,5,13,64.24
2008,5,14,63.11
2008,5,15,61.53
2008,5,16,59.82
2008,5,17,57.44
2008,5,18,58.60
2008,5,19,55.14
2008,5,20,51.90
2008,5,21,51.31
2008,5,22,48.50
2008,5,23,46.36
2008,5,24,44.26
2008,5,25,44.16
2008,5,26,43.25
2008,5,27,40.75
2008,5,28,42.02
2008,5,29,48.07
2008,5,30,47.31
2008,5,31,45.64
2008,6,1,44.73
2008,6,2,42.18
2008,6,3,41.31
2008,6,4,41.50
2008,6,5,38.35
2008,6,6,35.61
2008,6,7,40.75
2008,6,8,46.13
2008,6,9,52.69
2008,6,10,49.56
2008,6,11,46.19
2008,6,12,43.67
2008,6,13,44.96
2008,6,14,43.40
2008,6,15,41.21
2008,6,16,46.22
2008,6,17,46.56
2008,6,18,43.51
2008,6,19,41.02
2008,6,20,40.57
2008,6,21,38.05
2008,6,22,35.73
2008,6,23,33.34
2008,6,24,31.04
2008,6,25,28.42
2008,6,26,37.02
2008,6,27,33.12
2008,6,28,28.78
2008,6,29,26.04
2008,6,30,23.93
2008,7,1,22.03
2008,7,2,19.79
2008,7,3,17.59
2008,7,4,16.27
2008,7,5,20.97
2008,7,6,18.19
2008,7,7,16.68
2008,7,8,19.85
2008,7,9,17.59
2008,7,10,28.43
2008,7,11,26.55
2008,7,12,28.83
2008,7,13,26.82
2008,7,14,25.21
2008,7,15,23.13
2008,7,16,22.31
2008,7,17,20.01
2008,7,18,18.02
2008,7,19,15.25
2008,7,20,13.14
2008,7,21,11.18
2008,7,22,9.33
2008,7,23,7.85
2008,7,24,6.70
2008,7,25,5.66
2008,7,26,7.09
2008,7,27,6.67
2008,7,28,5.77
2008,7,29,4.50
2008,7,30,3.67
2008,7,31,2.89
2008,8,1,2.38
2008,8,2,2.22
2008,8,3,1.68
2008,8,4,1.57
2008,8,5,1.42
2008,8,6,1.13
2008,8,7,0.89
2008,8,8,0.72
2008,8,9,0.66
2008,8,10,0.52
2008,8,11,0.41
2008,8,12,0.33
2008,8,13,0.26
2008,8,14,0.25
2008,8,15,0.24
2008,8,16,0.23
2008,8,17,0.20
2008,8,18,0.17
2008,8,19,10.22
2008,8,20,13.00
2008,8,21,13.96
2008,8,22,12.23
2008,8,23,11.04
2008,8,24,11.61
2008,8,25,10.93
2008,8,26,9.73
2008,8,27,8.45
2008,8,28,7.24
2008,8,29,6.33
2008,8,30,15.84
2008,8,31,14.66
2008,9,1,12.73
2008,9,2,10.90
2008,9,3,9.53
2008,9,4,8.53
2008,9,5,7.52
2008,9,6,6.96
2008,9,7,5.99
2008,9,8,5.05
2008,9,9,4.41
2008,9,10,3.84
2008,9,11,3.41
2008,9,12,6.38
2008,9,13,5.92
2008,9,14,5.13
2008,9,15,4.68
2008,9,16,3.97
2008,9,17,3.33
2008,9,18,6.51
2008,9,19,13.50
2008,9,20,14.57
2008,9,21,35.66
2008,9,22,33.09
2008,9,23,31.22
2008,9,24,31.80
2008,9,25,31.71
2008,9,26,30.37
2008,9,27,29.04
2008,9,28,28.97
2008,9,29,27.43
2008,9,30,25.84
2008,10,1,30.02
2008,10,2,34.29
2008,10,3,57.28
2008,10,4,61.90
2008,10,5,60.79
2008,10,6,58.88
2008,10,7,57.36
2008,10,8,56.40
2008,10,9,55.30
2008,10,10,54.61
2008,10,11,53.27
2008,10,12,51.84
2008,10,13,50.72
2008,10,14,49.48
2008,10,15,48.05
2008,10,16,46.51
2008,10,17,44.65
2008,10,18,43.05
2008,10,19,41.69
2008,10,20,40.32
2008,10,21,39.77
2008,10,22,38.30
2008,10,23,37.98
2008,10,24,35.94
2008,10,25,33.79
2008,10,26,35.70
2008,10,27,61.57
2008,10,28,81.47
2008,10,29,88.13
2008,10,30,87.34
2008,10,31,87.36
2008,11,1,86.74
2008,11,2,86.07
2008,11,3,85.39
2008,11,4,84.39
2008,11,5,86.11
2008,11,6,95.20
2008,11,7,95.20
2008,11,8,94.44
2008,11,9,93.47
2008,11,10,92.32
2008,11,11,95.20
2008,11,12,95.20
2008,11,13,93.92
2008,11,14,92.96
2008,11,15,92.15
2008,11,16,91.35
2008,11,17,90.53
2008,11,18,90.00
2008,11,19,89.16
2008,11,20,88.26
2008,11,21,95.20
2008,11,22,95.20
2008,11,23,94.52
2008,11,24,93.82
2008,11,25,92.76
2008,11,26,91.69
2008,11,27,95.20
2008,11,28,95.20
2008,11,29,94.29
2008,11,30,93.72
2008,12,1,95.20
2008,12,2,94.61
2008,12,3,94.14
2008,12,4,93.62
2008,12,5,95.20
2008,12,6,94.06
2008,12,7,93.58
2008,12,8,93.31
2008,12,9,93.02
2008,12,10,92.68
2008,12,11,92.29
2008,12,12,91.98
2008,12,13,91.59
2008,12,14,91.10
2008,12,15,90.69
2008,12,16,90.33
2008,12,17,89.80
2008,12,18,89.44
2008,12,19,89.20
2008,12,20,88.98
2008,12,21,88.70
2008,12,22,88.39
2008,12,23,88.16
2008,12,24,88.00
2008,12,25,87.74
2008,12,26,87.44
2008,12,27,95.20
2008,12,28,95.20
2008,12,29,95.20
2008,12,30,95.20
2008,12,31,94.72
2009,1,1,94.42
2009,1,2,94.07
2009,1,3,93.73
2009,1,4,93.37
2009,1,5,92.82
2009,1,6,92.49
2009,1,7,92.23
2009,1,8,92.05
2009,1,9,91.82
2009,1,10,91.65
2009,1,11,91.33
2009,1,12,91.00
2009,1,13,90.67
2009,1,14,90.29
2009,1,15,95.20
2009,1,16,95.20
2009,1,17,95.20
2009,1,18,95.20
2009,1,19,95.20
2009,1,20,95.20
2009,1,21,95.20
2009,1,22,95.20
2009,1,23,95.20
2009,1,24,94.88
2009,1,25,94.68
2009,1,26,94.31
2009,1,27,93.81
2009,1,28,93.47
2009,1,29,93.21
2009,1,30,93.08
2009,1,31,92.92
2009,2,1,92.63
2009,2,2,92.35
2009,2,3,92.15
2009,2,4,91.90
2009,2,5,91.33
2009,2,6,90.78
2009,2,7,95.20
2009,2,8,95.20
2009,2,9,95.20
2009,2,10,95.20
2009,2,11,94.78
2009,2,12,94.35
2009,2,13,93.95
2009,2,14,93.48
2009,2,15,92.88
2009,2,16,92.43
2009,2,17,91.96
2009,2,18,95.20
2009,2,19,94.60
2009,2,20,94.14
2009,2,21,95.20
2009,2,22,95.20
2009,2,23,94.64
2009,2,24,95.20
2009,2,25,94.28
2009,2,26,93.70
2009,2,27,93.31
2009,2,28,92.65
2009,3,1,91.98
2009,3,2,95.20
2009,3,3,95.20
2009,3,4,95.20
2009,3,5,94.42
2009,3,6,93.70
2009,3,7,95.20
2009,3,8,95.20
2009,3,9,94.48
2009,3,10,93.95
2009,3,11,93.31
2009,3,12,92.67
2009,3,13,91.56
2009,3,14,92.08
2009,3,15,91.21
2009,3,16,90.13
2009,3,17,88.68
2009,3,18,88.45
2009,3,19,87.12
2009,3,20,89.10
2009,3,21,88.43
2009,3,22,87.69
2009,3,23,93.15
2009,3,24,95.20
2009,3,25,94.19
2009,3,26,93.44
2009,3,27,95.20
2009,3,28,94.26
2009,3,29,92.98
2009,3,30,92.36
2009,3,31,91.19
2009,4,1,90.02
2009,4,2,88.16
2009,4,3,86.02
2009,4,4,91.26
2009,4,5,90.29
2009,4,6,89.18
2009,4,7,91.95
2009,4,8,95.20
2009,4,9,93.95
2009,4,10,94.55
2009,4,11,95.20
2009,4,12,93.46
2009,4,13,95.20
2009,4,14,95.20
2009,4,15,94.81
2009,4,16,93.72
2009,4,17,95.20
2009,4,18,95.20
2009,4,19,95.20
2009,4,20,93.72
2009,4,21,92.17
2009,4,22,90.04
2009,4,23,89.34
2009,4,24,88.78
2009,4,25,86.96
2009,4,26,85.81
2009,4,27,84.42
2009,4,28,83.52
2009,4,29,87.36
2009,4,30,85.70
2009,5,1,84.31
2009,5,2,82.48
2009,5,3,82.49
2009,5,4,80.77
2009,5,5,79.45
2009,5,6,77.91
2009,5,7,76.43
2009,5,8,75.20
2009,5,9,74.37
2009,5,10,72.50
2009,5,11,85.86
2009,5,12,85.18
2009,5,13,84.00
2009,5,14,85.59
2009,5,15,82.08
2009,5,16,80.33
2009,5,17,84.76
2009,5,18,90.81
2009,5,19,88.60
2009,5,20,86.84
2009,5,21,84.35
2009,5,22,81.64
2009,5,23,80.85
2009,5,24,77.72
2009,5,25,81.45
2009,5,26,91.26
2009,5,27,93.37
2009,5,28,89.31
2009,5,29,91.59
2009,5,30,90.02
2009,5,31,86.86
2009,6,1,82.50
2009,6,2,91.64
2009,6,3,88.69
2009,6,4,86.00
2009,6,5,83.57
2009,6,6,87.61
2009,6,7,86.75
2009,6,8,83.94
2009,6,9,83.55
2009,6,10,80.77
2009,6,11,77.51
2009,6,12,74.49
2009,6,13,71.91
2009,6,14,69.32
2009,6,15,66.70
2009,6,16,63.14
2009,6,17,63.82
2009,6,18,60.49
2009,6,19,57.83
2009,6,20,55.00
2009,6,21,52.49
2009,6,22,56.06
2009,6,23,76.21
2009,6,24,74.16
2009,6,25,72.19
2009,6,26,69.04
2009,6,27,65.36
2009,6,28,67.17
2009,6,29,89.17
2009,6,30,95.20
2009,7,1,92.28
2009,7,2,89.48
2009,7,3,86.11
2009,7,4,86.53
2009,7,5,93.94
2009,7,6,93.01
2009,7,7,88.56
2009,7,8,84.55
2009,7,9,80.35
2009,7,10,76.43
2009,7,11,72.28
2009,7,12,68.37
2009,7,13,66.15
2009,7,14,65.29
2009,7,15,73.80
2009,7,16,70.11
2009,7,17,66.64
2009,7,18,62.09
2009,7,19,58.96
2009,7,20,55.80
2009,7,21,52.63
2009,7,22,51.30
2009,7,23,49.10
2009,7,24,46.03
2009,7,25,42.37
2009,7,26,38.94
2009,7,27,35.51
2009,7,28,32.02
2009,7,29,28.88
2009,7,30,29.29
2009,7,31,33.12
2009,8,1,38.06
2009,8,2,36.47
2009,8,3,33.32
2009,8,4,31.02
2009,8,5,28.26
2009,8,6,25.87
2009,8,7,23.51
2009,8,8,21.21
2009,8,9,18.96
2009,8,10,16.78
2009,8,11,15.61
2009,8,12,13.26
2009,8,13,11.24
2009,8,14,9.58
2009,8,15,7.93
2009,8,16,6.69
2009,8,17,6.06
2009,8,18,11.53
2009,8,19,12.25
2009,8,20,16.40
2009,8,21,16.64
2009,8,22,15.24
2009,8,23,14.01
2009,8,24,12.71
2009,8,25,12.57
2009,8,26,14.19
2009,8,27,13.30
2009,8,28,12.67
2009,8,29,16.05
2009,8,30,17.35
2009,8,31,15.44
2009,9,1,14.01
2009,9,2,12.67
2009,9,3,11.30
2009,9,4,10.20
2009,9,5,9.30
2009,9,6,8.42
2009,9,7,7.58
2009,9,8,7.54
2009,9,9,21.64
2009,9,10,39.48
2009,9,11,38.39
2009,9,12,36.78
2009,9,13,35.10
2009,9,14,39.61
2009,9,15,37.70
2009,9,16,36.37
2009,9,17,34.97
2009,9,18,33.28
2009,9,19,31.81
2009,9,20,30.10
2009,9,21,29.00
2009,9,22,27.45
2009,9,23,26.40
2009,9,24,39.64
2009,9,25,69.67
2009,9,26,75.62
2009,9,27,77.86
2009,9,28,82.82
2009,9,29,88.00
2009,9,30,87.37
2009,10,1,88.29
2009,10,2,87.27
2009,10,3,89.72
2009,10,4,95.20
2009,10,5,92.87
2009,10,6,91.58
2009,10,7,94.01
2009,10,8,95.20
2009,10,9,93.69
2009,10,10,94.29
2009,10,11,92.99
2009,10,12,91.75
2009,10,13,95.20
2009,10,14,95.20
2009,10,15,93.73
2009,10,16,92.13
2009,10,17,90.85
2009,10,18,89.56
2009,10,19,88.49
2009,10,20,87.39
2009,10,21,86.56
2009,10,22,85.86
2009,10,23,85.11
2009,10,24,84.04
2009,10,25,82.87
2009,10,26,81.72
2009,10,27,86.16
2009,10,28,90.91
2009,10,29,89.79
2009,10,30,88.76
2009,10,31,87.50
2009,11,1,92.93
2009,11,2,95.20
2009,11,3,94.15
2009,11,4,93.20
2009,11,5,92.26
2009,11,6,94.68
2009,11,7,95.20
2009,11,8,95.20
2009,11,9,93.99
2009,11,10,93.24
2009,11,11,92.66
2009,11,12,92.10
2009,11,13,91.41
2009,11,14,93.34
2009,11,15,92.04
2009,11,16,91.40
2009,11,17,90.98
2009,11,18,90.20
2009,11,19,90.31
2009,11,20,90.29
2009,11,21,89.58
2009,11,22,92.28
2009,11,23,91.53
2009,11,24,90.76
2009,11,25,90.19
2009,11,26,89.79
2009,11,27,89.26
2009,11,28,88.59
2009,11,29,87.97
2009,11,30,87.25
2009,12,1,86.57
2009,12,2,85.89
2009,12,3,85.49
2009,12,4,85.82
2009,12,5,86.43
2009,12,6,85.81
2009,12,7,85.25
2009,12,8,84.73
2009,12,9,84.18
2009,12,10,83.72
2009,12,11,83.33
2009,12,12,82.81
2009,12,13,82.39
2009,12,14,82.01
2009,12,15,81.65
2009,12,16,81.23
2009,12,17,80.84
2009,12,18,80.44
2009,12,19,79.99
2009,12,20,79.63
2009,12,21,79.37
2009,12,22,79.13
2009,12,23,78.76
2009,12,24,78.37
2009,12,25,77.79
2009,12,26,77.32
2009,12,27,76.82
2009,12,28,76.46
2009,12,29,76.20
2009,12,30,75.82
2009,12,31,75.30
2010,1,1,74.85
2010,1,2,84.12
2010,1,3,83.74
2010,1,4,83.32
2010,1,5,82.88
2010,1,6,82.36
2010,1,7,81.83
2010,1,8,81.40
2010,1,9,81.01
2010,1,10,80.71
2010,1,11,80.32
2010,1,12,79.80
2010,1,13,93.47
2010,1,14,95.20
2010,1,15,94.74
2010,1,16,94.39
2010,1,17,94.09
2010,1,18,93.81
2010,1,19,93.39
2010,1,20,92.92
2010,1,21,92.46
2010,1,22,95.20
2010,1,23,94.60
2010,1,24,94.21
2010,1,25,93.91
2010,1,26,93.66
2010,1,27,93.35
2010,1,28,93.11
2010,1,29,92.97
2010,1,30,92.82
2010,1,31,92.70
2010,2,1,92.57
2010,2,2,92.34
2010,2,3,92.07
2010,2,4,91.76
2010,2,5,91.39
2010,2,6,90.99
2010,2,7,90.61
2010,2,8,90.12
2010,2,9,89.59
2010,2,10,89.06
2010,2,11,88.45
2010,2,12,88.28
2010,2,13,95.20
2010,2,14,95.20
2010,2,15,94.60
2010,2,16,94.07
2010,2,17,93.62
2010,2,18,93.28
2010,2,19,92.79
2010,2,20,92.13
2010,2,21,91.65
2010,2,22,91.11
2010,2,23,90.67
2010,2,24,90.25
2010,2,25,89.73
2010,2,26,89.12
2010,2,27,88.42
2010,2,28,87.72
2010,3,1,95.20
2010,3,2,95.20
2010,3,3,95.20
2010,3,4,95.20
2010,3,5,94.51
2010,3,6,93.82
2010,3,7,93.36
2010,3,8,92.92
2010,3,9,92.37
2010,3,10,91.55
2010,3,11,90.76
2010,3,12,92.66
2010,3,13,95.20
2010,3,14,95.20
2010,3,15,95.20
2010,3,16,95.20
2010,3,17,95.20
2010,3,18,95.20
2010,3,19,95.20
2010,3,20,95.20
2010,3,21,95.20
2010,3,22,95.20
2010,3,23,95.20
2010,3,24,95.20
2010,3,25,95.20
2010,3,26,95.20
2010,3,27,95.20
2010,3,28,95.20
2010,3,29,95.20
2010,3,30,95.20
2010,3,31,95.20
2010,4,1,95.20
2010,4,2,94.41
2010,4,3,95.20
2010,4,4,93.76
2010,4,5,93.23
2010,4,6,91.66
2010,4,7,89.51
2010,4,8,87.66
2010,4,9,86.12
2010,4,10,84.25
2010,4,11,84.01
2010,4,12,82.31
2010,4,13,82.11
2010,4,14,86.14
2010,4,15,85.99
2010,4,16,84.53
2010,4,17,82.80
2010,4,18,85.61
2010,4,19,89.03
2010,4,20,90.49
2010,4,21,89.38
2010,4,22,88.11
2010,4,23,89.32
2010,4,24,90.45
2010,4,25,92.52
2010,4,26,93.78
2010,4,27,92.59
2010,4,28,91.31
2010,4,29,89.32
2010,4,30,86.84
2010,5,1,85.11
2010,5,2,90.82
2010,5,3,91.16
2010,5,4,95.15
2010,5,5,94.85
2010,5,6,93.11
2010,5,7,91.46
2010,5,8,88.39
2010,5,9,88.97
2010,5,10,95.20
2010,5,11,95.20
2010,5,12,95.20
2010,5,13,95.20
2010,5,14,94.03
2010,5,15,91.00
2010,5,16,87.71
2010,5,17,86.48
2010,5,18,84.49
2010,5,19,82.24
2010,5,20,81.02
2010,5,21,76.38
2010,5,22,72.40
2010,5,23,68.36
2010,5,24,64.35
2010,5,25,60.60
2010,5,26,59.39
2010,5,27,57.68
2010,5,28,56.01
2010,5,29,52.91
2010,5,30,53.41
2010,5,31,53.64
2010,6,1,51.39
2010,6,2,51.12
2010,6,3,48.17
2010,6,4,45.42
2010,6,5,39.90
2010,6,6,36.91
2010,6,7,34.13
2010,6,8,31.99
2010,6,9,29.58
2010,6,10,27.78
2010,6,11,26.05
2010,6,12,22.80
2010,6,13,24.71
2010,6,14,27.48
2010,6,15,24.39
2010,6,16,22.01
2010,6,17,22.42
2010,6,18,19.99
2010,6,19,16.88
2010,6,20,21.50
2010,6,21,18.19
2010,6,22,15.23
2010,6,23,12.75
2010,6,24,10.37
2010,6,25,8.56
2010,6,26,6.81
2010,6,27,5.44
2010,6,28,4.05
2010,6,29,3.01
2010,6,30,2.61
2010,7,1,2.16
2010,7,2,1.82
2010,7,3,1.46
2010,7,4,7.47
2010,7,5,23.34
2010,7,6,24.77
2010,7,7,27.09
2010,7,8,24.52
2010,7,9,23.32
2010,7,10,42.69
2010,7,11,39.47
2010,7,12,36.50
2010,7,13,34.70
2010,7,14,38.15
2010,7,15,42.96
2010,7,16,50.52
2010,7,17,46.72
2010,7,18,42.50
2010,7,19,37.45
2010,7,20,33.54
2010,7,21,29.55
2010,7,22,28.83
2010,7,23,25.49
2010,7,24,22.84
2010,7,25,20.23
2010,7,26,17.65
2010,7,27,15.89
2010,7,28,14.81
2010,7,29,13.54
2010,7,30,11.09
2010,7,31,30.89
2010,8,1,28.47
2010,8,2,26.09
2010,8,3,24.61
2010,8,4,22.54
2010,8,5,20.38
2010,8,6,18.05
2010,8,7,15.63
2010,8,8,15.24
2010,8,9,16.68
2010,8,10,15.55
2010,8,11,13.95
2010,8,12,13.51
2010,8,13,13.06
2010,8,14,11.31
2010,8,15,9.85
2010,8,16,8.32
2010,8,17,7.00
2010,8,18,6.18
2010,8,19,5.02
2010,8,20,8.92
2010,8,21,24.02
2010,8,22,21.44
2010,8,23,19.02
2010,8,24,16.58
2010,8,25,16.58
2010,8,26,15.11
2010,8,27,13.78
2010,8,28,12.52
2010,8,29,11.31
2010,8,30,10.02
2010,8,31,8.78
2010,9,1,7.46
2010,9,2,6.21
2010,9,3,7.87
2010,9,4,17.56
2010,9,5,31.73
2010,9,6,46.23
2010,9,7,44.86
2010,9,8,41.98
2010,9,9,39.11
2010,9,10,35.98
2010,9,11,33.03
2010,9,12,32.42
2010,9,13,32.56
2010,9,14,29.91
2010,9,15,27.36
2010,9,16,25.58
2010,9,17,26.83
2010,9,18,25.15
2010,9,19,23.05
2010,9,20,36.77
2010,9,21,50.04
2010,9,22,51.25
2010,9,23,49.53
2010,9,24,50.41
2010,9,25,67.64
2010,9,26,65.01
2010,9,27,62.59
2010,9,28,60.29
2010,9,29,58.16
2010,9,30,57.26
2010,10,1,55.86
2010,10,2,54.28
2010,10,3,52.50
2010,10,4,50.74
2010,10,5,49.04
2010,10,6,47.35
2010,10,7,45.80
2010,10,8,46.96
2010,10,9,47.54
2010,10,10,46.33
2010,10,11,58.08
2010,10,12,95.20
2010,10,13,95.20
2010,10,14,95.20
2010,10,15,93.64
2010,10,16,91.85
2010,10,17,89.96
2010,10,18,87.96
2010,10,19,85.85
2010,10,20,84.22
2010,10,21,83.06
2010,10,22,82.20
2010,10,23,88.56
2010,10,24,95.20
2010,10,25,95.20
2010,10,26,95.20
2010,10,27,94.15
2010,10,28,92.72
2010,10,29,91.05
2010,10,30,91.28
2010,10,31,89.89
2010,11,1,92.02
2010,11,2,95.20
2010,11,3,95.20
2010,11,4,95.20
2010,11,5,93.74
2010,11,6,92.81
2010,11,7,91.86
2010,11,8,90.95
2010,11,9,90.03
2010,11,10,95.20
2010,11,11,95.20
2010,11,12,95.20
2010,11,13,95.20
2010,11,14,94.12
2010,11,15,93.46
2010,11,16,95.20
2010,11,17,95.20
2010,11,18,95.20
2010,11,19,94.57
2010,11,20,94.02
2010,11,21,93.51
2010,11,22,92.96
2010,11,23,92.45
2010,11,24,95.20
2010,11,25,95.20
2010,11,26,94.38
2010,11,27,93.67
2010,11,28,93.51
2010,11,29,95.20
2010,11,30,95.20
2010,12,1,94.57
2010,12,2,93.95
2010,12,3,95.20
2010,12,4,95.20
2010,12,5,94.68
2010,12,6,94.34
2010,12,7,94.06
2010,12,8,93.73
2010,12,9,93.36
2010,12,10,92.92
2010,12,11,92.56
2010,12,12,92.21
2010,12,13,91.87
2010,12,14,91.51
2010,12,15,91.12
2010,12,16,90.80
2010,12,17,90.46
2010,12,18,90.02
2010,12,19,95.20
2010,12,20,94.58
2010,12,21,94.23
2010,12,22,93.84
2010,12,23,93.39
2010,12,24,92.82
2010,12,25,94.78
2010,12,26,95.20
2010,12,27,95.20
2010,12,28,95.20
2010,12,29,95.20
2010,12,30,94.69
2010,12,31,94.21
2011,1,1,93.84
2011,1,2,93.53
2011,1,3,93.16
2011,1,4,92.65
2011,1,5,95.20
2011,1,6,95.20
2011,1,7,95.20
2011,1,8,94.61
2011,1,9,94.11
2011,1,10,93.47
2011,1,11,93.02
2011,1,12,92.71
2011,1,13,93.00
2011,1,14,92.14
2011,1,15,91.57
2011,1,16,91.11
2011,1,17,90.67
2011,1,18,90.52
2011,1,19,90.03
2011,1,20,89.77
2011,1,21,89.45
2011,1,22,88.96
2011,1,23,88.47
2011,1,24,87.85
2011,1,25,87.19
2011,1,26,92.80
2011,1,27,92.24
2011,1,28,91.91
2011,1,29,91.63
2011,1,30,91.35
2011,1,31,91.01
2011,2,1,90.66
2011,2,2,90.26
2011,2,3,89.89
2011,2,4,89.55
2011,2,5,89.08
2011,2,6,88.35
2011,2,7,94.08
2011,2,8,95.20
2011,2,9,94.77
2011,2,10,94.52
2011,2,11,94.10
2011,2,12,93.49
2011,2,13,92.91
2011,2,14,95.20
2011,2,15,95.20
2011,2,16,95.20
2011,2,17,94.64
2011,2,18,94.09
2011,2,19,93.43
2011,2,20,95.20
2011,2,21,95.20
2011,2,22,95.20
2011,2,23,95.20
2011,2,24,94.52
2011,2,25,95.18
2011,2,26,95.20
2011,2,27,94.41
2011,2,28,93.74
2011,3,1,93.07
2011,3,2,92.43
2011,3,3,95.20
2011,3,4,95.20
2011,3,5,95.20
2011,3,6,94.54
2011,3,7,94.03
2011,3,8,94.54
2011,3,9,95.20
2011,3,10,95.20
2011,3,11,95.20
2011,3,12,95.20
2011,3,13,94.36
2011,3,14,93.29
2011,3,15,92.05
2011,3,16,91.15
2011,3,17,90.09
2011,3,18,91.36
2011,3,19,91.42
2011,3,20,90.74
2011,3,21,89.94
2011,3,22,88.60
2011,3,23,87.68
2011,3,24,86.48
2011,3,25,85.18
2011,3,26,83.87
2011,3,27,90.51
2011,3,28,89.44
2011,3,29,88.65
2011,3,30,87.66
2011,3,31,86.73
2011,4,1,85.69
2011,4,2,88.95
2011,4,3,95.20
2011,4,4,95.20
2011,4,5,93.93
2011,4,6,92.79
2011,4,7,91.87
2011,4,8,91.15
2011,4,9,90.31
2011,4,10,89.33
2011,4,11,95.20
2011,4,12,95.20
2011,4,13,94.32
2011,4,14,92.39
2011,4,15,91.34
2011,4,16,90.54
2011,4,17,88.32
2011,4,18,86.52
2011,4,19,85.23
2011,4,20,86.77
2011,4,21,85.07
2011,4,22,82.68
2011,4,23,79.71
2011,4,24,79.06
2011,4,25,77.30
2011,4,26,92.09
2011,4,27,95.20
2011,4,28,93.05
2011,4,29,90.13
2011,4,30,93.12
2011,5,1,92.95
2011,5,2,91.25
2011,5,3,88.93
2011,5,4,89.91
2011,5,5,88.41
2011,5,6,85.37
2011,5,7,82.42
2011,5,8,89.23
2011,5,9,95.20
2011,5,10,95.20
2011,5,11,93.44
2011,5,12,91.67
2011,5,13,89.57
2011,5,14,90.89
2011,5,15,90.35
2011,5,16,87.84
2011,5,17,88.49
2011,5,18,86.85
2011,5,19,83.97
2011,5,20,95.20
2011,5,21,95.20
2011,5,22,95.20
2011,5,23,93.26
2011,5,24,91.11
2011,5,25,88.60
2011,5,26,91.73
2011,5,27,95.20
2011,5,28,95.20
2011,5,29,95.20
2011,5,30,92.50
2011,5,31,89.25
2011,6,1,88.56
2011,6,2,85.81
2011,6,3,83.40
2011,6,4,81.10
2011,6,5,79.97
2011,6,6,77.28
2011,6,7,73.70
2011,6,8,71.04
2011,6,9,68.53
2011,6,10,69.86
2011,6,11,81.44
2011,6,12,80.04
2011,6,13,77.36
2011,6,14,76.43
2011,6,15,77.95
2011,6,16,74.22
2011,6,17,70.92
2011,6,18,68.50
2011,6,19,67.17
2011,6,20,71.03
2011,6,21,70.99
2011,6,22,67.66
2011,6,23,64.76
2011,6,24,65.16
2011,6,25,72.72
2011,6,26,69.64
2011,6,27,69.74
2011,6,28,68.70
2011,6,29,65.23
2011,6,30,61.19
2011,7,1,56.73
2011,7,2,52.67
2011,7,3,49.42
2011,7,4,46.85
2011,7,5,44.26
2011,7,6,41.46
2011,7,7,38.35
2011,7,8,35.42
2011,7,9,52.11
2011,7,10,49.51
2011,7,11,46.60
2011,7,12,43.67
2011,7,13,40.51
2011,7,14,37.35
2011,7,15,34.73
2011,7,16,32.26
2011,7,17,28.64
2011,7,18,25.74
2011,7,19,21.94
2011,7,20,18.63
2011,7,21,16.20
2011,7,22,19.07
2011,7,23,16.99
2011,7,24,20.71
2011,7,25,28.01
2011,7,26,25.65
2011,7,27,23.25
2011,7,28,34.53
2011,7,29,42.75
2011,7,30,42.78
2011,7,31,38.94
2011,8,1,35.73
2011,8,2,32.12
2011,8,3,27.98
2011,8,4,24.64
2011,8,5,22.11
2011,8,6,20.29
2011,8,7,18.79
2011,8,8,17.57
2011,8,9,16.26
2011,8,10,14.69
2011,8,11,12.94
2011,8,12,11.42
2011,8,13,9.82
2011,8,14,8.37
2011,8,15,7.30
2011,8,16,6.43
2011,8,17,5.48
2011,8,18,4.65
2011,8,19,3.89
2011,8,20,3.49
2011,8,21,3.06
2011,8,22,2.72
2011,8,23,2.40
2011,8,24,2.06
2011,8,25,1.73
2011,8,26,1.48
2011,8,27,1.25
2011,8,28,1.03
2011,8,29,0.91
2011,8,30,0.80
2011,8,31,2.46
2011,9,1,2.10
2011,9,2,1.80
2011,9,3,2.32
2011,9,4,34.48
2011,9,5,55.91
2011,9,6,53.47
2011,9,7,50.58
2011,9,8,47.25
2011,9,9,43.39
2011,9,10,43.89
2011,9,11,68.47
2011,9,12,66.64
2011,9,13,65.19
2011,9,14,64.00
2011,9,15,86.87
2011,9,16,95.20
2011,9,17,95.20
2011,9,18,92.78
2011,9,19,90.21
2011,9,20,87.31
2011,9,21,87.43
2011,9,22,95.20
2011,9,23,93.20
2011,9,24,91.81
2011,9,25,90.37
2011,9,26,88.51
2011,9,27,87.46
2011,9,28,86.41
2011,9,29,84.87
2011,9,30,83.39
2011,10,1,81.77
2011,10,2,80.52
2011,10,3,80.05
2011,10,4,82.25
2011,10,5,92.31
2011,10,6,90.74
2011,10,7,89.57
2011,10,8,92.03
2011,10,9,92.00
2011,10,10,91.26
2011,10,11,90.23
2011,10,12,88.72
2011,10,13,87.18
2011,10,14,85.75
2011,10,15,86.33
2011,10,16,91.16
2011,10,17,89.33
2011,10,18,87.64
2011,10,19,86.61
2011,10,20,84.78
2011,10,21,83.08
2011,10,22,81.87
2011,10,23,80.96
2011,10,24,80.11
2011,10,25,79.25
2011,10,26,77.53
2011,10,27,75.57
2011,10,28,73.77
2011,10,29,72.09
2011,10,30,70.75
2011,10,31,69.36
2011,11,1,67.97
2011,11,2,66.48
2011,11,3,65.02
2011,11,4,63.59
2011,11,5,62.26
2011,11,6,61.32
2011,11,7,60.46
2011,11,8,59.50
2011,11,9,58.39
2011,11,10,57.10
2011,11,11,56.16
2011,11,12,55.20
2011,11,13,53.70
2011,11,14,52.30
2011,11,15,52.06
2011,11,16,51.41
2011,11,17,50.25
2011,11,18,48.93
2011,11,19,48.17
2011,11,20,47.52
2011,11,21,58.77
2011,11,22,86.44
2011,11,23,85.82
2011,11,24,85.09
2011,11,25,84.19
2011,11,26,89.71
2011,11,27,94.15
2011,11,28,93.67
2011,11,29,93.10
2011,11,30,92.63
2011,12,1,92.11
2011,12,2,95.20
2011,12,3,95.20
2011,12,4,94.75
2011,12,5,94.30
2011,12,6,93.78
2011,12,7,95.20
2011,12,8,95.20
2011,12,9,94.84
2011,12,10,94.45
2011,12,11,94.03
2011,12,12,93.51
2011,12,13,92.96
2011,12,14,95.20
2011,12,15,94.72
2011,12,16,94.32
2011,12,17,93.95
2011,12,18,93.40
2011,12,19,95.20
2011,12,20,95.20
2011,12,21,94.72
2011,12,22,93.94
2011,12,23,93.11
2011,12,24,93.14
2011,12,25,92.66
2011,12,26,92.22
2011,12,27,91.86
2011,12,28,91.52
2011,12,29,91.22
2011,12,30,90.59
2011,12,31,90.00
2012,1,1,95.20
2012,1,2,95.20
2012,1,3,95.20
2012,1,4,94.81
2012,1,5,94.51
2012,1,6,95.20
2012,1,7,95.20
2012,1,8,94.64
2012,1,9,93.82
2012,1,10,92.96
2012,1,11,92.82
2012,1,12,95.20
2012,1,13,94.51
2012,1,14,93.61
2012,1,15,93.71
2012,1,16,93.23
2012,1,17,95.20
2012,1,18,94.47
2012,1,19,94.07
2012,1,20,93.52
2012,1,21,92.97
2012,1,22,92.59
2012,1,23,92.06
2012,1,24,91.52
2012,1,25,95.20
2012,1,26,94.57
2012,1,27,95.20
2012,1,28,94.47
2012,1,29,93.88
2012,1,30,93.33
2012,1,31,95.16
2012,2,1,94.25
2012,2,2,93.31
2012,2,3,93.33
2012,2,4,92.95
2012,2,5,92.62
2012,2,6,92.26
2012,2,7,91.80
2012,2,8,91.38
2012,2,9,90.85
2012,2,10,90.46
2012,2,11,89.82
2012,2,12,93.96
2012,2,13,92.75
2012,2,14,91.71
2012,2,15,95.20
2012,2,16,95.20
2012,2,17,94.88
2012,2,18,94.42
2012,2,19,93.79
2012,2,20,95.20
2012,2,21,94.69
2012,2,22,94.05
2012,2,23,95.20
2012,2,24,94.62
2012,2,25,93.97
2012,2,26,95.20
2012,2,27,95.20
2012,2,28,94.54
2012,2,29,95.20
2012,3,1,95.20
2012,3,2,94.52
2012,3,3,93.75
2012,3,4,95.20
2012,3,5,95.20
2012,3,6,95.20
2012,3,7,93.95
2012,3,8,92.71
2012,3,9,91.83
2012,3,10,92.01
2012,3,11,93.31
2012,3,12,95.20
2012,3,13,95.20
2012,3,14,95.20
2012,3,15,94.33
2012,3,16,93.45
2012,3,17,93.12
2012,3,18,92.23
2012,3,19,92.56
2012,3,20,95.20
2012,3,21,94.19
2012,3,22,93.38
2012,3,23,95.20
2012,3,24,95.20
2012,3,25,94.46
2012,3,26,94.60
2012,3,27,94.54
2012,3,28,93.48
2012,3,29,92.45
2012,3,30,94.87
2012,3,31,95.20
2012,4,1,95.20
2012,4,2,94.24
2012,4,3,94.19
2012,4,4,94.26
2012,4,5,95.20
2012,4,6,94.11
2012,4,7,93.10
2012,4,8,95.20
2012,4,9,95.20
2012,4,10,93.98
2012,4,11,91.74
2012,4,12,89.40
2012,4,13,94.80
2012,4,14,95.20
2012,4,15,94.80
2012,4,16,93.83
2012,4,17,92.65
2012,4,18,91.39
2012,4,19,91.20
2012,4,20,89.33
2012,4,21,87.47
2012,4,22,85.31
2012,4,23,84.18
2012,4,24,83.25
2012,4,25,82.16
2012,4,26,80.88
2012,4,27,85.17
2012,4,28,83.23
2012,4,29,80.84
2012,4,30,80.40
2012,5,1,81.67
2012,5,2,80.72
2012,5,3,80.94
2012,5,4,86.45
2012,5,5,84.22
2012,5,6,86.88
2012,5,7,84.82
2012,5,8,82.37
2012,5,9,80.09
2012,5,10,83.26
2012,5,11,95.20
2012,5,12,95.20
2012,5,13,93.22
2012,5,14,91.45
2012,5,15,89.63
2012,5,16,95.20
2012,5,17,91.90
2012,5,18,87.77
2012,5,19,84.60
2012,5,20,83.08
2012,5,21,82.91
2012,5,22,80.02
2012,5,23,77.24
2012,5,24,73.56
2012,5,25,71.35
2012,5,26,69.56
2012,5,27,67.54
2012,5,28,66.17
2012,5,29,68.98
2012,5,30,70.01
2012,5,31,68.03
2012,6,1,66.05
2012,6,2,68.25
2012,6,3,65.10
2012,6,4,62.16
2012,6,5,70.49
2012,6,6,95.20
2012,6,7,95.20
2012,6,8,95.20
2012,6,9,92.04
2012,6,10,89.02
2012,6,11,84.57
2012,6,12,81.91
2012,6,13,80.22
2012,6,14,77.50
2012,6,15,74.31
2012,6,16,71.54
2012,6,17,68.08
2012,6,18,65.48
2012,6,19,64.72
2012,6,20,66.14
2012,6,21,62.56
2012,6,22,58.42
2012,6,23,54.96
2012,6,24,54.17
2012,6,25,50.19
2012,6,26,46.95
2012,6,27,44.00
2012,6,28,40.32
2012,6,29,36.44
2012,6,30,33.77
2012,7,1,30.76
2012,7,2,28.08
2012,7,3,25.64
2012,7,4,28.97
2012,7,5,26.29
2012,7,6,23.62
2012,7,7,29.01
2012,7,8,28.24
2012,7,9,44.05
2012,7,10,40.15
2012,7,11,36.97
2012,7,12,33.41
2012,7,13,36.69
2012,7,14,44.73
2012,7,15,41.34
2012,7,16,38.12
2012,7,17,35.04
2012,7,18,35.82
2012,7,19,46.25
2012,7,20,45.15
2012,7,21,44.06
2012,7,22,44.37
2012,7,23,50.55
2012,7,24,46.98
2012,7,25,42.72
2012,7,26,38.80
2012,7,27,34.23
2012,7,28,30.30
2012,7,29,27.15
2012,7,30,27.57
2012,7,31,24.94
2012,8,1,34.28
2012,8,2,31.67
2012,8,3,29.46
2012,8,4,28.14
2012,8,5,25.70
2012,8,6,22.91
2012,8,7,20.40
2012,8,8,17.90
2012,8,9,15.69
2012,8,10,14.01
2012,8,11,12.00
2012,8,12,10.64
2012,8,13,8.79
2012,8,14,7.59
2012,8,15,6.30
2012,8,16,5.33
2012,8,17,4.31
2012,8,18,3.32
2012,8,19,2.60
2012,8,20,2.15
2012,8,21,1.79
2012,8,22,1.46
2012,8,23,1.17
2012,8,24,0.95
2012,8,25,0.79
2012,8,26,0.58
2012,8,27,0.46
2012,8,28,0.37
2012,8,29,0.32
2012,8,30,20.87
2012,8,31,21.52
2012,9,1,19.62
2012,9,2,17.85
2012,9,3,16.15
2012,9,4,14.36
2012,9,5,13.56
2012,9,6,16.59
2012,9,7,18.57
2012,9,8,17.99
2012,9,9,15.63
2012,9,10,13.24
2012,9,11,11.17
2012,9,12,14.84
2012,9,13,28.95
2012,9,14,35.95
2012,9,15,34.41
2012,9,16,32.75
2012,9,17,31.17
2012,9,18,29.14
2012,9,19,26.67
2012,9,20,28.50
2012,9,21,27.28
2012,9,22,26.02
2012,9,23,24.85
2012,9,24,23.42
2012,9,25,21.66
2012,9,26,19.90
2012,9,27,25.15
2012,9,28,46.59
2012,9,29,50.85
2012,9,30,49.37
2012,10,1,47.80
2012,10,2,46.41
2012,10,3,45.05
2012,10,4,43.55
2012,10,5,47.62
2012,10,6,46.57
2012,10,7,45.35
2012,10,8,43.52
2012,10,9,41.94
2012,10,10,41.09
2012,10,11,49.31
2012,10,12,55.05
2012,10,13,56.91
2012,10,14,56.48
2012,10,15,55.33
2012,10,16,53.60
2012,10,17,52.17
2012,10,18,51.49
2012,10,19,50.30
2012,10,20,49.16
2012,10,21,48.15
2012,10,22,47.21
2012,10,23,46.13
2012,10,24,45.20
2012,10,25,45.95
2012,10,26,47.73
2012,10,27,46.87
2012,10,28,45.93
2012,10,29,70.35
2012,10,30,95.20
2012,10,31,95.20
2012,11,1,94.14
2012,11,2,92.65
2012,11,3,91.45
2012,11,4,90.53
2012,11,5,89.82
2012,11,6,95.20
2012,11,7,95.20
2012,11,8,94.95
2012,11,9,93.76
2012,11,10,93.57
2012,11,11,93.88
2012,11,12,95.20
2012,11,13,95.20
2012,11,14,93.91
2012,11,15,94.21
2012,11,16,93.48
2012,11,17,92.55
2012,11,18,91.95
2012,11,19,91.36
2012,11,20,90.70
2012,11,21,90.53
2012,11,22,89.75
2012,11,23,89.20
2012,11,24,88.60
2012,11,25,88.13
2012,11,26,95.20
2012,11,27,95.20
2012,11,28,95.13
2012,11,29,94.32
2012,11,30,93.25
2012,12,1,92.57
2012,12,2,91.93
2012,12,3,91.24
2012,12,4,90.48
2012,12,5,89.69
2012,12,6,88.92
2012,12,7,87.92
2012,12,8,87.04
2012,12,9,86.33
2012,12,10,85.75
2012,12,11,85.24
2012,12,12,85.05
2012,12,13,85.10
2012,12,14,84.54
2012,12,15,95.20
2012,12,16,94.79
2012,12,17,95.09
2012,12,18,95.20
2012,12,19,94.60
2012,12,20,93.95
2012,12,21,93.45
2012,12,22,92.98
2012,12,23,95.20
2012,12,24,95.20
2012,12,25,94.41
2012,12,26,93.65
2012,12,27,95.20
2012,12,28,95.20
2012,12,29,94.56
2012,12,30,93.98
2012,12,31,94.63
2013,1,1,94.16
2013,1,2,93.79
2013,1,3,93.33
2013,1,4,92.82
2013,1,5,92.43
2013,1,6,91.96
2013,1,7,91.43
2013,1,8,95.12
2013,1,9,94.45
2013,1,10,93.94
2013,1,11,93.41
2013,1,12,92.98
2013,1,13,92.67
2013,1,14,92.10
2013,1,15,91.60
2013,1,16,91.24
2013,1,17,90.86
2013,1,18,90.62
2013,1,19,90.45
2013,1,20,90.07
2013,1,21,89.55
2013,1,22,88.87
2013,1,23,88.54
2013,1,24,88.39
2013,1,25,88.01
2013,1,26,87.62
2013,1,27,87.36
2013,1,28,86.87
2013,1,29,95.20
2013,1,30,95.20
2013,1,31,94.80
2013,2,1,94.45
2013,2,2,93.90
2013,2,3,93.34
2013,2,4,92.97
2013,2,5,92.67
2013,2,6,92.27
2013,2,7,91.76
2013,2,8,91.20
2013,2,9,90.63
2013,2,10,90.07
2013,2,11,95.20
2013,2,12,95.20
2013,2,13,95.20
2013,2,14,94.55
2013,2,15,94.04
2013,2,16,93.56
2013,2,17,93.79
2013,2,18,93.36
2013,2,19,92.80
2013,2,20,95.20
2013,2,21,95.20
2013,2,22,95.20
2013,2,23,95.20
2013,2,24,94.81
2013,2,25,94.24
2013,2,26,93.63
2013,2,27,94.74
2013,2,28,94.03
2013,3,1,95.20
2013,3,2,95.20
2013,3,3,94.37
2013,3,4,93.36
2013,3,5,92.40
2013,3,6,91.66
2013,3,7,90.79
2013,3,8,90.10
2013,3,9,89.45
2013,3,10,88.89
2013,3,11,88.22
2013,3,12,87.52
2013,3,13,89.90
2013,3,14,89.18
2013,3,15,89.36
2013,3,16,95.20
2013,3,17,95.20
2013,3,18,94.49
2013,3,19,95.20
2013,3,20,95.20
2013,3,21,94.62
2013,3,22,92.41
2013,3,23,91.51
2013,3,24,90.79
2013,3,25,90.23
2013,3,26,95.20
2013,3,27,95.08
2013,3,28,94.11
2013,3,29,93.22
2013,3,30,92.19
2013,3,31,95.20
2013,4,1,95.20
2013,4,2,94.88
2013,4,3,93.87
2013,4,4,95.20
2013,4,5,95.20
2013,4,6,95.20
2013,4,7,95.20
2013,4,8,95.20
2013,4,9,93.77
2013,4,10,95.20
2013,4,11,95.20
2013,4,12,93.57
2013,4,13,95.20
2013,4,14,95.20
2013,4,15,94.38
2013,4,16,93.29
2013,4,17,92.18
2013,4,18,91.80
2013,4,19,90.74
2013,4,20,89.77
2013,4,21,88.69
2013,4,22,87.55
2013,4,23,86.46
2013,4,24,87.00
2013,4,25,95.20
2013,4,26,93.34
2013,4,27,91.85
2013,4,28,90.03
2013,4,29,88.35
2013,4,30,90.03
2013,5,1,87.60
2013,5,2,85.99
2013,5,3,95.20
2013,5,4,95.20
2013,5,5,94.51
2013,5,6,92.72
2013,5,7,91.25
2013,5,8,89.68
2013,5,9,88.11
2013,5,10,86.61
2013,5,11,85.31
2013,5,12,83.94
2013,5,13,82.34
2013,5,14,81.06
2013,5,15,94.80
2013,5,16,93.99
2013,5,17,92.92
2013,5,18,90.81
2013,5,19,88.86
2013,5,20,87.15
2013,5,21,85.76
2013,5,22,84.92
2013,5,23,84.03
2013,5,24,83.39
2013,5,25,82.09
2013,5,26,80.22
2013,5,27,77.83
2013,5,28,75.65
2013,5,29,79.41
2013,5,30,75.47
2013,5,31,75.24
2013,6,1,75.54
2013,6,2,73.57
2013,6,3,71.63
2013,6,4,69.22
2013,6,5,66.34
2013,6,6,66.94
2013,6,7,64.42
2013,6,8,61.87
2013,6,9,59.12
2013,6,10,58.72
2013,6,11,58.33
2013,6,12,56.78
2013,6,13,54.04
2013,6,14,51.14
2013,6,15,49.45
2013,6,16,47.90
2013,6,17,44.11
2013,6,18,40.88
2013,6,19,37.69
2013,6,20,34.30
2013,6,21,32.19
2013,6,22,31.38
2013,6,23,28.61
2013,6,24,26.22
2013,6,25,23.96
2013,6,26,21.74
2013,6,27,21.04
2013,6,28,18.82
2013,6,29,16.19
2013,6,30,15.34
2013,7,1,16.18
2013,7,2,22.26
2013,7,3,19.61
2013,7,4,17.34
2013,7,5,15.33
2013,7,6,13.31
2013,7,7,12.88
2013,7,8,16.33
2013,7,9,22.99
2013,7,10,21.45
2013,7,11,20.08
2013,7,12,17.67
2013,7,13,15.23
2013,7,14,14.81
2013,7,15,14.51
2013,7,16,12.42
2013,7,17,11.74
2013,7,18,13.01
2013,7,19,13.35
2013,7,20,11.92
2013,7,21,12.06
2013,7,22,10.51
2013,7,23,9.61
2013,7,24,8.07
2013,7,25,6.82
2013,7,26,5.76
2013,7,27,5.28
2013,7,28,4.49
2013,7,29,3.83
2013,7,30,3.46
2013,7,31,3.94
2013,8,1,3.64
2013,8,2,2.81
2013,8,3,2.32
2013,8,4,2.17
2013,8,5,2.15
2013,8,6,1.88
2013,8,7,3.30
2013,8,8,8.05
2013,8,9,7.80
2013,8,10,13.23
2013,8,11,13.08
2013,8,12,12.55
2013,8,13,11.20
2013,8,14,9.76
2013,8,15,8.16
2013,8,16,13.21
2013,8,17,17.23
2013,8,18,15.46
2013,8,19,13.88
2013,8,20,12.37
2013,8,21,16.92
2013,8,22,15.18
2013,8,23,13.64
2013,8,24,12.16
2013,8,25,12.12
2013,8,26,10.36
2013,8,27,8.90
2013,8,28,7.57
2013,8,29,6.59
2013,8,30,5.55
2013,8,31,4.57
2013,9,1,6.10
2013,9,2,4.98
2013,9,3,4.09
2013,9,4,3.85
2013,9,5,3.33
2013,9,6,3.01
2013,9,7,21.78
2013,9,8,20.64
2013,9,9,19.52
2013,9,10,18.39
2013,9,11,17.09
2013,9,12,16.86
2013,9,13,16.70
2013,9,14,16.51
2013,9,15,14.95
2013,9,16,13.68
2013,9,17,12.49
2013,9,18,11.35
2013,9,19,11.30
2013,9,20,10.48
2013,9,21,9.60
2013,9,22,8.39
2013,9,23,7.28
2013,9,24,8.93
2013,9,25,11.79
2013,9,26,11.26
2013,9,27,10.61
2013,9,28,10.04
2013,9,29,9.47
2013,9,30,8.73
2013,10,1,8.12
2013,10,2,7.43
2013,10,3,6.82
2013,10,4,12.05
2013,10,5,11.50
2013,10,6,10.99
2013,10,7,10.38
2013,10,8,9.74
2013,10,9,9.08
2013,10,10,25.12
2013,10,11,41.93
2013,10,12,41.49
2013,10,13,41.15
2013,10,14,39.85
2013,10,15,38.23
2013,10,16,37.15
2013,10,17,36.31
2013,10,18,34.98
2013,10,19,33.50
2013,10,20,32.48
2013,10,21,31.45
2013,10,22,43.72
2013,10,23,62.54
2013,10,24,63.06
2013,10,25,61.57
2013,10,26,65.51
2013,10,27,72.66
2013,10,28,90.90
2013,10,29,94.87
2013,10,30,94.63
2013,10,31,95.20
2013,11,1,95.20
2013,11,2,94.17
2013,11,3,93.44
2013,11,4,92.58
2013,11,5,91.40
2013,11,6,95.20
2013,11,7,95.20
2013,11,8,94.55
2013,11,9,93.25
2013,11,10,92.75
2013,11,11,95.20
2013,11,12,94.45
2013,11,13,94.42
2013,11,14,95.20
2013,11,15,95.19
2013,11,16,94.61
2013,11,17,95.20
2013,11,18,94.63
2013,11,19,94.44
2013,11,20,93.79
2013,11,21,92.93
2013,11,22,92.08
2013,11,23,91.15
2013,11,24,90.03
2013,11,25,95.20
2013,11,26,95.20
2013,11,27,94.64
2013,11,28,94.09
2013,11,29,93.64
2013,11,30,93.20
2013,12,1,92.77
2013,12,2,92.35
2013,12,3,91.74
2013,12,4,95.20
2013,12,5,94.39
2013,12,6,95.20
2013,12,7,94.63
2013,12,8,94.16
2013,12,9,93.79
2013,12,10,93.50
2013,12,11,92.94
2013,12,12,95.20
2013,12,13,95.20
2013,12,14,94.77
2013,12,15,94.43
2013,12,16,93.93
2013,12,17,93.62
2013,12,18,93.32
2013,12,19,92.94
2013,12,20,92.54
2013,12,21,92.03
2013,12,22,91.56
2013,12,23,95.20
2013,12,24,95.20
2013,12,25,95.20
2013,12,26,94.67
2013,12,27,95.20
2013,12,28,95.20
2013,12,29,94.62
2013,12,30,94.09
2013,12,31,95.20
2014,1,1,95.20
2014,1,2,95.20
2014,1,3,94.69
2014,1,4,94.19
2014,1,5,93.75
2014,1,6,93.40
2014,1,7,93.20
2014,1,8,92.95
2014,1,9,92.51
2014,1,10,91.95
2014,1,11,91.40
2014,1,12,90.83
2014,1,13,90.40
2014,1,14,90.00
2014,1,15,89.56
2014,1,16,95.20
2014,1,17,94.77
2014,1,18,94.25
2014,1,19,95.20
2014,1,20,95.20
2014,1,21,94.61
2014,1,22,94.25
2014,1,23,93.95
2014,1,24,93.57
2014,1,25,93.36
2014,1,26,93.03
2014,1,27,92.49
2014,1,28,92.13
2014,1,29,91.80
2014,1,30,91.35
2014,1,31,95.20
2014,2,1,95.20
2014,2,2,95.20
2014,2,3,94.59
2014,2,4,95.20
2014,2,5,95.20
2014,2,6,95.20
2014,2,7,95.20
2014,2,8,95.20
2014,2,9,94.67
2014,2,10,94.10
2014,2,11,95.20
2014,2,12,95.20
2014,2,13,94.58
2014,2,14,93.97
2014,2,15,93.55
2014,2,16,93.25
2014,2,17,92.80
2014,2,18,92.25
2014,2,19,91.66
2014,2,20,91.02
2014,2,21,90.66
2014,2,22,90.18
2014,2,23,95.20
2014,2,24,94.73
2014,2,25,94.43
2014,2,26,94.15
2014,2,27,93.76
2014,2,28,93.18
2014,3,1,92.50
2014,3,2,95.20
2014,3,3,95.20
2014,3,4,95.20
2014,3,5,95.20
2014,3,6,94.58
2014,3,7,93.80
2014,3,8,95.20
2014,3,9,95.20
2014,3,10,94.52
2014,3,11,94.10
2014,3,12,93.42
2014,3,13,95.20
2014,3,14,94.50
2014,3,15,95.20
2014,3,16,95.20
2014,3,17,94.08
2014,3,18,93.19
2014,3,19,92.26
2014,3,20,91.53
2014,3,21,92.22
2014,3,22,91.15
2014,3,23,95.20
2014,3,24,95.20
2014,3,25,94.29
2014,3,26,93.58
2014,3,27,95.20
2014,3,28,94.42
2014,3,29,93.58
2014,3,30,92.42
2014,3,31,90.75
2014,4,1,89.44
2014,4,2,87.93
2014,4,3,93.45
2014,4,4,91.74
2014,4,5,90.37
2014,4,6,89.00
2014,4,7,88.55
2014,4,8,91.44
2014,4,9,92.38
2014,4,10,90.73
2014,4,11,89.68
2014,4,12,88.70
2014,4,13,89.57
2014,4,14,88.70
2014,4,15,86.91
2014,4,16,86.05
2014,4,17,85.05
2014,4,18,84.30
2014,4,19,82.97
2014,4,20,81.84
2014,4,21,80.39
2014,4,22,78.33
2014,4,23,81.05
2014,4,24,79.18
2014,4,25,75.59
2014,4,26,72.65
2014,4,27,91.31
2014,4,28,95.20
2014,4,29,93.15
2014,4,30,90.75
2014,5,1,88.18
2014,5,2,86.26
2014,5,3,84.33
2014,5,4,83.12
2014,5,5,81.14
2014,5,6,80.03
2014,5,7,81.68
2014,5,8,88.92
2014,5,9,95.20
2014,5,10,93.60
2014,5,11,92.61
2014,5,12,95.20
2014,5,13,95.20
2014,5,14,93.36
2014,5,15,90.69
2014,5,16,87.82
2014,5,17,84.83
2014,5,18,83.09
2014,5,19,81.41
2014,5,20,78.83
2014,5,21,80.09
2014,5,22,81.44
2014,5,23,83.35
2014,5,24,80.96
2014,5,25,78.80
2014,5,26,76.13
2014,5,27,73.84
2014,5,28,70.65
2014,5,29,69.19
2014,5,30,70.20
2014,5,31,66.79
2014,6,1,64.03
2014,6,2,61.64
2014,6,3,58.98
2014,6,4,56.06
2014,6,5,52.67
2014,6,6,48.83
2014,6,7,46.68
2014,6,8,44.81
2014,6,9,43.54
2014,6,10,45.68
2014,6,11,48.99
2014,6,12,46.33
2014,6,13,43.62
2014,6,14,41.00
2014,6,15,38.04
2014,6,16,41.27
2014,6,17,58.22
2014,6,18,61.11
2014,6,19,56.41
2014,6,20,51.36
2014,6,21,47.45
2014,6,22,45.70
2014,6,23,42.87
2014,6,24,41.90
2014,6,25,41.34
2014,6,26,38.73
2014,6,27,35.64
2014,6,28,32.91
2014,6,29,31.15
2014,6,30,30.42
2014,7,1,33.29
2014,7,2,30.21
2014,7,3,27.66
2014,7,4,24.96
2014,7,5,22.25
2014,7,6,19.94
2014,7,7,17.56
2014,7,8,16.70
2014,7,9,13.65
2014,7,10,18.40
2014,7,11,15.22
2014,7,12,12.59
2014,7,13,10.81
2014,7,14,8.64
2014,7,15,7.33
2014,7,16,5.85
2014,7,17,4.69
2014,7,18,4.25
2014,7,19,12.31
2014,7,20,10.65
2014,7,21,9.00
2014,7,22,7.27
2014,7,23,5.78
2014,7,24,5.17
2014,7,25,9.60
2014,7,26,27.41
2014,7,27,40.43
2014,7,28,36.95
2014,7,29,34.13
2014,7,30,30.44
2014,7,31,26.97
2014,8,1,35.91
2014,8,2,33.55
2014,8,3,32.25
2014,8,4,29.28
2014,8,5,26.32
2014,8,6,26.18
2014,8,7,26.21
2014,8,8,23.59
2014,8,9,21.18
2014,8,10,18.95
2014,8,11,18.62
2014,8,12,17.28
2014,8,13,15.64
2014,8,14,14.02
2014,8,15,12.51
2014,8,16,10.88
2014,8,17,9.43
2014,8,18,7.84
2014,8,19,9.35
2014,8,20,20.42
2014,8,21,18.30
2014,8,22,15.75
2014,8,23,13.54
2014,8,24,11.25
2014,8,25,9.73
2014,8,26,8.55
2014,8,27,7.29
2014,8,28,7.20
2014,8,29,6.10
2014,8,30,5.33
2014,8,31,4.71
2014,9,1,4.17
2014,9,2,7.75
2014,9,3,19.87
2014,9,4,38.00
2014,9,5,39.79
2014,9,6,55.26
2014,9,7,77.63
2014,9,8,76.11
2014,9,9,72.57
2014,9,10,71.30
2014,9,11,74.32
2014,9,12,89.40
2014,9,13,95.20
2014,9,14,93.41
2014,9,15,91.66
2014,9,16,90.02
2014,9,17,88.35
2014,9,18,86.49
2014,9,19,84.29
2014,9,20,81.95
2014,9,21,79.69
2014,9,22,77.56
2014,9,23,75.81
2014,9,24,74.40
2014,9,25,72.67
2014,9,26,70.73
2014,9,27,68.63
2014,9,28,66.56
2014,9,29,64.22
2014,9,30,61.82
2014,10,1,66.06
2014,10,2,92.46
2014,10,3,95.20
2014,10,4,92.99
2014,10,5,91.36
2014,10,6,89.39
2014,10,7,87.56
2014,10,8,85.72
2014,10,9,83.97
2014,10,10,82.04
2014,10,11,80.17
2014,10,12,78.39
2014,10,13,76.23
2014,10,14,74.02
2014,10,15,72.31
2014,10,16,70.85
2014,10,17,68.53
2014,10,18,66.61
2014,10,19,65.30
2014,10,20,63.36
2014,10,21,72.78
2014,10,22,72.25
2014,10,23,71.15
2014,10,24,69.38
2014,10,25,67.79
2014,10,26,66.67
2014,10,27,65.53
2014,10,28,76.80
2014,10,29,84.12
2014,10,30,83.87
2014,10,31,82.96
2014,11,1,81.98
2014,11,2,81.08
2014,11,3,80.25
2014,11,4,78.96
2014,11,5,79.49
2014,11,6,79.34
2014,11,7,83.85
2014,11,8,84.24
2014,11,9,83.50
2014,11,10,89.67
2014,11,11,93.97
2014,11,12,93.59
2014,11,13,93.29
2014,11,14,92.53
2014,11,15,91.46
2014,11,16,90.16
2014,11,17,88.83
2014,11,18,93.45
2014,11,19,95.20
2014,11,20,94.85
2014,11,21,93.87
2014,11,22,93.26
2014,11,23,92.25
2014,11,24,91.33
2014,11,25,90.63
2014,11,26,95.20
2014,11,27,95.20
2014,11,28,94.52
2014,11,29,93.85
2014,11,30,93.10
2014,12,1,92.31
2014,12,2,91.48
2014,12,3,94.66
2014,12,4,95.20
2014,12,5,94.58
2014,12,6,94.04
2014,12,7,93.64
2014,12,8,93.28
2014,12,9,92.62
2014,12,10,95.20
2014,12,11,94.69
2014,12,12,94.33
2014,12,13,93.90
2014,12,14,93.30
2014,12,15,95.20
2014,12,16,95.20
2014,12,17,94.85
2014,12,18,94.52
2014,12,19,93.77
2014,12,20,95.20
2014,12,21,95.20
2014,12,22,94.53
2014,12,23,94.12
2014,12,24,93.63
2014,12,25,93.73
2014,12,26,92.85
2014,12,27,93.39
2014,12,28,92.67
2014,12,29,94.15
2014,12,30,93.68
2014,12,31,93.18
2015,1,1,95.20
2015,1,2,94.74
2015,1,3,94.49
2015,1,4,94.22
2015,1,5,93.87
2015,1,6,93.27
2015,1,7,94.13
2015,1,8,93.87
2015,1,9,95.20
2015,1,10,95.20
2015,1,11,94.80
2015,1,12,94.58
2015,1,13,94.32
2015,1,14,93.96
2015,1,15,93.52
2015,1,16,92.95
2015,1,17,92.45
2015,1,18,92.05
2015,1,19,91.50
2015,1,20,91.12
2015,1,21,90.77
2015,1,22,90.25
2015,1,23,89.80
2015,1,24,89.42
2015,1,25,88.94
2015,1,26,88.49
2015,1,27,88.01
2015,1,28,87.64
2015,1,29,87.27
2015,1,30,86.72
2015,1,31,86.05
2015,2,1,85.57
2015,2,2,85.00
2015,2,3,91.81
2015,2,4,95.20
2015,2,5,95.20
2015,2,6,94.47
2015,2,7,94.02
2015,2,8,93.61
2015,2,9,93.26
2015,2,10,92.84
2015,2,11,95.20
2015,2,12,95.20
2015,2,13,94.82
2015,2,14,94.60
2015,2,15,94.16
2015,2,16,93.62
2015,2,17,93.00
2015,2,18,92.33
2015,2,19,91.73
2015,2,20,93.82
2015,2,21,93.17
2015,2,22,92.50
2015,2,23,95.20
2015,2,24,94.88
2015,2,25,94.36
2015,2,26,93.82
2015,2,27,93.21
2015,2,28,92.53
2015,3,1,95.20
2015,3,2,94.56
2015,3,3,93.97
2015,3,4,93.38
2015,3,5,95.07
2015,3,6,94.30
2015,3,7,95.20
2015,3,8,95.20
2015,3,9,95.20
2015,3,10,94.56
2015,3,11,93.84
2015,3,12,93.08
2015,3,13,92.44
2015,3,14,91.70
2015,3,15,93.61
2015,3,16,94.80
2015,3,17,94.01
2015,3,18,93.31
2015,3,19,92.62
2015,3,20,91.93
2015,3,21,95.20
2015,3,22,95.20
2015,3,23,95.20
2015,3,24,95.20
2015,3,25,95.20
2015,3,26,94.20
2015,3,27,94.48
2015,3,28,93.73
2015,3,29,95.20
2015,3,30,95.20
2015,3,31,94.14
2015,4,1,95.20
2015,4,2,95.20
2015,4,3,94.89
2015,4,4,93.77
2015,4,5,93.02
2015,4,6,95.20
2015,4,7,95.20
2015,4,8,93.99
2015,4,9,92.62
2015,4,10,91.53
2015,4,11,91.20
2015,4,12,90.02
2015,4,13,88.92
2015,4,14,88.03
2015,4,15,88.66
2015,4,16,87.44
2015,4,17,95.20
2015,4,18,95.20
2015,4,19,95.20
2015,4,20,93.74
2015,4,21,95.20
2015,4,22,95.20
2015,4,23,94.70
2015,4,24,93.41
2015,4,25,92.09
2015,4,26,90.59
2015,4,27,89.12
2015,4,28,87.64
2015,4,29,85.80
2015,4,30,83.98
2015,5,1,82.15
2015,5,2,80.12
2015,5,3,77.80
2015,5,4,76.54
2015,5,5,87.37
2015,5,6,95.20
2015,5,7,95.20
2015,5,8,92.59
2015,5,9,90.48
2015,5,10,89.76
2015,5,11,88.08
2015,5,12,86.01
2015,5,13,84.27
2015,5,14,87.68
2015,5,15,95.20
2015,5,16,95.20
2015,5,17,92.19
2015,5,18,94.91
2015,5,19,93.49
2015,5,20,91.09
2015,5,21,89.13
2015,5,22,91.97
2015,5,23,89.69
2015,5,24,95.20
2015,5,25,95.20
2015,5,26,95.20
2015,5,27,95.20
2015,5,28,91.56
2015,5,29,87.64
2015,5,30,86.32
2015,5,31,87.60
2015,6,1,83.77
2015,6,2,82.17
2015,6,3,83.34
2015,6,4,80.14
2015,6,5,77.04
2015,6,6,74.70
2015,6,7,73.00
2015,6,8,70.92
2015,6,9,68.26
2015,6,10,64.53
2015,6,11,67.95
2015,6,12,66.73
2015,6,13,64.01
2015,6,14,61.07
2015,6,15,61.09
2015,6,16,62.22
2015,6,17,58.94
2015,6,18,55.35
2015,6,19,51.62
2015,6,20,46.88
2015,6,21,45.59
2015,6,22,43.39
2015,6,23,40.96
2015,6,24,42.19
2015,6,25,39.65
2015,6,26,36.34
2015,6,27,36.87
2015,6,28,40.21
2015,6,29,42.44
2015,6,30,40.36
2015,7,1,39.29
2015,7,2,35.65
2015,7,3,36.15
2015,7,4,39.05
2015,7,5,35.29
2015,7,6,31.12
2015,7,7,27.86
2015,7,8,25.76
2015,7,9,23.64
2015,7,10,21.32
2015,7,11,23.66
2015,7,12,44.22
2015,7,13,42.45
2015,7,14,39.44
2015,7,15,36.99
2015,7,16,37.23
2015,7,17,37.61
2015,7,18,34.30
2015,7,19,30.95
2015,7,20,31.81
2015,7,21,34.50
2015,7,22,35.08
2015,7,23,32.23
2015,7,24,29.49
2015,7,25,27.41
2015,7,26,23.57
2015,7,27,20.01
2015,7,28,19.60
2015,7,29,17.87
2015,7,30,15.74
2015,7,31,13.95
2015,8,1,19.00
2015,8,2,18.17
2015,8,3,16.35
2015,8,4,14.50
2015,8,5,12.81
2015,8,6,11.26
2015,8,7,9.81
2015,8,8,8.88
2015,8,9,7.55
2015,8,10,6.30
2015,8,11,5.19
2015,8,12,4.32
2015,8,13,3.69
2015,8,14,3.00
2015,8,15,2.46
2015,8,16,1.99
2015,8,17,1.64
2015,8,18,1.34
2015,8,19,1.13
2015,8,20,0.94
2015,8,21,0.77
2015,8,22,0.69
2015,8,23,0.59
2015,8,24,0.52
2015,8,25,0.46
2015,8,26,0.40
2015,8,27,0.40
2015,8,28,0.36
2015,8,29,0.31
2015,8,30,0.27
2015,8,31,0.24
2015,9,1,0.21
2015,9,2,0.19
2015,9,3,1.50
2015,9,4,25.61
2015,9,5,24.93
2015,9,6,22.87
2015,9,7,24.27
2015,9,8,45.28
2015,9,9,47.13
2015,9,10,45.58
2015,9,11,44.05
2015,9,12,43.59
2015,9,13,43.84
2015,9,14,42.16
2015,9,15,39.94
2015,9,16,37.58
2015,9,17,35.23
2015,9,18,32.80
2015,9,19,32.41
2015,9,20,30.58
2015,9,21,38.59
2015,9,22,67.20
2015,9,23,67.68
2015,9,24,68.11
2015,9,25,70.06
2015,9,26,95.20
2015,9,27,95.20
2015,9,28,92.65
2015,9,29,90.15
2015,9,30,87.30
2015,10,1,85.45
2015,10,2,92.78
2015,10,3,91.21
2015,10,4,90.10
2015,10,5,88.79
2015,10,6,87.61
2015,10,7,87.54
2015,10,8,95.20
2015,10,9,93.65
2015,10,10,91.86
2015,10,11,90.72
2015,10,12,89.61
2015,10,13,88.42
2015,10,14,87.03
2015,10,15,85.62
2015,10,16,83.95
2015,10,17,82.02
2015,10,18,80.23
2015,10,19,78.37
2015,10,20,77.92
2015,10,21,78.61
2015,10,22,80.67
2015,10,23,83.84
2015,10,24,83.98
2015,10,25,82.90
2015,10,26,81.73
2015,10,27,82.68
2015,10,28,81.71
2015,10,29,86.26
2015,10,30,84.74
2015,10,31,82.74
2015,11,1,94.20
2015,11,2,95.20
2015,11,3,95.20
2015,11,4,93.68
2015,11,5,92.48
2015,11,6,91.85
2015,11,7,91.78
2015,11,8,91.00
2015,11,9,90.42
2015,11,10,89.61
2015,11,11,90.90
2015,11,12,91.07
2015,11,13,90.03
2015,11,14,92.29
2015,11,15,94.76
2015,11,16,93.73
2015,11,17,93.00
2015,11,18,92.19
2015,11,19,95.20
2015,11,20,95.20
2015,11,21,94.32
2015,11,22,93.59
2015,11,23,92.78
2015,11,24,91.94
2015,11,25,91.02
2015,11,26,90.19
2015,11,27,93.79
2015,11,28,95.20
2015,11,29,95.20
2015,11,30,95.20
2015,12,1,94.47
2015,12,2,93.60
2015,12,3,95.20
2015,12,4,95.20
2015,12,5,95.20
2015,12,6,95.20
2015,12,7,95.20
2015,12,8,94.61
2015,12,9,94.25
2015,12,10,93.83
2015,12,11,95.20
2015,12,12,95.20
2015,12,13,94.84
2015,12,14,94.58
2015,12,15,94.27
2015,12,16,95.20
2015,12,17,95.20
2015,12,18,95.20
2015,12,19,94.70
2015,12,20,94.29
2015,12,21,93.84
2015,12,22,93.51
2015,12,23,93.17
2015,12,24,92.87
2015,12,25,92.50
2015,12,26,92.01
2015,12,27,91.58
2015,12,28,95.20
2015,12,29,95.20
2015,12,30,94.51
2015,12,31,94.13
2016,1,1,93.82
2016,1,2,93.57
2016,1,3,93.21
2016,1,4,92.96
2016,1,5,92.75
2016,1,6,92.51
2016,1,7,92.32
2016,1,8,92.06
2016,1,9,91.68
2016,1,10,95.20
2016,1,11,95.20
2016,1,12,94.62
2016,1,13,94.07
2016,1,14,93.57
2016,1,15,95.20
2016,1,16,95.20
2016,1,17,95.20
2016,1,18,95.20
2016,1,19,95.20
2016,1,20,94.55
2016,1,21,93.91
2016,1,22,95.20
2016,1,23,95.20
2016,1,24,95.20
2016,1,25,95.20
2016,1,26,95.20
2016,1,27,94.80
2016,1,28,94.45
2016,1,29,94.00
2016,1,30,95.20
2016,1,31,95.20
2016,2,1,95.20
2016,2,2,95.20
2016,2,3,95.20
2016,2,4,95.20
2016,2,5,94.61
2016,2,6,94.00
2016,2,7,93.48
2016,2,8,93.10
2016,2,9,92.63
2016,2,10,92.11
2016,2,11,91.71
2016,2,12,91.26
2016,2,13,90.53
2016,2,14,95.20
2016,2,15,94.10
2016,2,16,95.20
2016,2,17,95.20
2016,2,18,95.20
2016,2,19,95.20
2016,2,20,95.20
2016,2,21,94.65
2016,2,22,94.18
2016,2,23,93.67
2016,2,24,93.21
2016,2,25,92.78
2016,2,26,92.32
2016,2,27,95.20
2016,2,28,95.09
2016,2,29,94.29
2016,3,1,93.56
2016,3,2,95.20
2016,3,3,94.38
2016,3,4,93.53
2016,3,5,92.62
2016,3,6,91.83
2016,3,7,91.14
2016,3,8,90.03
2016,3,9,89.26
2016,3,10,88.59
2016,3,11,88.35
2016,3,12,87.76
2016,3,13,88.84
2016,3,14,89.26
2016,3,15,89.38
2016,3,16,88.82
2016,3,17,88.38
2016,3,18,88.53
2016,3,19,91.72
2016,3,20,94.40
2016,3,21,94.63
2016,3,22,94.56
2016,3,23,93.16
2016,3,24,91.93
2016,3,25,94.73
2016,3,26,93.36
2016,3,27,95.20
2016,3,28,95.20
2016,3,29,95.20
2016,3,30,94.27
2016,3,31,95.20
2016,4,1,95.20
2016,4,2,94.69
2016,4,3,93.35
2016,4,4,92.07
2016,4,5,90.55
2016,4,6,94.92
2016,4,7,95.20
2016,4,8,95.20
2016,4,9,95.20
2016,4,10,93.68
2016,4,11,92.05
2016,4,12,90.76
2016,4,13,88.12
2016,4,14,95.20
2016,4,15,95.20
2016,4,16,95.20
2016,4,17,94.55
2016,4,18,95.20
2016,4,19,92.06
2016,4,20,93.63
2016,4,21,93.26
2016,4,22,91.14
2016,4,23,89.88
2016,4,24,88.78
2016,4,25,88.63
2016,4,26,89.80
2016,4,27,89.16
2016,4,28,88.37
2016,4,29,87.11
2016,4,30,85.52
2016,5,1,95.20
2016,5,2,95.20
2016,5,3,95.20
2016,5,4,92.81
2016,5,5,91.92
2016,5,6,95.20
2016,5,7,95.20
2016,5,8,95.20
2016,5,9,92.94
2016,5,10,90.66
2016,5,11,87.59
2016,5,12,95.20
2016,5,13,95.20
2016,5,14,92.49
2016,5,15,89.59
2016,5,16,86.47
2016,5,17,82.99
2016,5,18,86.61
2016,5,19,84.43
2016,5,20,81.72
2016,5,21,83.10
2016,5,22,94.04
2016,5,23,95.20
2016,5,24,93.46
2016,5,25,91.54
2016,5,26,89.69
2016,5,27,87.00
2016,5,28,83.55
2016,5,29,83.37
2016,5,30,80.78
2016,5,31,77.21
2016,6,1,73.39
2016,6,2,69.21
2016,6,3,65.14
2016,6,4,61.33
2016,6,5,58.95
2016,6,6,68.07
2016,6,7,65.95
2016,6,8,63.19
2016,6,9,60.84
2016,6,10,56.81
2016,6,11,58.35
2016,6,12,65.31
2016,6,13,64.88
2016,6,14,61.79
2016,6,15,70.37
2016,6,16,67.49
2016,6,17,64.45
2016,6,18,61.96
2016,6,19,59.56
2016,6,20,77.76
2016,6,21,73.94
2016,6,22,70.25
2016,6,23,68.50
2016,6,24,64.22
2016,6,25,61.17
2016,6,26,58.19
2016,6,27,54.49
2016,6,28,50.47
2016,6,29,52.59
2016,6,30,49.10
2016,7,1,45.57
2016,7,2,41.28
2016,7,3,41.14
2016,7,4,47.45
2016,7,5,44.64
2016,7,6,41.37
2016,7,7,37.61
2016,7,8,33.63
2016,7,9,44.49
2016,7,10,46.27
2016,7,11,41.05
2016,7,12,36.01
2016,7,13,32.86
2016,7,14,30.80
2016,7,15,28.72
2016,7,16,26.35
2016,7,17,27.73
2016,7,18,28.49
2016,7,19,26.93
2016,7,20,36.15
2016,7,21,32.70
2016,7,22,32.07
2016,7,23,46.70
2016,7,24,45.31
2016,7,25,41.33
2016,7,26,40.62
2016,7,27,40.23
2016,7,28,37.08
2016,7,29,33.80
2016,7,30,30.62
2016,7,31,29.55
2016,8,1,29.13
2016,8,2,28.33
2016,8,3,26.96
2016,8,4,25.51
2016,8,5,32.03
2016,8,6,34.27
2016,8,7,31.63
2016,8,8,29.01
2016,8,9,26.57
2016,8,10,24.36
2016,8,11,22.16
2016,8,12,20.20
2016,8,13,19.72
2016,8,14,34.72
2016,8,15,31.94
2016,8,16,29.34
2016,8,17,26.92
2016,8,18,24.60
2016,8,19,22.65
2016,8,20,20.47
2016,8,21,17.73
2016,8,22,15.49
2016,8,23,14.69
2016,8,24,12.67
2016,8,25,11.06
2016,8,26,13.01
2016,8,27,15.25
2016,8,28,13.72
2016,8,29,11.94
2016,8,30,10.03
2016,8,31,8.40
2016,9,1,7.56
2016,9,2,15.96
2016,9,3,17.93
2016,9,4,16.30
2016,9,5,14.79
2016,9,6,13.23
2016,9,7,12.56
2016,9,8,11.09
2016,9,9,9.49
2016,9,10,8.13
2016,9,11,12.48
2016,9,12,11.64
2016,9,13,10.92
2016,9,14,9.99
2016,9,15,11.20
2016,9,16,12.57
2016,9,17,11.25
2016,9,18,10.39
2016,9,19,9.54
2016,9,20,14.91
2016,9,21,13.81
2016,9,22,14.48
2016,9,23,13.36
2016,9,24,12.52
2016,9,25,11.72
2016,9,26,10.83
2016,9,27,10.09
2016,9,28,9.08
2016,9,29,8.36
2016,9,30,7.75
2016,10,1,16.93
2016,10,2,16.25
2016,10,3,15.45
2016,10,4,14.42
2016,10,5,13.31
2016,10,6,12.50
2016,10,7,11.99
2016,10,8,11.54
2016,10,9,11.03
2016,10,10,10.43
2016,10,11,9.50
2016,10,12,8.61
2016,10,13,8.13
2016,10,14,7.63
2016,10,15,7.17
2016,10,16,10.11
2016,10,17,14.17
2016,10,18,13.68
2016,10,19,13.22
2016,10,20,12.46
2016,10,21,12.08
2016,10,22,14.20
2016,10,23,17.70
2016,10,24,20.43
2016,10,25,48.04
2016,10,26,64.70
2016,10,27,75.34
2016,10,28,77.04
2016,10,29,76.20
2016,10,30,75.31
2016,10,31,74.17
2016,11,1,80.14
2016,11,2,95.20
2016,11,3,95.20
2016,11,4,95.20
2016,11,5,93.70
2016,11,6,92.36
2016,11,7,91.45
2016,11,8,90.07
2016,11,9,89.17
2016,11,10,89.96
2016,11,11,94.23
2016,11,12,95.20
2016,11,13,94.62
2016,11,14,93.88
2016,11,15,93.13
2016,11,16,92.46
2016,11,17,91.64
2016,11,18,90.43
2016,11,19,88.91
2016,11,20,89.07
2016,11,21,91.66
2016,11,22,90.97
2016,11,23,91.16
2016,11,24,95.20
2016,11,25,95.20
2016,11,26,94.38
2016,11,27,93.45
2016,11,28,95.20
2016,11,29,95.20
2016,11,30,95.20
2016,12,1,94.72
2016,12,2,94.29
2016,12,3,93.84
2016,12,4,93.41
2016,12,5,93.07
2016,12,6,92.74
2016,12,7,92.39
2016,12,8,92.00
2016,12,9,91.59
2016,12,10,91.29
2016,12,11,90.98
2016,12,12,95.20
2016,12,13,94.71
2016,12,14,94.23
2016,12,15,93.72
2016,12,16,93.32
2016,12,17,92.90
2016,12,18,92.47
2016,12,19,92.00
2016,12,20,91.58
2016,12,21,91.26
2016,12,22,90.98
2016,12,23,90.59
2016,12,24,90.25
2016,12,25,89.90
2016,12,26,89.40
2016,12,27,90.51
2016,12,28,95.20
2016,12,29,94.81
2016,12,30,94.49
2016,12,31,94.00
2017,1,1,93.69
2017,1,2,95.20
2017,1,3,95.20
2017,1,4,95.20
2017,1,5,94.63
2017,1,6,95.20
2017,1,7,95.20
2017,1,8,94.73
2017,1,9,94.35
2017,1,10,93.79
2017,1,11,93.17
2017,1,12,92.56
2017,1,13,92.08
2017,1,14,91.83
2017,1,15,91.51
2017,1,16,91.02
2017,1,17,90.52
2017,1,18,89.99
2017,1,19,89.54
2017,1,20,89.17
2017,1,21,88.72
2017,1,22,88.04
2017,1,23,93.81
2017,1,24,93.24
2017,1,25,92.82
2017,1,26,92.55
2017,1,27,92.13
2017,1,28,91.79
2017,1,29,91.45
2017,1,30,91.06
2017,1,31,95.20
2017,2,1,94.62
2017,2,2,94.25
2017,2,3,95.20
2017,2,4,95.20
2017,2,5,94.74
2017,2,6,94.26
2017,2,7,93.96
2017,2,8,93.70
2017,2,9,93.14
2017,2,10,92.71
2017,2,11,92.10
2017,2,12,91.46
2017,2,13,91.15
2017,2,14,90.84
2017,2,15,95.20
2017,2,16,94.57
2017,2,17,94.00
2017,2,18,95.20
2017,2,19,95.20
2017,2,20,94.62
2017,2,21,94.07
2017,2,22,95.20
2017,2,23,95.20
2017,2,24,95.20
2017,2,25,95.20
2017,2,26,94.42
2017,2,27,95.20
2017,2,28,95.20
2017,3,1,95.20
2017,3,2,95.20
2017,3,3,95.20
2017,3,4,95.20
2017,3,5,94.49
2017,3,6,95.04
2017,3,7,95.20
2017,3,8,94.58
2017,3,9,93.84
2017,3,10,93.03
2017,3,11,95.20
2017,3,12,95.20
2017,3,13,94.30
2017,3,14,94.16
2017,3,15,95.20
2017,3,16,95.20
2017,3,17,94.32
2017,3,18,95.20
2017,3,19,95.20
2017,3,20,95.20
2017,3,21,94.13
2017,3,22,92.97
2017,3,23,91.74
2017,3,24,95.20
2017,3,25,94.30
2017,3,26,93.42
2017,3,27,92.65
2017,3,28,94.64
2017,3,29,92.98
2017,3,30,93.96
2017,3,31,94.98
2017,4,1,93.50
2017,4,2,91.89
2017,4,3,90.60
2017,4,4,90.46
2017,4,5,94.44
2017,4,6,94.56
2017,4,7,93.03
2017,4,8,95.20
2017,4,9,94.01
2017,4,10,92.85
2017,4,11,91.56
2017,4,12,89.48
2017,4,13,88.57
2017,4,14,92.35
2017,4,15,91.14
2017,4,16,89.84
2017,4,17,95.20
2017,4,18,95.20
2017,4,19,93.56
2017,4,20,91.37
2017,4,21,90.84
2017,4,22,89.21
2017,4,23,90.23
2017,4,24,95.20
2017,4,25,95.20
2017,4,26,93.55
2017,4,27,92.27
2017,4,28,90.86
2017,4,29,89.66
2017,4,30,94.05
2017,5,1,95.20
2017,5,2,92.91
2017,5,3,95.20
2017,5,4,95.20
2017,5,5,95.20
2017,5,6,95.20
2017,5,7,94.29
2017,5,8,94.40
2017,5,9,94.12
2017,5,10,92.04
2017,5,11,90.01
2017,5,12,92.09
2017,5,13,95.20
2017,5,14,95.20
2017,5,15,93.69
2017,5,16,93.35
2017,5,17,95.20
2017,5,18,95.20
2017,5,19,95.20
2017,5,20,92.49
2017,5,21,95.20
2017,5,22,95.20
2017,5,23,95.20
2017,5,24,94.58
2017,5,25,95.20
2017,5,26,95.20
2017,5,27,93.27
2017,5,28,93.25
2017,5,29,92.90
2017,5,30,93.89
2017,5,31,91.36
2017,6,1,88.96
2017,6,2,91.31
2017,6,3,90.15
2017,6,4,87.15
2017,6,5,88.52
2017,6,6,85.68
2017,6,7,82.92
2017,6,8,80.17
2017,6,9,77.20
2017,6,10,75.62
2017,6,11,72.94
2017,6,12,71.14
2017,6,13,69.96
2017,6,14,67.40
2017,6,15,64.34
2017,6,16,60.32
2017,6,17,56.54
2017,6,18,53.77
2017,6,19,58.40
2017,6,20,79.69
2017,6,21,90.75
2017,6,22,95.20
2017,6,23,93.09
2017,6,24,88.38
2017,6,25,83.17
2017,6,26,77.85
2017,6,27,72.61
2017,6,28,67.30
2017,6,29,62.49
2017,6,30,58.26
2017,7,1,53.85
2017,7,2,48.45
2017,7,3,43.05
2017,7,4,37.68
2017,7,5,33.65
2017,7,6,34.74
2017,7,7,31.13
2017,7,8,28.47
2017,7,9,40.20
2017,7,10,40.62
2017,7,11,38.87
2017,7,12,35.71
2017,7,13,32.83
2017,7,14,30.17
2017,7,15,28.59
2017,7,16,25.70
2017,7,17,21.24
2017,7,18,17.87
2017,7,19,14.85
2017,7,20,11.96
2017,7,21,9.45
2017,7,22,7.10
2017,7,23,5.36
2017,7,24,4.13
2017,7,25,3.08
2017,7,26,2.43
2017,7,27,1.98
2017,7,28,1.49
2017,7,29,1.20
2017,7,30,1.03
2017,7,31,0.89
2017,8,1,0.77
2017,8,2,3.76
2017,8,3,22.01
2017,8,4,24.00
2017,8,5,21.60
2017,8,6,19.17
2017,8,7,18.11
2017,8,8,16.29
2017,8,9,14.06
2017,8,10,14.23
2017,8,11,12.12
2017,8,12,10.53
2017,8,13,14.91
2017,8,14,23.15
2017,8,15,26.69
2017,8,16,32.43
2017,8,17,31.71
2017,8,18,29.52
2017,8,19,27.39
2017,8,20,24.99
2017,8,21,22.59
2017,8,22,40.46
2017,8,23,51.56
2017,8,24,53.18
2017,8,25,49.75
2017,8,26,46.91
2017,8,27,44.64
2017,8,28,41.60
2017,8,29,38.58
2017,8,30,35.73
2017,8,31,32.47
2017,9,1,33.71
2017,9,2,38.51
2017,9,3,35.21
2017,9,4,32.96
2017,9,5,31.32
2017,9,6,29.52
2017,9,7,27.61
2017,9,8,67.28
2017,9,9,65.97
2017,9,10,63.49
2017,9,11,60.92
2017,9,12,58.46
2017,9,13,60.42
2017,9,14,69.75
2017,9,15,79.61
2017,9,16,79.98
2017,9,17,77.03
2017,9,18,75.27
2017,9,19,74.45
2017,9,20,71.73
2017,9,21,68.67
2017,9,22,66.89
2017,9,23,65.33
2017,9,24,63.77
2017,9,25,62.29
2017,9,26,60.29
2017,9,27,60.20
2017,9,28,58.61
2017,9,29,57.05
2017,9,30,55.25
2017,10,1,53.14
2017,10,2,61.18
2017,10,3,67.04
2017,10,4,81.79
2017,10,5,79.63
2017,10,6,79.16
2017,10,7,94.64
2017,10,8,95.20
2017,10,9,93.76
2017,10,10,92.27
2017,10,11,90.70
2017,10,12,89.20
2017,10,13,87.42
2017,10,14,86.72
2017,10,15,85.38
2017,10,16,84.36
2017,10,17,83.41
2017,10,18,84.25
2017,10,19,91.43
2017,10,20,90.37
2017,10,21,89.32
2017,10,22,87.86
2017,10,23,86.53
2017,10,24,85.21
2017,10,25,83.97
2017,10,26,82.71
2017,10,27,81.39
2017,10,28,79.84
2017,10,29,78.89
2017,10,30,77.85
2017,10,31,76.55
2017,11,1,74.95
2017,11,2,73.81
2017,11,3,72.88
2017,11,4,71.76
2017,11,5,70.33
2017,11,6,68.87
2017,11,7,68.04
2017,11,8,87.40
2017,11,9,86.46
2017,11,10,85.27
2017,11,11,83.78
2017,11,12,83.84
2017,11,13,84.65
2017,11,14,85.90
2017,11,15,85.04
2017,11,16,84.34
2017,11,17,83.53
2017,11,18,82.52
2017,11,19,81.46
2017,11,20,80.32
2017,11,21,79.16
2017,11,22,77.99
2017,11,23,80.48
2017,11,24,88.53
2017,11,25,87.50
2017,11,26,90.97
2017,11,27,95.20
2017,11,28,94.31
2017,11,29,93.14
2017,11,30,95.20
2017,12,1,95.20
2017,12,2,95.20
2017,12,3,93.51
2017,12,4,95.20
2017,12,5,95.20
2017,12,6,94.44
2017,12,7,93.73
2017,12,8,95.20
2017,12,9,95.20
2017,12,10,95.18
2017,12,11,95.20
2017,12,12,95.20
2017,12,13,95.15
2017,12,14,95.20
2017,12,15,94.78
2017,12,16,95.20
2017,12,17,94.39
2017,12,18,93.70
2017,12,19,95.20
2017,12,20,94.67
2017,12,21,95.20
2017,12,22,94.87
2017,12,23,94.52
2017,12,24,94.14
2017,12,25,93.69
2017,12,26,93.25
2017,12,27,92.86
2017,12,28,92.36
2017,12,29,91.85
2017,12,30,91.35
2017,12,31,90.88
2018,1,1,90.41
2018,1,2,89.86
2018,1,3,95.20
2018,1,4,94.76
2018,1,5,94.32
2018,1,6,93.89
2018,1,7,93.43
2018,1,8,93.02
2018,1,9,92.67
2018,1,10,92.16
2018,1,11,95.20
2018,1,12,94.84
2018,1,13,94.60
2018,1,14,95.20
2018,1,15,95.20
2018,1,16,95.20
2018,1,17,95.20
2018,1,18,94.79
2018,1,19,94.48
2018,1,20,93.98
2018,1,21,93.55
2018,1,22,93.26
2018,1,23,92.70
2018,1,24,95.20
2018,1,25,95.20
2018,1,26,95.20
2018,1,27,94.67
2018,1,28,94.48
2018,1,29,94.15
2018,1,30,95.20
2018,1,31,95.20
2018,2,1,94.49
2018,2,2,94.01
2018,2,3,95.20
2018,2,4,94.50
2018,2,5,95.20
2018,2,6,95.20
2018,2,7,94.50
2018,2,8,94.11
2018,2,9,93.74
2018,2,10,93.22
2018,2,11,92.58
2018,2,12,95.20
2018,2,13,95.20
2018,2,14,95.20
2018,2,15,94.64
2018,2,16,94.17
2018,2,17,95.20
2018,2,18,94.78
2018,2,19,94.46
2018,2,20,94.16
2018,2,21,93.78
2018,2,22,93.27
2018,2,23,95.20
2018,2,24,95.20
2018,2,25,94.48
2018,2,26,93.66
2018,2,27,93.37
2018,2,28,92.49
2018,3,1,91.82
2018,3,2,95.20
2018,3,3,94.49
2018,3,4,93.80
2018,3,5,93.24
2018,3,6,92.75
2018,3,7,92.11
2018,3,8,92.08
2018,3,9,95.20
2018,3,10,95.20
2018,3,11,94.50
2018,3,12,93.91
2018,3,13,95.20
2018,3,14,95.20
2018,3,15,95.20
2018,3,16,95.20
2018,3,17,94.33
2018,3,18,93.51
2018,3,19,92.53
2018,3,20,92.49
2018,3,21,91.73
2018,3,22,90.78
2018,3,23,89.74
2018,3,24,88.73
2018,3,25,88.35
2018,3,26,95.20
2018,3,27,95.20
2018,3,28,94.51
2018,3,29,93.81
2018,3,30,93.58
2018,3,31,93.87
2018,4,1,92.75
2018,4,2,91.67
2018,4,3,90.46
2018,4,4,88.83
2018,4,5,87.73
2018,4,6,88.11
2018,4,7,87.06
2018,4,8,85.94
2018,4,9,95.20
2018,4,10,95.20
2018,4,11,93.66
2018,4,12,95.20
2018,4,13,95.20
2018,4,14,93.39
2018,4,15,95.20
2018,4,16,95.20
2018,4,17,95.20
2018,4,18,95.20
2018,4,19,93.65
2018,4,20,90.88
2018,4,21,87.49
2018,4,22,93.32
2018,4,23,95.20
2018,4,24,93.62
2018,4,25,91.96
2018,4,26,90.96
2018,4,27,90.41
2018,4,28,95.20
2018,4,29,95.06
2018,4,30,93.74
2018,5,1,92.37
2018,5,2,92.12
2018,5,3,91.87
2018,5,4,90.06
2018,5,5,88.11
2018,5,6,86.18
2018,5,7,86.17
2018,5,8,90.86
2018,5,9,88.80
2018,5,10,86.30
2018,5,11,84.95
2018,5,12,83.73
2018,5,13,82.47
2018,5,14,81.10
2018,5,15,79.53
2018,5,16,80.73
2018,5,17,79.05
2018,5,18,77.31
2018,5,19,75.25
2018,5,20,73.03
2018,5,21,70.41
2018,5,22,67.20
2018,5,23,65.70
2018,5,24,65.42
2018,5,25,63.55
2018,5,26,61.68
2018,5,27,59.54
2018,5,28,57.76
2018,5,29,52.75
2018,5,30,48.93
2018,5,31,45.43
2018,6,1,42.21
2018,6,2,40.29
2018,6,3,37.96
2018,6,4,33.67
2018,6,5,33.42
2018,6,6,31.99
2018,6,7,29.78
2018,6,8,29.89
2018,6,9,38.32
2018,6,10,35.60
2018,6,11,33.28
2018,6,12,30.97
2018,6,13,29.91
2018,6,14,28.17
2018,6,15,25.26
2018,6,16,28.54
2018,6,17,25.88
2018,6,18,23.22
2018,6,19,22.40
2018,6,20,19.99
2018,6,21,17.80
2018,6,22,17.97
2018,6,23,16.12
2018,6,24,15.33
2018,6,25,13.91
2018,6,26,12.46
2018,6,27,11.87
2018,6,28,16.59
2018,6,29,14.68
2018,6,30,13.76
2018,7,1,12.32
2018,7,2,10.87
2018,7,3,10.63
2018,7,4,17.37
2018,7,5,17.01
2018,7,6,22.82
2018,7,7,20.05
2018,7,8,17.80
2018,7,9,15.47
2018,7,10,16.62
2018,7,11,15.31
2018,7,12,14.78
2018,7,13,15.58
2018,7,14,13.79
2018,7,15,12.20
2018,7,16,10.75
2018,7,17,9.39
2018,7,18,7.96
2018,7,19,6.81
2018,7,20,5.74
2018,7,21,4.55
2018,7,22,3.86
2018,7,23,3.54
2018,7,24,2.91
2018,7,25,2.44
2018,7,26,2.07
2018,7,27,1.67
2018,7,28,3.72
2018,7,29,3.08
2018,7,30,2.53
2018,7,31,2.13
2018,8,1,1.75
2018,8,2,1.45
2018,8,3,1.17
2018,8,4,0.95
2018,8,5,0.78
2018,8,6,0.61
2018,8,7,0.52
2018,8,8,0.44
2018,8,9,0.38
2018,8,10,0.38
2018,8,11,18.95
2018,8,12,41.05
2018,8,13,64.35
2018,8,14,60.52
2018,8,15,57.28
2018,8,16,54.30
2018,8,17,51.60
2018,8,18,56.54
2018,8,19,54.88
2018,8,20,52.64
2018,8,21,50.61
2018,8,22,48.50
2018,8,23,46.31
2018,8,24,45.23
2018,8,25,43.18
2018,8,26,40.63
2018,8,27,58.52
2018,8,28,55.12
2018,8,29,52.32
2018,8,30,50.37
2018,8,31,48.52
2018,9,1,48.51
2018,9,2,64.35
2018,9,3,62.36
2018,9,4,60.74
2018,9,5,58.94
2018,9,6,57.27
2018,9,7,58.21
2018,9,8,56.33
2018,9,9,54.43
2018,9,10,52.46
2018,9,11,50.56
2018,9,12,48.67
2018,9,13,46.72
2018,9,14,44.69
2018,9,15,45.19
2018,9,16,43.39
2018,9,17,41.53
2018,9,18,39.56
2018,9,19,37.20
2018,9,20,34.69
2018,9,21,32.62
2018,9,22,30.07
2018,9,23,27.28
2018,9,24,24.69
2018,9,25,24.18
2018,9,26,23.04
2018,9,27,24.78
2018,9,28,23.89
2018,9,29,22.76
2018,9,30,21.72
2018,10,1,20.63
2018,10,2,19.52
2018,10,3,18.44
2018,10,4,17.10
2018,10,5,15.69
2018,10,6,14.55
2018,10,7,13.84
2018,10,8,14.48
2018,10,9,13.79
2018,10,10,12.90
2018,10,11,11.82
2018,10,12,10.64
2018,10,13,9.60
2018,10,14,8.79
2018,10,15,9.23
2018,10,16,8.56
2018,10,17,7.88
2018,10,18,7.34
2018,10,19,6.94
2018,10,20,6.70
2018,10,21,6.48
2018,10,22,6.21
2018,10,23,6.17
2018,10,24,5.62
2018,10,25,5.29
2018,10,26,5.13
2018,10,27,4.96
2018,10,28,4.64
2018,10,29,4.44
2018,10,30,4.27
2018,10,31,4.22
2018,11,1,4.06
2018,11,2,6.24
2018,11,3,8.01
2018,11,4,35.51
2018,11,5,49.79
2018,11,6,79.17
2018,11,7,78.43
2018,11,8,77.84
2018,11,9,77.39
2018,11,10,76.69
2018,11,11,76.16
2018,11,12,75.32
2018,11,13,74.42
2018,11,14,88.78
2018,11,15,94.71
2018,11,16,94.30
2018,11,17,95.20
2018,11,18,95.20
2018,11,19,94.18
2018,11,20,93.27
2018,11,21,92.41
2018,11,22,95.20
2018,11,23,94.27
2018,11,24,93.42
2018,11,25,93.34
2018,11,26,95.20
2018,11,27,95.20
2018,11,28,95.20
2018,11,29,95.20
2018,11,30,94.44
2018,12,1,93.73
2018,12,2,94.26
2018,12,3,93.68
2018,12,4,93.01
2018,12,5,95.20
2018,12,6,95.20
2018,12,7,95.20
2018,12,8,95.20
2018,12,9,94.72
2018,12,10,95.20
2018,12,11,95.20
2018,12,12,95.20
2018,12,13,95.20
2018,12,14,95.20
2018,12,15,94.68
2018,12,16,94.19
2018,12,17,93.70
2018,12,18,93.22
2018,12,19,92.84
2018,12,20,92.38
2018,12,21,91.91
2018,12,22,95.20
2018,12,23,94.55
2018,12,24,93.95
2018,12,25,93.56
2018,12,26,93.04
2018,12,27,92.56
2018,12,28,92.13
2018,12,29,91.70
2018,12,30,91.29
2018,12,31,90.95
2019,1,1,90.68
2019,1,2,90.40
2019,1,3,90.19
2019,1,4,89.89
2019,1,5,89.58
2019,1,6,89.22
2019,1,7,88.82
2019,1,8,88.62
2019,1,9,88.40
2019,1,10,88.07
2019,1,11,87.55
2019,1,12,87.14
2019,1,13,86.79
2019,1,14,86.28
2019,1,15,85.78
2019,1,16,85.28
2019,1,17,84.75
2019,1,18,95.20
2019,1,19,94.60
2019,1,20,94.02
2019,1,21,93.48
2019,1,22,93.01
2019,1,23,92.66
2019,1,24,92.33
2019,1,25,91.79
2019,1,26,91.34
2019,1,27,91.01
2019,1,28,90.59
2019,1,29,90.30
2019,1,30,90.09
2019,1,31,89.92
2019,2,1,89.63
2019,2,2,89.22
2019,2,3,88.90
2019,2,4,88.73
2019,2,5,88.55
2019,2,6,88.28
2019,2,7,87.69
2019,2,8,87.39
2019,2,9,87.21
2019,2,10,86.93
2019,2,11,86.42
2019,2,12,90.51
2019,2,13,92.05
2019,2,14,91.40
2019,2,15,90.92
2019,2,16,90.37
2019,2,17,91.06
2019,2,18,95.20
2019,2,19,95.20
2019,2,20,94.64
2019,2,21,94.14
2019,2,22,93.61
2019,2,23,93.16
2019,2,24,92.61
2019,2,25,92.06
2019,2,26,91.85
2019,2,27,91.54
2019,2,28,90.97
2019,3,1,90.56
2019,3,2,90.15
2019,3,3,89.50
2019,3,4,88.83
2019,3,5,88.33
2019,3,6,87.82
2019,3,7,87.29
2019,3,8,86.68
2019,3,9,95.20
2019,3,10,95.20
2019,3,11,95.20
2019,3,12,95.20
2019,3,13,95.20
2019,3,14,94.47
2019,3,15,95.20
2019,3,16,95.20
2019,3,17,94.52
2019,3,18,93.72
2019,3,19,92.89
2019,3,20,92.05
2019,3,21,92.39
2019,3,22,95.20
2019,3,23,95.20
2019,3,24,95.20
2019,3,25,95.20
2019,3,26,95.20
2019,3,27,95.20
2019,3,28,95.20
2019,3,29,95.20
2019,3,30,95.20
2019,3,31,95.20
2019,4,1,95.20
2019,4,2,95.20
2019,4,3,95.20
2019,4,4,94.19
2019,4,5,93.00
2019,4,6,91.72
2019,4,7,95.20
2019,4,8,95.16
2019,4,9,95.20
2019,4,10,95.20
2019,4,11,93.91
2019,4,12,95.20
2019,4,13,95.20
2019,4,14,95.20
2019,4,15,95.20
2019,4,16,95.20
2019,4,17,93.47
2019,4,18,95.20
2019,4,19,95.20
2019,4,20,93.26
2019,4,21,91.55
2019,4,22,89.60
2019,4,23,87.59
2019,4,24,85.49
2019,4,25,83.44
2019,4,26,81.49
2019,4,27,85.59
2019,4,28,83.39
2019,4,29,81.38
2019,4,30,79.17
2019,5,1,79.51
2019,5,2,82.00
2019,5,3,81.21
2019,5,4,80.92
2019,5,5,79.50
2019,5,6,78.97
2019,5,7,77.56
2019,5,8,75.46
2019,5,9,83.71
2019,5,10,86.22
2019,5,11,87.62
2019,5,12,86.20
2019,5,13,83.31
2019,5,14,85.34
2019,5,15,83.55
2019,5,16,81.14
2019,5,17,77.20
2019,5,18,78.05
2019,5,19,75.38
2019,5,20,73.13
2019,5,21,70.09
2019,5,22,66.75
2019,5,23,75.58
2019,5,24,94.95
2019,5,25,92.93
2019,5,26,95.20
2019,5,27,95.20
2019,5,28,95.20
2019,5,29,95.20
2019,5,30,93.34
2019,5,31,90.86
2019,6,1,95.20
2019,6,2,95.20
2019,6,3,91.92
2019,6,4,89.73
2019,6,5,86.33
2019,6,6,83.71
2019,6,7,82.37
2019,6,8,79.87
2019,6,9,77.06
2019,6,10,73.13
2019,6,11,71.69
2019,6,12,76.27
2019,6,13,86.67
2019,6,14,82.17
2019,6,15,79.24
2019,6,16,75.61
2019,6,17,73.01
2019,6,18,68.90
2019,6,19,77.24
2019,6,20,74.18
2019,6,21,69.24
2019,6,22,66.46
2019,6,23,63.14
2019,6,24,58.92
2019,6,25,55.71
2019,6,26,66.01
2019,6,27,64.19
2019,6,28,61.09
2019,6,29,73.23
2019,6,30,86.82
2019,7,1,84.96
2019,7,2,82.64
2019,7,3,78.99
2019,7,4,75.14
2019,7,5,72.68
2019,7,6,70.39
2019,7,7,64.98
2019,7,8,66.73
2019,7,9,63.12
2019,7,10,59.95
2019,7,11,56.97
2019,7,12,54.11
2019,7,13,51.08
2019,7,14,48.05
2019,7,15,45.00
2019,7,16,42.70
2019,7,17,46.73
2019,7,18,43.81
2019,7,19,41.46
2019,7,20,38.18
2019,7,21,34.68
2019,7,22,31.96
2019,7,23,30.16
2019,7,24,26.51
2019,7,25,24.37
2019,7,26,21.24
2019,7,27,18.30
2019,7,28,16.06
2019,7,29,14.34
2019,7,30,12.58
2019,7,31,11.00
2019,8,1,12.43
2019,8,2,11.01
2019,8,3,12.56
2019,8,4,11.11
2019,8,5,9.83
2019,8,6,8.63
2019,8,7,7.44
2019,8,8,6.58
2019,8,9,5.76
2019,8,10,5.02
2019,8,11,17.16
2019,8,12,14.68
2019,8,13,12.97
2019,8,14,11.28
2019,8,15,9.40
2019,8,16,7.99
2019,8,17,6.96
2019,8,18,6.05
2019,8,19,5.38
2019,8,20,7.33
2019,8,21,6.35
2019,8,22,5.55
2019,8,23,4.91
2019,8,24,4.32
2019,8,25,3.97
2019,8,26,3.53
2019,8,27,3.43
2019,8,28,3.01
2019,8,29,2.75
2019,8,30,2.47
2019,8,31,2.19
2019,9,1,1.91
2019,9,2,1.79
2019,9,3,8.35
2019,9,4,35.83
2019,9,5,37.88
2019,9,6,35.85
2019,9,7,34.32
2019,9,8,32.74
2019,9,9,30.82
2019,9,10,40.10
2019,9,11,41.39
2019,9,12,39.37
2019,9,13,37.06
2019,9,14,44.15
2019,9,15,49.69
2019,9,16,48.32
2019,9,17,46.55
2019,9,18,44.69
2019,9,19,42.12
2019,9,20,39.97
2019,9,21,38.83
2019,9,22,37.33
2019,9,23,35.12
2019,9,24,32.32
2019,9,25,29.64
2019,9,26,28.45
2019,9,27,29.95
2019,9,28,28.11
2019,9,29,30.13
2019,9,30,42.21
2019,10,1,52.92
2019,10,2,51.80
2019,10,3,49.39
2019,10,4,47.88
2019,10,5,52.48
2019,10,6,51.21
2019,10,7,50.21
2019,10,8,49.16
2019,10,9,50.68
2019,10,10,56.28
2019,10,11,54.60
2019,10,12,52.75
2019,10,13,50.99
2019,10,14,49.99
2019,10,15,52.51
2019,10,16,52.82
2019,10,17,74.98
2019,10,18,76.55
2019,10,19,75.34
2019,10,20,74.40
2019,10,21,73.16
2019,10,22,71.65
2019,10,23,70.16
2019,10,24,68.82
2019,10,25,67.68
2019,10,26,66.71
2019,10,27,65.59
2019,10,28,63.95
2019,10,29,62.41
2019,10,30,60.88
2019,10,31,59.48
2019,11,1,58.02
2019,11,2,56.85
2019,11,3,55.29
2019,11,4,53.49
2019,11,5,52.42
2019,11,6,53.42
2019,11,7,61.98
2019,11,8,61.22
2019,11,9,60.48
2019,11,10,59.41
2019,11,11,58.23
2019,11,12,65.06
2019,11,13,79.32
2019,11,14,90.97
2019,11,15,95.20
2019,11,16,95.20
2019,11,17,95.10
2019,11,18,94.21
2019,11,19,93.20
2019,11,20,92.25
2019,11,21,91.20
2019,11,22,92.93
2019,11,23,92.96
2019,11,24,92.30
2019,11,25,91.46
2019,11,26,90.73
2019,11,27,89.83
2019,11,28,89.11
2019,11,29,88.58
2019,11,30,88.04
2019,12,1,87.46
2019,12,2,86.95
2019,12,3,86.33
2019,12,4,85.18
2019,12,5,85.67
2019,12,6,84.89
2019,12,7,84.10
2019,12,8,83.55
2019,12,9,82.95
2019,12,10,82.45
2019,12,11,81.88
2019,12,12,81.36
2019,12,13,80.79
2019,12,14,80.17
2019,12,15,85.56
2019,12,16,95.20
2019,12,17,94.63
2019,12,18,95.20
2019,12,19,95.20
2019,12,20,95.20
2019,12,21,94.48
2019,12,22,95.20
2019,12,23,95.20
2019,12,24,95.20
2019,12,25,94.73
2019,12,26,94.24
2019,12,27,95.20
2019,12,28,95.20
2019,12,29,94.53
2019,12,30,94.03
2019,12,31,93.39
2020,1,1,94.31
2020,1,2,93.75
2020,1,3,95.20
2020,1,4,94.49
2020,1,5,93.78
2020,1,6,93.29
2020,1,7,92.86
2020,1,8,92.41
2020,1,9,93.96
2020,1,10,94.82
2020,1,11,95.20
2020,1,12,94.77
2020,1,13,94.38
2020,1,14,93.99
2020,1,15,93.59
2020,1,16,93.17
2020,1,17,92.89
2020,1,18,92.44
2020,1,19,91.87
2020,1,20,91.21
2020,1,21,90.75
2020,1,22,90.24
2020,1,23,95.20
2020,1,24,94.65
2020,1,25,94.26
2020,1,26,93.72
2020,1,27,95.20
2020,1,28,94.69
2020,1,29,94.39
2020,1,30,93.95
2020,1,31,94.48
2020,2,1,94.02
2020,2,2,93.80
2020,2,3,93.66
2020,2,4,93.41
2020,2,5,92.98
2020,2,6,92.39
2020,2,7,95.20
2020,2,8,95.20
2020,2,9,95.20
2020,2,10,94.64
2020,2,11,94.22
2020,2,12,95.20
2020,2,13,95.20
2020,2,14,94.57
2020,2,15,94.01
2020,2,16,93.38
2020,2,17,92.94
2020,2,18,92.48
2020,2,19,91.89
2020,2,20,93.13
2020,2,21,92.44
2020,2,22,95.20
2020,2,23,95.20
2020,2,24,95.20
2020,2,25,94.54
2020,2,26,93.77
2020,2,27,95.20
2020,2,28,94.57
2020,2,29,94.01
2020,3,1,93.61
2020,3,2,93.19
2020,3,3,92.84
2020,3,4,92.37
2020,3,5,91.87
2020,3,6,91.35
2020,3,7,95.20
2020,3,8,94.54
2020,3,9,95.20
2020,3,10,94.35
2020,3,11,95.20
2020,3,12,95.20
2020,3,13,95.20
2020,3,14,95.20
2020,3,15,94.45
2020,3,16,93.77
2020,3,17,93.49
2020,3,18,95.20
2020,3,19,94.46
2020,3,20,93.84
2020,3,21,93.12
2020,3,22,95.20
2020,3,23,94.36
2020,3,24,93.37
2020,3,25,92.29
2020,3,26,91.13
2020,3,27,90.21
2020,3,28,95.08
2020,3,29,94.44
2020,3,30,93.62
2020,3,31,92.61
2020,4,1,91.38
2020,4,2,95.20
2020,4,3,95.20
2020,4,4,93.81
2020,4,5,95.20
2020,4,6,95.20
2020,4,7,95.20
2020,4,8,95.20
2020,4,9,95.20
2020,4,10,95.20
2020,4,11,95.20
2020,4,12,94.13
2020,4,13,93.13
2020,4,14,91.95
2020,4,15,90.55
2020,4,16,89.27
2020,4,17,87.46
2020,4,18,87.35
2020,4,19,94.29
2020,4,20,93.36
2020,4,21,92.04
2020,4,22,90.98
2020,4,23,89.70
2020,4,24,88.36
2020,4,25,85.45
2020,4,26,87.82
2020,4,27,86.52
2020,4,28,84.81
2020,4,29,82.81
2020,4,30,79.62
2020,5,1,77.48
2020,5,2,75.00
2020,5,3,76.27
2020,5,4,81.10
2020,5,5,79.63
2020,5,6,95.20
2020,5,7,92.93
2020,5,8,91.14
2020,5,9,95.20
2020,5,10,95.14
2020,5,11,92.47
2020,5,12,87.96
2020,5,13,84.70
2020,5,14,83.05
2020,5,15,95.20
2020,5,16,95.20
2020,5,17,91.13
2020,5,18,88.91
2020,5,19,85.57
2020,5,20,84.45
2020,5,21,81.86
2020,5,22,79.16
2020,5,23,87.25
2020,5,24,95.20
2020,5,25,95.20
2020,5,26,95.20
2020,5,27,95.20
2020,5,28,95.20
2020,5,29,95.20
2020,5,30,92.96
2020,5,31,94.95
2020,6,1,95.20
2020,6,2,95.20
2020,6,3,95.20
2020,6,4,95.20
2020,6,5,92.13
2020,6,6,88.94
2020,6,7,90.37
2020,6,8,87.99
2020,6,9,85.06
2020,6,10,81.84
2020,6,11,78.76
2020,6,12,95.20
2020,6,13,95.20
2020,6,14,92.38
2020,6,15,94.37
2020,6,16,95.20
2020,6,17,95.20
2020,6,18,94.41
2020,6,19,90.90
2020,6,20,89.88
2020,6,21,95.20
2020,6,22,95.20
2020,6,23,95.20
2020,6,24,95.20
2020,6,25,95.20
2020,6,26,95.20
2020,6,27,90.85
2020,6,28,95.20
2020,6,29,94.67
2020,6,30,90.12
2020,7,1,85.72
2020,7,2,80.72
2020,7,3,76.46
2020,7,4,74.00
2020,7,5,70.90
2020,7,6,67.66
2020,7,7,64.39
2020,7,8,61.30
2020,7,9,58.50
2020,7,10,59.18
2020,7,11,61.55
2020,7,12,57.69
2020,7,13,54.50
2020,7,14,56.01
2020,7,15,66.76
2020,7,16,69.48
2020,7,17,65.45
2020,7,18,64.02
2020,7,19,59.95
2020,7,20,55.45
2020,7,21,52.06
2020,7,22,48.66
2020,7,23,49.43
2020,7,24,49.88
2020,7,25,50.76
2020,7,26,46.96
2020,7,27,43.16
2020,7,28,39.44
2020,7,29,35.51
2020,7,30,34.11
2020,7,31,31.83
2020,8,1,28.53
2020,8,2,25.21
2020,8,3,22.84
2020,8,4,22.73
2020,8,5,20.52
2020,8,6,21.64
2020,8,7,18.88
2020,8,8,16.51
2020,8,9,14.48
2020,8,10,12.89
2020,8,11,11.58
2020,8,12,10.22
2020,8,13,9.01
2020,8,14,7.68
2020,8,15,8.19
2020,8,16,7.63
2020,8,17,6.60
2020,8,18,5.77
2020,8,19,5.02
2020,8,20,4.31
2020,8,21,3.72
2020,8,22,6.90
2020,8,23,6.10
2020,8,24,5.17
2020,8,25,4.53
2020,8,26,3.88
2020,8,27,3.62
2020,8,28,3.14
2020,8,29,4.44
2020,8,30,3.88
2020,8,31,3.39
2020,9,1,2.92
2020,9,2,2.76
2020,9,3,2.40
2020,9,4,2.02
2020,9,5,2.69
2020,9,6,2.46
2020,9,7,2.26
2020,9,8,4.82
2020,9,9,5.68
2020,9,10,5.02
2020,9,11,9.43
2020,9,12,32.15
2020,9,13,30.32
2020,9,14,29.24
2020,9,15,33.26
2020,9,16,30.92
2020,9,17,27.91
2020,9,18,24.85
2020,9,19,27.83
2020,9,20,26.72
2020,9,21,25.46
2020,9,22,23.40
2020,9,23,21.72
2020,9,24,20.31
2020,9,25,23.57
2020,9,26,21.63
2020,9,27,20.63
2020,9,28,19.04
2020,9,29,18.17
2020,9,30,40.08
2020,10,1,44.27
2020,10,2,43.09
2020,10,3,42.07
2020,10,4,41.00
2020,10,5,39.92
2020,10,6,38.95
2020,10,7,37.75
2020,10,8,52.04
2020,10,9,75.96
2020,10,10,74.69
2020,10,11,73.67
2020,10,12,72.38
2020,10,13,78.76
2020,10,14,95.20
2020,10,15,93.87
2020,10,16,92.23
2020,10,17,90.89
2020,10,18,90.12
2020,10,19,89.07
2020,10,20,87.70
2020,10,21,85.98
2020,10,22,84.12
2020,10,23,82.33
2020,10,24,81.07
2020,10,25,80.35
2020,10,26,79.67
2020,10,27,78.89
2020,10,28,77.93
2020,10,29,76.77
2020,10,30,87.84
2020,10,31,95.20
2020,11,1,94.71
2020,11,2,93.69
2020,11,3,92.93
2020,11,4,95.20
2020,11,5,95.20
2020,11,6,94.22
2020,11,7,93.35
2020,11,8,92.58
2020,11,9,91.75
2020,11,10,90.81
2020,11,11,95.20
2020,11,12,95.20
2020,11,13,95.20
2020,11,14,94.12
2020,11,15,92.85
2020,11,16,91.76
2020,11,17,90.92
2020,11,18,90.35
2020,11,19,90.45
2020,11,20,89.76
2020,11,21,89.08
2020,11,22,88.47
2020,11,23,88.34
2020,11,24,95.20
2020,11,25,94.40
2020,11,26,93.74
2020,11,27,92.78
2020,11,28,91.61
2020,11,29,90.18
2020,11,30,89.31
2020,12,1,88.74
2020,12,2,87.68
2020,12,3,86.25
2020,12,4,95.20
2020,12,5,95.20
2020,12,6,95.20
2020,12,7,95.20
2020,12,8,94.43
2020,12,9,94.12
2020,12,10,95.20
2020,12,11,95.20
2020,12,12,94.65
2020,12,13,94.08
2020,12,14,93.44
2020,12,15,92.87
2020,12,16,92.21
2020,12,17,91.70
2020,12,18,91.27
2020,12,19,90.81
2020,12,20,91.20
2020,12,21,91.05
2020,12,22,90.64
2020,12,23,90.34
2020,12,24,90.02
2020,12,25,89.64
2020,12,26,89.24
2020,12,27,88.86
2020,12,28,88.53
2020,12,29,88.03
2020,12,30,87.60
2020,12,31,87.27
2021,1,1,87.00
2021,1,2,91.58
2021,1,3,95.20
2021,1,4,95.14
2021,1,5,95.20
2021,1,6,95.20
2021,1,7,95.20
2021,1,8,95.09
2021,1,9,94.36
2021,1,10,94.05
2021,1,11,93.92
2021,1,12,93.19
2021,1,13,95.20
2021,1,14,94.60
2021,1,15,94.12
2021,1,16,93.58
2021,1,17,93.26
2021,1,18,92.91
2021,1,19,92.53
2021,1,20,92.17
2021,1,21,91.82
2021,1,22,91.60
2021,1,23,91.17
2021,1,24,95.20
2021,1,25,94.73
2021,1,26,94.37
2021,1,27,93.96
2021,1,28,93.59
2021,1,29,93.26
2021,1,30,92.84
2021,1,31,92.34
2021,2,1,91.95
2021,2,2,91.79
2021,2,3,91.64
2021,2,4,91.35
2021,2,5,90.75
2021,2,6,95.20
2021,2,7,95.20
2021,2,8,94.82
2021,2,9,94.52
2021,2,10,94.26
2021,2,11,93.88
2021,2,12,93.26
2021,2,13,94.72
2021,2,14,94.20
2021,2,15,93.59
2021,2,16,93.15
2021,2,17,92.58
2021,2,18,92.13
2021,2,19,91.45
2021,2,20,95.20
2021,2,21,94.70
2021,2,22,94.26
2021,2,23,93.92
2021,2,24,93.51
2021,2,25,92.95
2021,2,26,92.48
2021,2,27,92.08
2021,2,28,91.58
2021,3,1,90.98
2021,3,2,90.35
2021,3,3,95.20
2021,3,4,95.20
2021,3,5,94.66
2021,3,6,94.18
2021,3,7,93.51
2021,3,8,92.77
2021,3,9,95.20
2021,3,10,95.20
2021,3,11,95.20
2021,3,12,95.20
2021,3,13,94.45
2021,3,14,93.73
2021,3,15,93.27
2021,3,16,92.86
2021,3,17,92.29
2021,3,18,91.45
2021,3,19,90.75
2021,3,20,90.18
2021,3,21,89.67
2021,3,22,88.98
2021,3,23,95.20
2021,3,24,95.20
2021,3,25,95.20
2021,3,26,95.20
2021,3,27,95.20
2021,3,28,93.90
2021,3,29,92.84
2021,3,30,91.98
2021,3,31,90.68
2021,4,1,90.11
2021,4,2,88.98
2021,4,3,88.10
2021,4,4,87.12
2021,4,5,86.49
2021,4,6,84.75
2021,4,7,83.28
2021,4,8,81.85
2021,4,9,80.73
2021,4,10,90.52
2021,4,11,95.20
2021,4,12,94.36
2021,4,13,94.42
2021,4,14,95.20
2021,4,15,95.20
2021,4,16,95.20
2021,4,17,93.74
2021,4,18,92.56
2021,4,19,91.95
2021,4,20,90.85
2021,4,21,91.48
2021,4,22,91.45
2021,4,23,90.21
2021,4,24,89.39
2021,4,25,95.20
2021,4,26,95.20
2021,4,27,95.20
2021,4,28,94.13
2021,4,29,92.74
2021,4,30,91.26
2021,5,1,95.20
2021,5,2,95.20
2021,5,3,93.62
2021,5,4,91.88
2021,5,5,90.41
2021,5,6,92.80
2021,5,7,92.57
2021,5,8,95.20
2021,5,9,95.20
2021,5,10,93.21
2021,5,11,91.19
2021,5,12,90.67
2021,5,13,90.22
2021,5,14,88.49
2021,5,15,88.17
2021,5,16,86.65
2021,5,17,85.24
2021,5,18,82.91
2021,5,19,80.01
2021,5,20,81.23
2021,5,21,82.76
2021,5,22,80.87
2021,5,23,81.70
2021,5,24,86.48
2021,5,25,85.24
2021,5,26,84.35
2021,5,27,90.59
2021,5,28,87.88
2021,5,29,85.34
2021,5,30,83.36
2021,5,31,82.90
2021,6,1,83.05
2021,6,2,84.29
2021,6,3,82.07
2021,6,4,79.60
2021,6,5,76.81
2021,6,6,74.30
2021,6,7,71.90
2021,6,8,68.57
2021,6,9,64.76
2021,6,10,59.53
2021,6,11,55.55
2021,6,12,51.83
2021,6,13,48.24
2021,6,14,44.18
2021,6,15,41.98
2021,6,16,38.78
2021,6,17,36.74
2021,6,18,35.09
2021,6,19,31.52
2021,6,20,32.39
2021,6,21,29.82
2021,6,22,27.79
2021,6,23,25.72
2021,6,24,23.71
2021,6,25,21.60
2021,6,26,18.76
2021,6,27,31.95
2021,6,28,28.55
2021,6,29,26.10
2021,6,30,23.54
2021,7,1,20.48
2021,7,2,18.29
2021,7,3,15.73
2021,7,4,13.51
2021,7,5,12.48
2021,7,6,17.79
2021,7,7,14.31
2021,7,8,12.79
2021,7,9,17.09
2021,7,10,14.02
2021,7,11,11.53
2021,7,12,9.81
2021,7,13,8.26
2021,7,14,8.82
2021,7,15,8.00
2021,7,16,8.67
2021,7,17,7.46
2021,7,18,6.17
2021,7,19,5.01
2021,7,20,3.86
2021,7,21,3.13
2021,7,22,2.48
2021,7,23,2.30
2021,7,24,15.70
2021,7,25,23.18
2021,7,26,20.62
2021,7,27,18.54
2021,7,28,36.13
2021,7,29,44.10
2021,7,30,41.64
2021,7,31,38.91
2021,8,1,44.71
2021,8,2,66.06
2021,8,3,85.03
2021,8,4,82.36
2021,8,5,79.13
2021,8,6,75.47
2021,8,7,71.72
2021,8,8,68.11
2021,8,9,64.04
2021,8,10,61.20
2021,8,11,58.59
2021,8,12,54.84
2021,8,13,51.16
2021,8,14,47.34
2021,8,15,43.82
2021,8,16,41.45
2021,8,17,38.11
2021,8,18,34.48
2021,8,19,31.59
2021,8,20,36.89
2021,8,21,34.96
2021,8,22,33.14
2021,8,23,31.21
2021,8,24,28.56
2021,8,25,25.51
2021,8,26,22.66
2021,8,27,26.64
2021,8,28,26.73
2021,8,29,23.25
2021,8,30,22.75
2021,8,31,30.85
2021,9,1,28.45
2021,9,2,24.53
2021,9,3,22.21
2021,9,4,18.95
2021,9,5,16.98
2021,9,6,15.34
2021,9,7,13.90
2021,9,8,12.37
2021,9,9,11.26
2021,9,10,14.26
2021,9,11,19.17
2021,9,12,32.72
2021,9,13,43.89
2021,9,14,46.56
2021,9,15,48.89
2021,9,16,47.72
2021,9,17,48.48
2021,9,18,47.14
2021,9,19,43.98
2021,9,20,41.49
2021,9,21,41.38
2021,9,22,55.01
2021,9,23,53.73
2021,9,24,52.33
2021,9,25,77.21
2021,9,26,95.20
2021,9,27,94.19
2021,9,28,92.28
2021,9,29,90.53
2021,9,30,93.51
2021,10,1,92.27
2021,10,2,90.97
2021,10,3,89.30
2021,10,4,87.24
2021,10,5,85.54
2021,10,6,83.83
2021,10,7,95.20
2021,10,8,95.20
2021,10,9,95.20
2021,10,10,93.67
2021,10,11,91.87
2021,10,12,90.80
2021,10,13,89.83
2021,10,14,89.70
2021,10,15,88.83
2021,10,16,87.15
2021,10,17,85.59
2021,10,18,84.06
2021,10,19,82.69
2021,10,20,81.31
2021,10,21,80.38
2021,10,22,79.42
2021,10,23,78.35
2021,10,24,77.13
2021,10,25,75.85
2021,10,26,74.59
2021,10,27,73.26
2021,10,28,71.86
2021,10,29,70.69
2021,10,30,69.50
2021,10,31,68.29
2021,11,1,67.03
2021,11,2,65.78
2021,11,3,64.65
2021,11,4,63.71
2021,11,5,62.97
2021,11,6,62.24
2021,11,7,61.23
2021,11,8,59.95
2021,11,9,62.41
2021,11,10,61.72
2021,11,11,60.86
2021,11,12,66.89
2021,11,13,95.20
2021,11,14,95.20
2021,11,15,95.20
2021,11,16,95.20
2021,11,17,94.52
2021,11,18,93.61
2021,11,19,94.03
2021,11,20,93.86
2021,11,21,95.20
2021,11,22,95.20
2021,11,23,95.20
2021,11,24,94.45
2021,11,25,95.20
2021,11,26,95.20
2021,11,27,95.20
2021,11,28,95.20
2021,11,29,94.50
2021,11,30,93.89
2021,12,1,93.38
2021,12,2,95.20
2021,12,3,95.20
2021,12,4,94.56
2021,12,5,93.96
2021,12,6,93.47
2021,12,7,93.03
2021,12,8,92.63
2021,12,9,92.31
2021,12,10,91.88
2021,12,11,91.31
2021,12,12,90.89
2021,12,13,90.36
2021,12,14,95.20
2021,12,15,95.20
2021,12,16,95.20
2021,12,17,94.46
2021,12,18,95.20
2021,12,19,95.20
2021,12,20,94.39
2021,12,21,93.49
2021,12,22,93.13
2021,12,23,92.46
2021,12,24,91.80
2021,12,25,92.77
2021,12,26,92.28
2021,12,27,91.94
2021,12,28,91.42
2021,12,29,95.20
2021,12,30,95.20
2021,12,31,94.84
2022,1,1,94.56
2022,1,2,94.22
2022,1,3,93.91
2022,1,4,93.50
2022,1,5,93.03
2022,1,6,92.50
2022,1,7,91.92
2022,1,8,91.38
2022,1,9,90.92
2022,1,10,90.52
2022,1,11,90.02
2022,1,12,95.20
2022,1,13,94.53
2022,1,14,94.19
2022,1,15,93.87
2022,1,16,93.50
2022,1,17,93.06
2022,1,18,92.63
2022,1,19,92.27
2022,1,20,92.12
2022,1,21,91.94
2022,1,22,91.74
2022,1,23,91.28
2022,1,24,90.73
2022,1,25,90.31
2022,1,26,89.83
2022,1,27,89.33
2022,1,28,88.74
2022,1,29,88.25
2022,1,30,87.61
2022,1,31,92.26
2022,2,1,91.67
2022,2,2,91.23
2022,2,3,95.20
2022,2,4,94.59
2022,2,5,94.21
2022,2,6,93.78
2022,2,7,93.16
2022,2,8,92.74
2022,2,9,92.29
2022,2,10,91.76
2022,2,11,91.48
2022,2,12,90.73
2022,2,13,95.20
2022,2,14,95.20
2022,2,15,95.20
2022,2,16,95.20
2022,2,17,94.67
2022,2,18,94.03
2022,2,19,95.20
2022,2,20,95.20
2022,2,21,94.62
2022,2,22,94.21
2022,2,23,93.70
2022,2,24,94.02
2022,2,25,93.45
2022,2,26,92.82
2022,2,27,95.20
2022,2,28,94.54
2022,3,1,95.20
2022,3,2,94.45
2022,3,3,93.77
2022,3,4,93.08
2022,3,5,92.41
2022,3,6,95.20
2022,3,7,95.20
2022,3,8,94.49
2022,3,9,93.91
2022,3,10,93.34
2022,3,11,93.03
2022,3,12,92.63
2022,3,13,92.11
2022,3,14,91.60
2022,3,15,93.28
2022,3,16,95.20
2022,3,17,94.83
2022,3,18,95.20
2022,3,19,95.20
2022,3,20,95.20
2022,3,21,95.20
2022,3,22,95.20
2022,3,23,95.20
2022,3,24,95.20
2022,3,25,95.20
2022,3,26,95.20
2022,3,27,95.20
2022,3,28,95.20
2022,3,29,95.20
2022,3,30,95.20
2022,3,31,95.20
2022,4,1,94.06
2022,4,2,93.00
2022,4,3,95.20
2022,4,4,95.20
2022,4,5,94.51
2022,4,6,93.64
2022,4,7,95.19
2022,4,8,95.20
2022,4,9,94.91
2022,4,10,93.82
2022,4,11,92.67
2022,4,12,91.35
2022,4,13,90.71
2022,4,14,89.05
2022,4,15,87.49
2022,4,16,86.05
2022,4,17,83.93
2022,4,18,95.20
2022,4,19,95.20
2022,4,20,92.43
2022,4,21,88.88
2022,4,22,86.99
2022,4,23,89.69
2022,4,24,87.46
2022,4,25,85.05
2022,4,26,83.57
2022,4,27,82.44
2022,4,28,82.48
2022,4,29,86.83
2022,4,30,85.31
2022,5,1,82.44
2022,5,2,79.31
2022,5,3,76.97
2022,5,4,76.13
2022,5,5,79.93
2022,5,6,81.41
2022,5,7,77.05
2022,5,8,74.46
2022,5,9,71.55
2022,5,10,69.13
2022,5,11,66.36
2022,5,12,68.03
2022,5,13,66.00
2022,5,14,63.94
2022,5,15,61.86
2022,5,16,60.17
2022,5,17,58.48
2022,5,18,56.63
2022,5,19,54.61
2022,5,20,52.68
2022,5,21,49.55
2022,5,22,46.01
2022,5,23,44.71
2022,5,24,54.45
2022,5,25,54.66
2022,5,26,62.30
2022,5,27,58.97
2022,5,28,55.81
2022,5,29,52.92
2022,5,30,50.75
2022,5,31,47.83
2022,6,1,51.46
2022,6,2,55.53
2022,6,3,55.64
2022,6,4,58.84
2022,6,5,62.87
2022,6,6,66.55
2022,6,7,62.14
2022,6,8,58.23
2022,6,9,61.82
2022,6,10,64.10
2022,6,11,64.03
2022,6,12,65.34
2022,6,13,64.30
2022,6,14,62.79
2022,6,15,59.07
2022,6,16,68.97
2022,6,17,69.41
2022,6,18,64.68
2022,6,19,60.48
2022,6,20,60.11
2022,6,21,66.97
2022,6,22,67.75
2022,6,23,72.72
2022,6,24,72.31
2022,6,25,68.32
2022,6,26,64.06
2022,6,27,60.02
2022,6,28,55.35
2022,6,29,49.95
2022,6,30,44.85
2022,7,1,41.59
2022,7,2,52.71
2022,7,3,71.99
2022,7,4,68.78
2022,7,5,65.37
2022,7,6,63.34
2022,7,7,74.50
2022,7,8,70.51
2022,7,9,66.51
2022,7,10,64.53
2022,7,11,77.00
2022,7,12,84.75
2022,7,13,80.66
2022,7,14,77.17
2022,7,15,73.01
2022,7,16,67.28
2022,7,17,65.51
2022,7,18,61.78
2022,7,19,59.51
2022,7,20,73.39
2022,7,21,85.22
2022,7,22,81.51
2022,7,23,77.78
2022,7,24,75.18
2022,7,25,72.29
2022,7,26,69.11
2022,7,27,69.93
2022,7,28,66.63
2022,7,29,61.93
2022,7,30,57.91
2022,7,31,54.02
2022,8,1,50.51
2022,8,2,46.86
2022,8,3,45.00
2022,8,4,46.19
2022,8,5,42.95
2022,8,6,39.68
2022,8,7,36.03
2022,8,8,35.92
2022,8,9,40.07
2022,8,10,37.71
2022,8,11,35.11
2022,8,12,31.66
2022,8,13,27.93
2022,8,14,24.71
2022,8,15,22.01
2022,8,16,19.39
2022,8,17,16.64
2022,8,18,15.85
2022,8,19,17.67
2022,8,20,18.70
2022,8,21,16.91
2022,8,22,14.95
2022,8,23,12.99
2022,8,24,13.48
2022,8,25,11.82
2022,8,26,10.71
2022,8,27,9.73
2022,8,28,8.64
2022,8,29,7.70
2022,8,30,6.81
2022,8,31,6.09
2022,9,1,5.12
2022,9,2,4.24
2022,9,3,3.44
2022,9,4,2.82
2022,9,5,2.30
2022,9,6,1.71
2022,9,7,1.31
2022,9,8,1.08
2022,9,9,0.97
2022,9,10,0.94
2022,9,11,1.44
2022,9,12,6.51
2022,9,13,6.92
2022,9,14,6.34
2022,9,15,42.41
2022,9,16,74.07
2022,9,17,71.85
2022,9,18,69.61
2022,9,19,71.50
2022,9,20,68.73
2022,9,21,65.76
2022,9,22,70.17
2022,9,23,67.12
2022,9,24,64.16
2022,9,25,61.08
2022,9,26,58.36
2022,9,27,69.17
2022,9,28,67.46
2022,9,29,65.99
2022,9,30,64.12
2022,10,1,61.87
2022,10,2,60.96
2022,10,3,61.61
2022,10,4,59.87
2022,10,5,59.12
2022,10,6,61.74
2022,10,7,77.02
2022,10,8,78.17
2022,10,9,76.58
2022,10,10,75.00
2022,10,11,73.69
2022,10,12,72.22
2022,10,13,70.44
2022,10,14,68.47
2022,10,15,66.94
2022,10,16,65.53
2022,10,17,64.51
2022,10,18,66.34
2022,10,19,65.52
2022,10,20,63.99
2022,10,21,62.48
2022,10,22,61.29
2022,10,23,60.30
2022,10,24,61.60
2022,10,25,63.33
2022,10,26,62.70
2022,10,27,61.85
2022,10,28,60.57
2022,10,29,58.78
2022,10,30,57.18
2022,10,31,56.23
2022,11,1,55.73
2022,11,2,55.16
2022,11,3,56.36
2022,11,4,55.74
2022,11,5,65.31
2022,11,6,89.09
2022,11,7,88.69
2022,11,8,87.42
2022,11,9,86.33
2022,11,10,84.96
2022,11,11,83.97
2022,11,12,83.12
2022,11,13,87.99
2022,11,14,95.20
2022,11,15,95.20
2022,11,16,95.20
2022,11,17,94.39
2022,11,18,94.02
2022,11,19,95.20
2022,11,20,95.20
2022,11,21,95.20
2022,11,22,95.20
2022,11,23,94.44
2022,11,24,93.90
2022,11,25,94.33
2022,11,26,93.65
2022,11,27,95.20
2022,11,28,95.20
2022,11,29,95.20
2022,11,30,94.62
2022,12,1,94.29
2022,12,2,93.72
2022,12,3,93.33
2022,12,4,95.20
2022,12,5,95.20
2022,12,6,94.58
2022,12,7,94.01
2022,12,8,93.40
2022,12,9,92.90
2022,12,10,92.46
2022,12,11,92.00
2022,12,12,91.56
2022,12,13,91.23
2022,12,14,90.91
2022,12,15,90.61
2022,12,16,90.13
2022,12,17,89.62
2022,12,18,95.20
2022,12,19,95.20
2022,12,20,95.20
2022,12,21,94.68
2022,12,22,94.33
2022,12,23,94.01
2022,12,24,95.20
2022,12,25,95.20
2022,12,26,94.65
2022,12,27,94.26
2022,12,28,93.84
2022,12,29,93.34
2022,12,30,92.99
2022,12,31,95.20
2023,1,1,95.20
2023,1,2,95.20
2023,1,3,94.63
2023,1,4,94.06
2023,1,5,95.20
2023,1,6,95.20
2023,1,7,94.57
2023,1,8,93.96
2023,1,9,93.35
2023,1,10,92.82
2023,1,11,92.20
2023,1,12,95.20
2023,1,13,95.20
2023,1,14,95.20
2023,1,15,94.54
2023,1,16,93.87
2023,1,17,93.31
2023,1,18,92.74
2023,1,19,95.20
2023,1,20,94.73
2023,1,21,95.20
2023,1,22,94.79
2023,1,23,94.40
2023,1,24,93.88
2023,1,25,95.20
2023,1,26,95.20
2023,1,27,94.16
2023,1,28,95.20
2023,1,29,95.20
2023,1,30,95.20
2023,1,31,94.66
2023,2,1,94.22
2023,2,2,93.78
2023,2,3,93.28
2023,2,4,92.87
2023,2,5,92.51
2023,2,6,91.97
2023,2,7,91.35
2023,2,8,90.65
2023,2,9,89.85
2023,2,10,89.09
2023,2,11,88.37
2023,2,12,87.83
2023,2,13,87.43
2023,2,14,87.05
2023,2,15,86.79
2023,2,16,86.36
2023,2,17,88.81
2023,2,18,87.82
2023,2,19,86.65
2023,2,20,95.20
2023,2,21,95.20
2023,2,22,93.88
2023,2,23,93.28
2023,2,24,92.69
2023,2,25,91.99
2023,2,26,91.38
2023,2,27,95.20
2023,2,28,95.20
2023,3,1,95.20
2023,3,2,94.34
2023,3,3,93.59
2023,3,4,92.61
2023,3,5,91.59
2023,3,6,95.20
2023,3,7,95.20
2023,3,8,94.40
2023,3,9,93.55
2023,3,10,95.20
2023,3,11,95.20
2023,3,12,95.20
2023,3,13,94.54
2023,3,14,93.91
2023,3,15,93.29
2023,3,16,92.68
2023,3,17,95.20
2023,3,18,95.20
2023,3,19,95.20
2023,3,20,95.20
2023,3,21,95.20
2023,3,22,95.20
2023,3,23,95.20
2023,3,24,94.21
2023,3,25,95.20
2023,3,26,95.20
2023,3,27,94.90
2023,3,28,93.79
2023,3,29,92.76
2023,3,30,91.55
2023,3,31,95.20
2023,4,1,95.20
2023,4,2,93.82
2023,4,3,95.20
2023,4,4,95.20
2023,4,5,95.20
2023,4,6,93.95
2023,4,7,92.85
2023,4,8,91.68
2023,4,9,90.31
2023,4,10,95.20
2023,4,11,93.55
2023,4,12,91.22
2023,4,13,95.20
2023,4,14,93.25
2023,4,15,94.10
2023,4,16,95.20
2023,4,17,94.08
2023,4,18,92.84
2023,4,19,94.60
2023,4,20,93.00
2023,4,21,90.99
2023,4,22,89.61
2023,4,23,87.75
2023,4,24,86.14
2023,4,25,90.11
2023,4,26,88.64
2023,4,27,87.04
2023,4,28,85.34
2023,4,29,83.44
2023,4,30,82.48
2023,5,1,80.30
2023,5,2,80.61
2023,5,3,78.77
2023,5,4,77.97
2023,5,5,76.59
2023,5,6,74.67
2023,5,7,74.79
2023,5,8,72.76
2023,5,9,71.08
2023,5,10,69.90
2023,5,11,69.38
2023,5,12,71.50
2023,5,13,69.84
2023,5,14,67.61
2023,5,15,67.15
2023,5,16,72.46
2023,5,17,70.43
2023,5,18,66.85
2023,5,19,63.69
2023,5,20,61.15
2023,5,21,61.59
2023,5,22,62.63
2023,5,23,65.78
2023,5,24,63.35
2023,5,25,61.85
2023,5,26,59.99
2023,5,27,63.75
2023,5,28,62.83
2023,5,29,61.04
2023,5,30,58.83
2023,5,31,57.04
2023,6,1,54.61
2023,6,2,51.94
2023,6,3,56.14
2023,6,4,76.44
2023,6,5,79.51
2023,6,6,76.38
2023,6,7,73.68
2023,6,8,70.68
2023,6,9,67.38
2023,6,10,67.38
2023,6,11,75.19
2023,6,12,76.03
2023,6,13,75.40
2023,6,14,71.59
2023,6,15,67.65
2023,6,16,65.22
2023,6,17,63.61
2023,6,18,60.92
2023,6,19,58.66
2023,6,20,56.39
2023,6,21,53.25
2023,6,22,49.38
2023,6,23,48.60
2023,6,24,44.64
2023,6,25,43.42
2023,6,26,43.78
2023,6,27,40.29
2023,6,28,38.20
2023,6,29,37.76
2023,6,30,34.39
2023,7,1,41.52
2023,7,2,47.74
2023,7,3,44.53
2023,7,4,41.77
2023,7,5,52.60
2023,7,6,49.09
2023,7,7,48.03
2023,7,8,53.54
2023,7,9,50.84
2023,7,10,48.07
2023,7,11,44.72
2023,7,12,45.24
2023,7,13,41.55
2023,7,14,37.56
2023,7,15,34.05
2023,7,16,30.74
2023,7,17,27.62
2023,7,18,24.78
2023,7,19,21.80
2023,7,20,18.10
2023,7,21,15.39
2023,7,22,12.94
2023,7,23,12.20
2023,7,24,11.43
2023,7,25,9.96
2023,7,26,9.59
2023,7,27,8.49
2023,7,28,7.49
2023,7,29,16.13
2023,7,30,14.19
2023,7,31,12.32
2023,8,1,11.31
2023,8,2,9.85
2023,8,3,8.93
2023,8,4,8.61
2023,8,5,14.72
2023,8,6,13.80
2023,8,7,11.94
2023,8,8,11.92
2023,8,9,10.27
2023,8,10,8.50
2023,8,11,6.87
2023,8,12,6.04
2023,8,13,4.96
2023,8,14,4.16
2023,8,15,3.57
2023,8,16,3.01
2023,8,17,2.43
2023,8,18,2.17
2023,8,19,2.01
2023,8,20,1.64
2023,8,21,1.31
2023,8,22,1.16
2023,8,23,0.86
2023,8,24,0.63
2023,8,25,0.51
2023,8,26,0.43
2023,8,27,0.36
2023,8,28,2.74
2023,8,29,22.34
2023,8,30,36.34
2023,8,31,40.87
2023,9,1,43.35
2023,9,2,46.24
2023,9,3,46.59
2023,9,4,48.10
2023,9,5,44.65
2023,9,6,41.53
2023,9,7,38.91
2023,9,8,35.63
2023,9,9,38.11
2023,9,10,38.41
2023,9,11,36.80
2023,9,12,34.95
2023,9,13,32.97
2023,9,14,30.62
2023,9,15,27.96
2023,9,16,25.97
2023,9,17,24.47
2023,9,18,22.65
2023,9,19,26.21
2023,9,20,33.05
2023,9,21,36.16
2023,9,22,47.52
2023,9,23,49.67
2023,9,24,47.42
2023,9,25,45.23
2023,9,26,43.14
2023,9,27,47.90
2023,9,28,46.52
2023,9,29,45.19
2023,9,30,43.96
2023,10,1,42.65
2023,10,2,40.99
2023,10,3,39.23
2023,10,4,40.50
2023,10,5,44.38
2023,10,6,43.04
2023,10,7,41.65
2023,10,8,40.28
2023,10,9,38.86
2023,10,10,55.85
2023,10,11,78.08
2023,10,12,89.39
2023,10,13,87.58
2023,10,14,86.35
2023,10,15,84.94
2023,10,16,83.89
2023,10,17,84.92
2023,10,18,84.35
2023,10,19,84.37
2023,10,20,86.46
2023,10,21,95.20
2023,10,22,95.20
2023,10,23,95.20
2023,10,24,94.28
2023,10,25,93.60
2023,10,26,92.62
2023,10,27,91.32
2023,10,28,89.94
2023,10,29,87.93
2023,10,30,95.20
2023,10,31,95.20
2023,11,1,94.28
2023,11,2,95.20
2023,11,3,95.20
2023,11,4,94.62
2023,11,5,93.53
2023,11,6,92.79
2023,11,7,92.02
2023,11,8,91.12
2023,11,9,90.03
2023,11,10,89.02
2023,11,11,87.91
2023,11,12,88.19
2023,11,13,87.77
2023,11,14,86.32
2023,11,15,88.17
2023,11,16,87.34
2023,11,17,86.79
2023,11,18,86.38
2023,11,19,85.09
2023,11,20,83.22
2023,11,21,84.76
2023,11,22,95.20
2023,11,23,94.58
2023,11,24,94.04
2023,11,25,95.20
2023,11,26,94.65
2023,11,27,94.71
2023,11,28,95.20
2023,11,29,95.20
2023,11,30,95.20
2023,12,1,94.70
2023,12,2,94.24
2023,12,3,93.75
2023,12,4,95.20
2023,12,5,95.20
2023,12,6,94.33
2023,12,7,93.61
2023,12,8,94.38
2023,12,9,94.22
2023,12,10,93.60
2023,12,11,93.41
2023,12,12,92.52
2023,12,13,91.29
2023,12,14,90.33
2023,12,15,89.55
2023,12,16,88.43
2023,12,17,87.73
2023,12,18,87.13
2023,12,19,86.43
2023,12,20,86.41
2023,12,21,85.96
2023,12,22,85.48
2023,12,23,84.76
2023,12,24,83.94
2023,12,25,82.99
2023,12,26,82.71
2023,12,27,82.06
2023,12,28,82.22
2023,12,29,81.92
2023,12,30,81.17
2023,12,31,80.32
2024,1,1,79.49
2024,1,2,78.74
2024,1,3,77.79
2024,1,4,77.12
2024,1,5,76.51
2024,1,6,75.71
2024,1,7,79.90
2024,1,8,92.24
2024,1,9,91.75
2024,1,10,91.37
2024,1,11,90.89
2024,1,12,95.20
2024,1,13,95.20
2024,1,14,95.20
2024,1,15,94.63
2024,1,16,94.09
2024,1,17,95.20
2024,1,18,95.20
2024,1,19,95.20
2024,1,20,94.32
2024,1,21,93.51
2024,1,22,92.51
2024,1,23,92.04
2024,1,24,95.20
2024,1,25,95.20
2024,1,26,94.62
2024,1,27,93.98
2024,1,28,93.53
2024,1,29,95.20
2024,1,30,94.31
2024,1,31,93.61
2024,2,1,93.10
2024,2,2,92.62
2024,2,3,92.14
2024,2,4,91.60
2024,2,5,94.01
2024,2,6,95.20
2024,2,7,94.61
2024,2,8,94.13
2024,2,9,93.86
2024,2,10,95.20
2024,2,11,94.36
2024,2,12,93.52
2024,2,13,92.93
2024,2,14,92.30
2024,2,15,93.91
2024,2,16,93.01
2024,2,17,91.60
2024,2,18,90.42
2024,2,19,90.68
2024,2,20,91.98
2024,2,21,93.12
2024,2,22,95.20
2024,2,23,95.20
2024,2,24,95.20
2024,2,25,94.81
2024,2,26,94.51
2024,2,27,93.86
2024,2,28,95.20
2024,2,29,94.47
2024,3,1,93.86
2024,3,2,93.40
2024,3,3,92.84
2024,3,4,92.74
2024,3,5,92.37
2024,3,6,91.84
2024,3,7,91.44
2024,3,8,91.17
2024,3,9,90.60
2024,3,10,95.20
2024,3,11,94.53
2024,3,12,93.71
2024,3,13,95.20
2024,3,14,95.20
2024,3,15,95.20
2024,3,16,94.09
2024,3,17,93.35
2024,3,18,92.74
2024,3,19,91.94
2024,3,20,91.34
2024,3,21,89.98
2024,3,22,88.88
2024,3,23,88.08
2024,3,24,86.92
2024,3,25,85.50
2024,3,26,83.92
2024,3,27,84.75
2024,3,28,84.84
2024,3,29,88.36
2024,3,30,92.33
2024,3,31,90.89
2024,4,1,89.07
2024,4,2,91.37
2024,4,3,89.80
2024,4,4,88.26
2024,4,5,90.68
2024,4,6,89.54
2024,4,7,91.71
2024,4,8,95.20
2024,4,9,95.20
2024,4,10,93.92
2024,4,11,93.51
2024,4,12,95.20
2024,4,13,95.20
2024,4,14,95.20
2024,4,15,94.04
2024,4,16,93.63
2024,4,17,92.14
2024,4,18,90.54
2024,4,19,95.08
2024,4,20,95.20
2024,4,21,95.20
2024,4,22,92.88
2024,4,23,90.80
2024,4,24,93.14
2024,4,25,91.27
2024,4,26,95.20
2024,4,27,95.20
2024,4,28,93.46
2024,4,29,91.98
2024,4,30,90.46
2024,5,1,88.98
2024,5,2,87.76
2024,5,3,86.31
2024,5,4,84.62
2024,5,5,83.17
2024,5,6,90.41
2024,5,7,95.20
2024,5,8,94.78
2024,5,9,92.97
2024,5,10,91.02
2024,5,11,88.53
2024,5,12,85.34
2024,5,13,86.48
2024,5,14,89.80
2024,5,15,95.20
2024,5,16,95.20
2024,5,17,95.20
2024,5,18,92.40
2024,5,19,89.42
2024,5,20,88.48
2024,5,21,85.28
2024,5,22,81.07
2024,5,23,78.13
2024,5,24,76.24
2024,5,25,74.42
2024,5,26,72.30
2024,5,27,69.46
2024,5,28,71.79
2024,5,29,68.35
2024,5,30,65.58
2024,5,31,67.82
2024,6,1,64.33
2024,6,2,62.39
2024,6,3,61.13
2024,6,4,58.36
2024,6,5,54.95
2024,6,6,56.69
2024,6,7,62.46
2024,6,8,59.70
2024,6,9,57.56
2024,6,10,55.15
2024,6,11,52.00
2024,6,12,50.33
2024,6,13,46.83
2024,6,14,42.97
2024,6,15,40.39
2024,6,16,45.22
2024,6,17,41.58
2024,6,18,38.79
2024,6,19,36.06
2024,6,20,33.26
2024,6,21,33.62
2024,6,22,37.33
2024,6,23,37.49
2024,6,24,35.21
2024,6,25,35.72
2024,6,26,36.69
2024,6,27,38.10
2024,6,28,36.51
2024,6,29,35.18
2024,6,30,32.72
2024,7,1,30.48
2024,7,2,29.12
2024,7,3,27.28
2024,7,4,24.40
2024,7,5,22.94
2024,7,6,21.27
2024,7,7,18.51
2024,7,8,15.20
2024,7,9,12.00
2024,7,10,9.97
2024,7,11,16.58
2024,7,12,14.12
2024,7,13,12.93
2024,7,14,12.69
2024,7,15,11.48
2024,7,16,9.37
2024,7,17,7.73
2024,7,18,13.85
2024,7,19,11.82
2024,7,20,9.89
2024,7,21,9.20
2024,7,22,7.81
2024,7,23,6.25
2024,7,24,4.70
2024,7,25,3.39
2024,7,26,2.79
2024,7,27,2.79
2024,7,28,2.12
2024,7,29,2.07
2024,7,30,1.60
2024,7,31,1.25
2024,8,1,1.04
2024,8,2,0.87
2024,8,3,0.69
2024,8,4,0.54
2024,8,5,2.68
2024,8,6,2.10
2024,8,7,1.64
2024,8,8,3.13
2024,8,9,2.68
2024,8,10,2.01
2024,8,11,1.47
2024,8,12,1.04
2024,8,13,0.74
2024,8,14,0.58
2024,8,15,0.48
2024,8,16,0.43
2024,8,17,0.32
2024,8,18,0.25
2024,8,19,0.20
2024,8,20,0.16
2024,8,21,0.13
2024,8,22,0.11
2024,8,23,0.09
2024,8,24,0.08
2024,8,25,0.06
2024,8,26,0.05
2024,8,27,0.04
2024,8,28,0.04
2024,8,29,0.03
2024,8,30,0.03
2024,8,31,0.02
2024,9,1,1.16
2024,9,2,5.52
2024,9,3,4.89
2024,9,4,4.34
2024,9,5,3.87
2024,9,6,3.36
2024,9,7,2.91
2024,9,8,2.56
2024,9,9,2.18
2024,9,10,1.83
2024,9,11,1.52
2024,9,12,1.27
2024,9,13,1.04
2024,9,14,0.94
2024,9,15,3.46
2024,9,16,3.44
2024,9,17,3.00
2024,9,18,2.62
2024,9,19,2.29
2024,9,20,1.99
2024,9,21,1.70
2024,9,22,1.46
2024,9,23,1.31
2024,9,24,1.19
2024,9,25,1.09
2024,9,26,1.01
2024,9,27,0.95
2024,9,28,0.89
2024,9,29,0.82
2024,9,30,0.75
2024,10,1,0.68
2024,10,2,0.60
2024,10,3,0.53
2024,10,4,0.47
2024,10,5,0.44
2024,10,6,0.41
2024,10,7,0.38
2024,10,8,0.36
2024,10,9,0.33
2024,10,10,0.29
2024,10,11,6.55
2024,10,12,27.01
2024,10,13,28.58
2024,10,14,27.50
2024,10,15,26.26
2024,10,16,24.97
2024,10,17,24.21
2024,10,18,23.74
2024,10,19,35.58
2024,10,20,34.76
2024,10,21,33.86
2024,10,22,32.72
2024,10,23,31.68
2024,10,24,30.66
2024,10,25,29.94
2024,10,26,29.36
2024,10,27,28.80
2024,10,28,27.47
2024,10,29,26.11
2024,10,30,25.10
2024,10,31,25.75
2024,11,1,26.87
2024,11,2,33.38
2024,11,3,58.84
2024,11,4,57.74
2024,11,5,56.84
2024,11,6,66.12
2024,11,7,95.20
2024,11,8,95.20
2024,11,9,93.94
2024,11,10,92.84
2024,11,11,91.65
2024,11,12,90.26
2024,11,13,95.20
2024,11,14,95.20
2024,11,15,95.20
2024,11,16,95.20
2024,11,17,94.97
2024,11,18,94.16
2024,11,19,93.00
2024,11,20,91.46
2024,11,21,90.07
2024,11,22,89.44
2024,11,23,92.17
2024,11,24,95.20
2024,11,25,95.12
2024,11,26,94.29
2024,11,27,95.20
2024,11,28,94.49
2024,11,29,93.80
2024,11,30,93.03
2024,12,1,92.28
2024,12,2,91.71
2024,12,3,91.15
2024,12,4,90.43
2024,12,5,89.98
2024,12,6,88.89
2024,12,7,91.51
2024,12,8,95.20
2024,12,9,93.86
2024,12,10,93.01
2024,12,11,92.36
2024,12,12,94.62
2024,12,13,95.20
2024,12,14,95.20
2024,12,15,95.20
2024,12,16,94.72
2024,12,17,94.35
2024,12,18,95.20
2024,12,19,94.30
2024,12,20,93.88
2024,12,21,93.50
2024,12,22,93.15
2024,12,23,92.78
2024,12,24,92.47
2024,12,25,92.13
2024,12,26,91.74
2024,12,27,91.38
2024,12,28,90.85
2024,12,29,90.40
2024,12,30,90.01
2024,12,31,89.49
2025,1,1,89.09
2025,1,2,88.76
2025,1,3,88.25
2025,1,4,87.80
2025,1,5,87.43
2025,1,6,86.87
2025,1,7,86.23
2025,1,8,85.69
2025,1,9,85.17
2025,1,10,84.57
2025,1,11,84.06
2025,1,12,83.65
2025,1,13,95.20
2025,1,14,95.20
2025,1,15,94.65
2025,1,16,94.17
2025,1,17,93.70
2025,1,18,93.38
2025,1,19,93.12
2025,1,20,92.90
2025,1,21,92.60
2025,1,22,92.18
2025,1,23,91.74
2025,1,24,91.22
2025,1,25,90.75
2025,1,26,90.21
2025,1,27,89.79
2025,1,28,89.59
2025,1,29,89.33
2025,1,30,88.88
2025,1,31,88.19
2025,2,1,94.80
2025,2,2,94.18
2025,2,3,93.73
2025,2,4,93.18
2025,2,5,95.20
2025,2,6,95.20
2025,2,7,95.20
2025,2,8,95.20
2025,2,9,94.76
2025,2,10,94.46
2025,2,11,93.96
2025,2,12,95.20
2025,2,13,94.75
2025,2,14,94.34
2025,2,15,93.82
2025,2,16,93.33
2025,2,17,92.69
2025,2,18,92.31
2025,2,19,92.14
2025,2,20,91.97
2025,2,21,91.69
2025,2,22,91.26
2025,2,23,90.76
2025,2,24,90.09
2025,2,25,89.32
2025,2,26,88.77
2025,2,27,88.18
2025,2,28,87.74
2025,3,1,87.19
2025,3,2,93.21
2025,3,3,92.53
2025,3,4,92.14
2025,3,5,91.82
2025,3,6,91.27
2025,3,7,95.20
2025,3,8,95.20
2025,3,9,95.20
2025,3,10,95.20
2025,3,11,95.20
2025,3,12,94.48
2025,3,13,94.03
2025,3,14,93.43
2025,3,15,95.20
2025,3,16,95.20
2025,3,17,95.20
2025,3,18,95.20
2025,3,19,94.11
2025,3,20,93.58
2025,3,21,92.47
2025,3,22,93.82
2025,3,23,95.20
2025,3,24,95.20
2025,3,25,95.20
2025,3,26,93.77
2025,3,27,95.20
2025,3,28,95.20
2025,3,29,93.92
2025,3,30,92.25
2025,3,31,90.08
2025,4,1,91.19
2025,4,2,90.24
2025,4,3,89.23
2025,4,4,88.07
2025,4,5,86.66
2025,4,6,85.01
2025,4,7,85.39
2025,4,8,90.53
2025,4,9,88.40
2025,4,10,85.95
2025,4,11,84.80
2025,4,12,86.88
2025,4,13,85.56
2025,4,14,84.18
2025,4,15,81.97
2025,4,16,79.81
2025,4,17,78.97
2025,4,18,77.01
2025,4,19,74.81
2025,4,20,72.29
2025,4,21,69.68
2025,4,22,67.88
2025,4,23,64.15
2025,4,24,61.62
2025,4,25,60.14
2025,4,26,75.35
2025,4,27,80.72
2025,4,28,79.18
2025,4,29,77.70
2025,4,30,76.47
2025,5,1,78.25
2025,5,2,76.67
2025,5,3,75.41
2025,5,4,74.24
2025,5,5,77.47
2025,5,6,81.90
2025,5,7,79.94
2025,5,8,77.88
2025,5,9,76.37
2025,5,10,75.03
2025,5,11,73.87
2025,5,12,72.44
2025,5,13,74.31
2025,5,14,83.12
2025,5,15,81.38
2025,5,16,79.96
2025,5,17,79.10
2025,5,18,77.84
2025,5,19,78.64
2025,5,20,75.85
2025,5,21,73.02
2025,5,22,70.67
2025,5,23,76.03
2025,5,24,74.36
2025,5,25,79.06
2025,5,26,95.20
2025,5,27,95.20
2025,5,28,92.55
2025,5,29,90.16
2025,5,30,86.98
2025,5,31,83.53
2025,6,1,81.26
2025,6,2,77.58
2025,6,3,87.87
2025,6,4,95.20
2025,6,5,95.20
2025,6,6,95.20
2025,6,7,93.03
2025,6,8,89.80
2025,6,9,95.20
2025,6,10,95.11
2025,6,11,92.23
2025,6,12,89.12
2025,6,13,85.66
2025,6,14,88.52
2025,6,15,95.20
2025,6,16,95.20
2025,6,17,91.81
2025,6,18,88.11
2025,6,19,85.92
2025,6,20,87.60
2025,6,21,87.29
2025,6,22,86.90
2025,6,23,87.94
2025,6,24,87.06
2025,6,25,84.69
2025,6,26,80.82
2025,6,27,75.52
2025,6,28,69.73
2025,6,29,65.83
2025,6,30,78.09
2025,7,1,86.39
2025,7,2,90.74
2025,7,3,87.40
2025,7,4,83.96
2025,7,5,80.82
2025,7,6,76.73
2025,7,7,72.92
2025,7,8,69.69
2025,7,9,66.40
2025,7,10,63.07
2025,7,11,59.24
2025,7,12,63.39
2025,7,13,59.65
2025,7,14,56.04
2025,7,15,52.56
2025,7,16,49.16
2025,7,17,45.57
2025,7,18,43.82
2025,7,19,42.92
2025,7,20,40.03
2025,7,21,36.67
2025,7,22,32.81
2025,7,23,28.98
2025,7,24,25.60
2025,7,25,22.32
2025,7,26,18.81
2025,7,27,16.27
2025,7,28,13.87
2025,7,29,12.02
2025,7,30,10.41
2025,7,31,8.81
2025,8,1,7.34
2025,8,2,6.36
2025,8,3,5.01
2025,8,4,4.37
2025,8,5,3.60
2025,8,6,6.86
2025,8,7,35.35
2025,8,8,38.44
2025,8,9,35.49
2025,8,10,41.31
2025,8,11,37.91
2025,8,12,34.36
2025,8,13,31.17
2025,8,14,27.87
2025,8,15,27.35
2025,8,16,24.28
2025,8,17,24.42
2025,8,18,22.29
2025,8,19,20.38
2025,8,20,18.12
2025,8,21,16.27
2025,8,22,14.52
2025,8,23,12.77
2025,8,24,11.17
2025,8,25,13.41
2025,8,26,12.31
2025,8,27,11.17
2025,8,28,10.09
2025,8,29,9.08
2025,8,30,8.01
2025,8,31,6.99
2025,9,1,5.93
2025,9,2,4.88
2025,9,3,4.03
2025,9,4,3.45
2025,9,5,3.01
2025,9,6,2.57
2025,9,7,2.24
2025,9,8,1.92
2025,9,9,23.75
2025,9,10,34.04
2025,9,11,32.10
2025,9,12,29.98
2025,9,13,27.56
2025,9,14,25.50
2025,9,15,24.65
2025,9,16,23.05
2025,9,17,26.02
2025,9,18,23.80
2025,9,19,21.99
2025,9,20,20.30
2025,9,21,18.42
2025,9,22,16.99
2025,9,23,18.12
2025,9,24,18.58
2025,9,25,16.77
2025,9,26,15.02
2025,9,27,14.26
2025,9,28,14.03
2025,9,29,13.53
2025,9,30,12.90
2025,10,1,12.03
2025,10,2,11.09
2025,10,3,10.35
2025,10,4,9.44
2025,10,5,8.45
2025,10,6,7.81
2025,10,7,7.53
2025,10,8,7.20
2025,10,9,9.96
2025,10,10,11.69
2025,10,11,10.57
2025,10,12,10.19
2025,10,13,9.61
2025,10,14,10.94
2025,10,15,16.97
2025,10,16,15.76
2025,10,17,14.70
2025,10,18,15.00
2025,10,19,15.71
2025,10,20,14.86
2025,10,21,14.70
2025,10,22,14.05
2025,10,23,13.54
2025,10,24,12.90
2025,10,25,12.10
2025,10,26,11.90
2025,10,27,12.07
2025,10,28,36.72
2025,10,29,48.33
2025,10,30,47.01
2025,10,31,46.21
2025,11,1,47.02
2025,11,2,45.89
2025,11,3,47.48
2025,11,4,45.77
2025,11,5,44.29
2025,11,6,43.47
2025,11,7,42.80
2025,11,8,41.70
2025,11,9,40.43
2025,11,10,39.30
2025,11,11,38.45
2025,11,12,37.79
2025,11,13,38.41
2025,11,14,37.86
2025,11,15,37.08
2025,11,16,35.96
2025,11,17,34.80
2025,11,18,34.03
2025,11,19,33.35
2025,11,20,32.44
2025,11,21,31.55
2025,11,22,30.92
2025,11,23,37.67
2025,11,24,41.94
2025,11,25,40.68
2025,11,26,39.73
2025,11,27,38.93
2025,11,28,38.50
2025,11,29,38.01
2025,11,30,37.45
2025,12,1,36.95
2025,12,2,36.40
2025,12,3,35.73
2025,12,4,35.09
2025,12,5,34.89
2025,12,6,34.56
2025,12,7,34.18
2025,12,8,33.42
2025,12,9,32.83
2025,12,10,32.46
2025,12,11,32.19
2025,12,12,31.88
2025,12,13,31.57
2025,12,14,31.17
2025,12,15,30.76
2025,12,16,30.39
2025,12,17,30.02
2025,12,18,33.42
2025,12,19,43.30
2025,12,20,44.32
2025,12,21,43.69
2025,12,22,43.21
2025,12,23,42.71
2025,12,24,42.24
2025,12,25,41.78
2025,12,26,41.46
2025,12,27,41.17
2025,12,28,40.73
2025,12,29,59.89
2025,12,30,59.24
2025,12,31,58.88
2026,1,1,58.54
2026,1,2,58.09
2026,1,3,66.28
2026,1,4,75.92
2026,1,5,75.54
2026,1,6,75.30
2026,1,7,75.02
2026,1,8,74.67
2026,1,9,74.16
2026,1,10,83.00
2026,1,11,82.72
2026,1,12,82.30
2026,1,13,82.00
2026,1,14,81.54
2026,1,15,81.02
2026,1,16,80.55
2026,1,17,80.23
2026,1,18,79.86
2026,1,19,82.87
2026,1,20,82.28
2026,1,21,81.90
2026,1,22,81.59
2026,1,23,81.25
2026,1,24,80.99
2026,1,25,80.70
2026,1,26,80.18
2026,1,27,79.52
2026,1,28,85.62
2026,1,29,90.67
2026,1,30,90.20
2026,1,31,89.70
2026,2,1,95.20
2026,2,2,94.79
2026,2,3,94.40
2026,2,4,94.02
2026,2,5,93.51
2026,2,6,93.06
2026,2,7,92.44
2026,2,8,95.20
2026,2,9,94.70
2026,2,10,94.48
2026,2,11,94.11
2026,2,12,93.63
2026,2,13,93.07
2026,2,14,92.49
2026,2,15,91.98
2026,2,16,93.61
2026,2,17,92.98
2026,2,18,92.45
2026,2,19,95.20
2026,2,20,95.20
2026,2,21,95.20
2026,2,22,95.20
2026,2,23,95.20
2026,2,24,95.20
2026,2,25,94.33
2026,2,26,93.91
2026,2,27,93.54
2026,2,28,93.03
2026,3,1,92.50
2026,3,2,92.01
2026,3,3,95.20
2026,3,4,94.61
2026,3,5,94.23
2026,3,6,93.90
2026,3,7,93.35
2026,3,8,95.20
2026,3,9,95.20
2026,3,10,95.20
2026,3,11,94.45
2026,3,12,95.20
2026,3,13,95.20
2026,3,14,95.20
2026,3,15,94.24
2026,3,16,93.44
2026,3,17,95.20
2026,3,18,94.51
2026,3,19,93.72
2026,3,20,95.20
2026,3,21,95.20
2026,3,22,94.13
2026,3,23,93.06
2026,3,24,95.20
2026,3,25,95.20
2026,3,26,93.96
2026,3,27,93.08
2026,3,28,92.04
2026,3,29,90.88
2026,3,30,89.32
2026,3,31,87.74
2026,4,1,86.26
2026,4,2,86.73
2026,4,3,87.04
2026,4,4,85.88
2026,4,5,87.18
2026,4,6,88.47
2026,4,7,95.20
2026,4,8,95.20
2026,4,9,95.20
2026,4,10,93.09
2026,4,11,95.20
2026,4,12,95.20
2026,4,13,94.05
2026,4,14,92.99
2026,4,15,91.91
2026,4,16,90.65
2026,4,17,89.45
2026,4,18,87.94
2026,4,19,86.82
2026,4,20,84.89
2026,4,21,82.70
2026,4,22,80.54
2026,4,23,78.01
2026,4,24,75.38
2026,4,25,72.65
2026,4,26,68.51
2026,4,27,65.25
2026,4,28,62.85
2026,4,29,66.74
2026,4,30,73.22
2026,5,1,87.52
2026,5,2,95.20
2026,5,3,95.20
2026,5,4,95.20
2026,5,5,93.52
2026,5,6,91.95
2026,5,7,90.27
2026,5,8,88.29
2026,5,9,95.20
2026,5,10,95.20
2026,5,11,92.90
2026,5,12,89.80
2026,5,13,86.54
2026,5,14,85.09
2026,5,15,83.84
2026,5,16,81.45
2026,5,17,78.05
2026,5,18,75.31
2026,5,19,72.37
2026,5,20,78.65
2026,5,21,95.20
2026,5,22,95.20
2026,5,23,95.20
2026,5,24,95.20
2026,5,25,95.20
2026,5,26,93.41
2026,5,27,91.17
2026,5,28,88.20
2026,5,29,85.94
2026,5,30,83.32
2026,5,31,83.53
2026,6,1,95.20
2026,6,2,92.92
2026,6,3,91.04
2026,6,4,88.80
2026,6,5,86.72
2026,6,6,84.36
2026,6,7,95.20
2026,6,8,95.20
2026,6,9,95.20
2026,6,10,93.63
2026,6,11,92.74
2026,6,12,89.76
2026,6,13,84.98
2026,6,14,80.62
2026,6,15,84.95
2026,6,16,82.43
2026,6,17,78.64
2026,6,18,75.45
2026,6,19,80.05
2026,6,20,76.34
2026,6,21,71.58
2026,6,22,68.57
2026,6,23,63.98
2026,6,24,60.44
2026,6,25,59.66
2026,6,26,68.30
2026,6,27,66.61
2026,6,28,63.16
2026,6,29,59.81
2026,6,30,55.91
2026,7,1,52.03
2026,7,2,49.35
2026,7,3,48.10
2026,7,4,46.56
2026,7,5,43.49
2026,7,6,40.15
2026,7,7,36.92
2026,7,8,33.74
2026,7,9,32.51
2026,7,10,29.69
2026,7,11,27.92
2026,7,12,25.23
2026,7,13,22.39
2026,7,14,21.21
2026,7,15,23.42
2026,7,16,23.46
2026,7,17,20.82
2026,7,18,17.60
2026,7,19,16.79
2026,7,20,15.75
2026,7,21,14.20
2026,7,22,11.82
2026,7,23,9.94
2026,7,24,8.24
2026,7,25,6.46
2026,7,26,5.91
2026,7,27,4.92
2026,7,28,3.78
2026,7,29,2.58
2026,7,30,2.09
2026,7,31,1.97
2026,8,1,6.61
2026,8,2,10.31
2026,8,3,8.55
2026,8,4,7.20
2026,8,5,5.98
2026,8,6,5.01
2026,8,7,4.11
2026,8,8,3.44
2026,8,9,3.95
2026,8,10,12.41
2026,8,11,10.16
2026,8,12,9.42
2026,8,13,8.33
2026,8,14,7.36
2026,8,15,6.36
2026,8,16,5.44
2026,8,17,24.19
2026,8,18,22.03
2026,8,19,19.98
2026,8,20,18.03
2026,8,21,16.00
2026,8,22,14.01
2026,8,23,12.17
2026,8,24,10.84
2026,8,25,9.69
2026,8,26,8.62
2026,8,27,7.51
2026,8,28,6.21
2026,8,29,5.09
2026,8,30,4.11
2026,8,31,12.82
2026,9,1,11.78
2026,9,2,10.60
2026,9,3,9.01
2026,9,4,7.66
2026,9,5,7.62
2026,9,6,11.89
2026,9,7,25.96
2026,9,8,37.50
2026,9,9,34.22
2026,9,10,32.28
2026,9,11,31.90
2026,9,12,28.22
2026,9,13,25.26
2026,9,14,24.91
2026,9,15,26.20
2026,9,16,24.11
2026,9,17,25.33
2026,9,18,29.03
2026,9,19,29.86
2026,9,20,28.69
2026,9,21,27.62
2026,9,22,33.27
2026,9,23,44.09
2026,9,24,45.73
2026,9,25,43.62
2026,9,26,42.40
2026,9,27,41.39
2026,9,28,40.08
2026,9,29,38.39
2026,9,30,36.65
2026,10,1,34.51
2026,10,2,33.86
2026,10,3,31.90
2026,10,4,29.90
2026,10,5,28.09
2026,10,6,26.19
2026,10,7,24.58
2026,10,8,23.18
2026,10,9,24.25
2026,10,10,30.55
2026,10,11,28.79
2026,10,12,27.36
2026,10,13,25.86
2026,10,14,24.20
2026,10,15,23.34
2026,10,16,22.33
2026,10,17,22.71
2026,10,18,22.29
2026,10,19,22.40
2026,10,20,21.48
2026,10,21,20.76
2026,10,22,23.03
2026,10,23,22.30
2026,10,24,21.47
2026,10,25,20.71
2026,10,26,20.09
2026,10,27,19.37
2026,10,28,18.58
2026,10,29,24.81
2026,10,30,71.56
2026,10,31,93.37
2026,11,1,92.42
2026,11,2,91.56
2026,11,3,90.60
2026,11,4,90.28
2026,11,5,89.40
2026,11,6,95.20
2026,11,7,95.20
2026,11,8,94.65
2026,11,9,95.20
2026,11,10,95.20
2026,11,11,94.85
2026,11,12,94.16
2026,11,13,93.58
2026,11,14,95.20
2026,11,15,95.20
2026,11,16,95.20
2026,11,17,94.31
2026,11,18,93.49
2026,11,19,92.86
2026,11,20,95.20
2026,11,21,95.20
2026,11,22,95.20
2026,11,23,94.53
2026,11,24,94.21
2026,11,25,93.41
2026,11,26,92.58
2026,11,27,91.74
2026,11,28,95.20
2026,11,29,95.20
2026,11,30,94.48
2026,12,1,93.97
2026,12,2,93.53
2026,12,3,93.05
2026,12,4,92.58
2026,12,5,92.05
2026,12,6,91.51
2026,12,7,91.08
2026,12,8,90.58
2026,12,9,90.06
2026,12,10,89.55
2026,12,11,89.06
2026,12,12,92.42
2026,12,13,91.89
2026,12,14,91.28
2026,12,15,91.55
2026,12,16,95.20
2026,12,17,94.62
2026,12,18,94.11
2026,12,19,93.56
2026,12,20,93.18
2026,12,21,95.20
2026,12,22,94.66
2026,12,23,94.22
2026,12,24,93.85
2026,12,25,93.37
2026,12,26,92.85
2026,12,27,92.41
2026,12,28,91.90
2026,12,29,95.20
2026,12,30,94.66
2026,12,31,94.11
2027,1,1,93.47
2027,1,2,95.20
2027,1,3,94.58
2027,1,4,94.00
2027,1,5,93.54
2027,1,6,93.02
2027,1,7,92.46
2027,1,8,95.20
2027,1,9,94.72
2027,1,10,94.17
2027,1,11,94.21
2027,1,12,95.20
2027,1,13,94.71
2027,1,14,94.33
2027,1,15,93.89
2027,1,16,93.51
2027,1,17,93.10
2027,1,18,92.72
2027,1,19,92.46
2027,1,20,92.05
2027,1,21,91.64
2027,1,22,91.19
2027,1,23,90.55
2027,1,24,90.02
2027,1,25,89.73
2027,1,26,89.45
2027,1,27,89.26
2027,1,28,89.11
2027,1,29,88.94
2027,1,30,88.56
2027,1,31,88.14
2027,2,1,87.80
2027,2,2,87.44
2027,2,3,86.96
2027,2,4,95.20
2027,2,5,95.20
2027,2,6,94.56
2027,2,7,93.94
2027,2,8,93.25
2027,2,9,95.20
2027,2,10,94.55
2027,2,11,93.94
2027,2,12,95.20
2027,2,13,95.20
2027,2,14,95.20
2027,2,15,95.01
2027,2,16,94.29
2027,2,17,93.66
2027,2,18,93.01
2027,2,19,92.28
2027,2,20,95.20
2027,2,21,95.20
2027,2,22,95.20
2027,2,23,95.20
2027,2,24,95.20
2027,2,25,95.20
2027,2,26,95.20
2027,2,27,95.20
2027,2,28,95.20
2027,3,1,94.37
2027,3,2,93.40
2027,3,3,95.20
2027,3,4,95.20
2027,3,5,95.20
2027,3,6,95.20
2027,3,7,95.20
2027,3,8,94.35
2027,3,9,93.64
2027,3,10,93.04
2027,3,11,92.35
2027,3,12,91.81
2027,3,13,95.20
2027,3,14,95.20
2027,3,15,94.32
2027,3,16,93.55
2027,3,17,92.93
2027,3,18,92.27
2027,3,19,91.68
2027,3,20,91.21
2027,3,21,90.63
2027,3,22,89.76
2027,3,23,88.73
2027,3,24,87.67
2027,3,25,86.76
2027,3,26,92.60
2027,3,27,95.20
2027,3,28,95.20
2027,3,29,95.20
2027,3,30,95.20
2027,3,31,95.20
2027,4,1,94.58
2027,4,2,93.45
2027,4,3,95.20
2027,4,4,95.20
2027,4,5,95.20
2027,4,6,95.20
2027,4,7,95.01
2027,4,8,95.20
2027,4,9,95.20
2027,4,10,95.20
2027,4,11,93.97
2027,4,12,92.55
2027,4,13,95.20
2027,4,14,95.20
2027,4,15,93.07
2027,4,16,94.50
2027,4,17,95.20
2027,4,18,95.20
2027,4,19,95.20
2027,4,20,95.20
2027,4,21,93.47
2027,4,22,90.58
2027,4,23,87.65
2027,4,24,87.05
2027,4,25,88.28
2027,4,26,86.03
2027,4,27,82.83
2027,4,28,85.84
2027,4,29,89.61
2027,4,30,91.22
2027,5,1,95.20
2027,5,2,95.20
2027,5,3,92.80
2027,5,4,91.08
2027,5,5,89.26
2027,5,6,86.83
2027,5,7,89.73
2027,5,8,92.96
2027,5,9,90.64
2027,5,10,88.35
2027,5,11,85.77
2027,5,12,82.41
2027,5,13,79.68
2027,5,14,77.30
2027,5,15,74.16
2027,5,16,69.65
2027,5,17,65.87
2027,5,18,62.41
2027,5,19,60.92
2027,5,20,57.78
2027,5,21,53.37
2027,5,22,48.82
2027,5,23,45.36
2027,5,24,46.60
2027,5,25,52.29
2027,5,26,57.88
2027,5,27,57.12
2027,5,28,55.20
2027,5,29,59.15
2027,5,30,63.52
2027,5,31,61.72
2027,6,1,58.64
2027,6,2,56.26
2027,6,3,53.63
2027,6,4,49.82
2027,6,5,44.74
2027,6,6,39.18
2027,6,7,34.87
2027,6,8,32.26
2027,6,9,28.32
2027,6,10,24.51
2027,6,11,22.37
2027,6,12,19.68
2027,6,13,31.48
2027,6,14,39.22
2027,6,15,35.81
2027,6,16,34.02
2027,6,17,31.50
2027,6,18,28.02
2027,6,19,24.72
2027,6,20,22.82
2027,6,21,19.76
2027,6,22,16.62
2027,6,23,13.81
2027,6,24,10.76
2027,6,25,9.01
2027,6,26,7.69
2027,6,27,7.43
2027,6,28,6.76
2027,6,29,5.13
2027,6,30,4.55
2027,7,1,3.94
2027,7,2,3.29
2027,7,3,2.80
2027,7,4,2.32
2027,7,5,9.97
2027,7,6,21.46
2027,7,7,26.06
2027,7,8,26.94
2027,7,9,23.72
2027,7,10,23.14
2027,7,11,22.97
2027,7,12,20.67
2027,7,13,17.87
2027,7,14,15.51
2027,7,15,13.00
2027,7,16,18.05
2027,7,17,16.12
2027,7,18,13.36
2027,7,19,11.64
2027,7,20,10.10
2027,7,21,8.70
2027,7,22,7.43
2027,7,23,6.09
2027,7,24,4.87
2027,7,25,3.98
2027,7,26,3.62
2027,7,27,7.01
2027,7,28,6.06
2027,7,29,5.50
2027,7,30,4.50
2027,7,31,4.31
2027,8,1,4.01
2027,8,2,3.35
2027,8,3,3.03
2027,8,4,2.76
2027,8,5,2.74
2027,8,6,2.21
2027,8,7,1.86
2027,8,8,1.55
2027,8,9,1.50
2027,8,10,6.91
2027,8,11,9.36
2027,8,12,14.88
2027,8,13,21.47
2027,8,14,26.56
2027,8,15,23.28
2027,8,16,22.39
2027,8,17,32.85
2027,8,18,32.75
2027,8,19,29.24
2027,8,20,31.30
2027,8,21,29.41
2027,8,22,27.74
2027,8,23,35.48
2027,8,24,34.47
2027,8,25,33.14
2027,8,26,33.45
2027,8,27,34.62
2027,8,28,32.19
2027,8,29,29.03
2027,8,30,26.04
2027,8,31,23.67
2027,9,1,22.92
2027,9,2,20.18
2027,9,3,22.00
2027,9,4,30.52
2027,9,5,41.38
2027,9,6,64.73
2027,9,7,72.16
2027,9,8,68.42
2027,9,9,65.51
2027,9,10,62.77
2027,9,11,59.78
2027,9,12,56.69
2027,9,13,53.85
2027,9,14,55.08
2027,9,15,58.59
2027,9,16,56.71
2027,9,17,63.78
2027,9,18,62.24
2027,9,19,60.16
2027,9,20,58.13
2027,9,21,55.77
2027,9,22,60.62
2027,9,23,91.10
2027,9,24,95.20
2027,9,25,93.50
2027,9,26,92.95
2027,9,27,91.05
2027,9,28,89.03
2027,9,29,88.55
2027,9,30,89.44
2027,10,1,92.86
2027,10,2,93.79
2027,10,3,93.85
2027,10,4,91.80
2027,10,5,90.17
2027,10,6,88.94
2027,10,7,87.77
2027,10,8,86.49
2027,10,9,84.84
2027,10,10,83.19
2027,10,11,81.40
2027,10,12,80.67
2027,10,13,79.40
2027,10,14,78.39
2027,10,15,78.00
2027,10,16,76.60
2027,10,17,74.94
2027,10,18,75.13
2027,10,19,73.42
2027,10,20,78.70
2027,10,21,82.90
2027,10,22,82.06
2027,10,23,81.23
2027,10,24,84.37
2027,10,25,95.20
2027,10,26,93.93
2027,10,27,92.72
2027,10,28,91.13
2027,10,29,89.53
2027,10,30,88.07
2027,10,31,86.80
2027,11,1,85.65
2027,11,2,95.20
2027,11,3,95.20
2027,11,4,94.17
2027,11,5,93.25
2027,11,6,92.28
2027,11,7,93.60
2027,11,8,92.98
2027,11,9,93.09
2027,11,10,95.20
2027,11,11,95.20
2027,11,12,95.20
2027,11,13,94.58
2027,11,14,95.20
2027,11,15,94.29
2027,11,16,93.94
2027,11,17,93.20
2027,11,18,92.40
2027,11,19,91.98
2027,11,20,95.20
2027,11,21,95.20
2027,11,22,94.49
2027,11,23,93.82
2027,11,24,93.19
2027,11,25,95.20
2027,11,26,95.20
2027,11,27,94.25
2027,11,28,93.64
2027,11,29,93.09
2027,11,30,92.53
2027,12,1,95.20
2027,12,2,94.72
2027,12,3,94.24
2027,12,4,93.81
2027,12,5,93.37
2027,12,6,92.98
2027,12,7,92.59
2027,12,8,92.16
2027,12,9,91.76
2027,12,10,91.42
2027,12,11,90.93
2027,12,12,90.40
2027,12,13,95.20
2027,12,14,95.20
2027,12,15,95.20
2027,12,16,95.20
2027,12,17,95.20
2027,12,18,95.20
2027,12,19,95.20
2027,12,20,94.57
2027,12,21,94.12
2027,12,22,93.59
2027,12,23,93.07
2027,12,24,92.59
2027,12,25,95.20
2027,12,26,95.20
2027,12,27,94.55
2027,12,28,93.98
2027,12,29,93.50
2027,12,30,95.20
2027,12,31,95.20
2028,1,1,94.71
2028,1,2,94.83
2028,1,3,94.35
2028,1,4,93.84
2028,1,5,93.34
2028,1,6,92.96
2028,1,7,92.55
2028,1,8,92.30
2028,1,9,91.83
2028,1,10,91.49
2028,1,11,91.18
2028,1,12,90.74
2028,1,13,90.37
2028,1,14,89.78
2028,1,15,89.27
2028,1,16,88.87
2028,1,17,88.40
2028,1,18,87.83
2028,1,19,87.33
2028,1,20,86.98
2028,1,21,86.57
2028,1,22,86.36
2028,1,23,86.22
2028,1,24,86.04
2028,1,25,85.80
2028,1,26,85.36
2028,1,27,84.84
2028,1,28,84.21
2028,1,29,90.10
2028,1,30,95.20
2028,1,31,95.20
2028,2,1,95.20
2028,2,2,94.51
2028,2,3,94.13
2028,2,4,95.20
2028,2,5,95.20
2028,2,6,95.20
2028,2,7,95.20
2028,2,8,95.20
2028,2,9,94.76
2028,2,10,94.44
2028,2,11,94.01
2028,2,12,93.47
2028,2,13,94.32
2028,2,14,93.60
2028,2,15,93.10
2028,2,16,92.58
2028,2,17,91.91
2028,2,18,90.85
2028,2,19,89.98
2028,2,20,91.24
2028,2,21,95.20
2028,2,22,95.20
2028,2,23,94.26
2028,2,24,93.43
2028,2,25,92.80
2028,2,26,92.19
2028,2,27,91.47
2028,2,28,90.77
2028,2,29,90.00
2028,3,1,89.13
2028,3,2,88.27
2028,3,3,87.35
2028,3,4,86.42
2028,3,5,85.56
2028,3,6,84.72
2028,3,7,84.13
2028,3,8,83.53
2028,3,9,84.24
2028,3,10,95.20
2028,3,11,94.49
2028,3,12,93.76
2028,3,13,95.20
2028,3,14,95.20
2028,3,15,94.55
2028,3,16,93.79
2028,3,17,95.20
2028,3,18,94.82
2028,3,19,95.20
2028,3,20,94.54
2028,3,21,93.73
2028,3,22,95.20
2028,3,23,94.44
2028,3,24,93.55
2028,3,25,95.20
2028,3,26,95.20
2028,3,27,93.76
2028,3,28,93.56
2028,3,29,92.24
2028,3,30,91.13
2028,3,31,91.10
2028,4,1,95.20
2028,4,2,95.20
2028,4,3,94.75
2028,4,4,95.20
2028,4,5,95.20
2028,4,6,95.20
2028,4,7,95.11
2028,4,8,93.88
2028,4,9,93.11
2028,4,10,93.37
2028,4,11,92.24
2028,4,12,90.69
2028,4,13,88.87
2028,4,14,93.82
2028,4,15,95.20
2028,4,16,94.98
2028,4,17,92.97
2028,4,18,91.56
2028,4,19,95.20
2028,4,20,95.20
2028,4,21,95.08
2028,4,22,94.38
2028,4,23,92.93
2028,4,24,91.14
2028,4,25,89.08
2028,4,26,91.18
2028,4,27,95.20
2028,4,28,95.20
2028,4,29,93.82
2028,4,30,92.49
2028,5,1,91.01
2028,5,2,89.50
2028,5,3,87.99
2028,5,4,86.06
2028,5,5,83.41
2028,5,6,80.60
2028,5,7,80.71
2028,5,8,82.59
2028,5,9,82.76
2028,5,10,95.20
2028,5,11,95.20
2028,5,12,92.45
2028,5,13,94.40
2028,5,14,95.20
2028,5,15,93.00
2028,5,16,95.20
2028,5,17,92.95
2028,5,18,92.80
2028,5,19,90.94
2028,5,20,89.92
2028,5,21,88.29
2028,5,22,87.66
2028,5,23,91.24
2028,5,24,89.69
2028,5,25,88.48
2028,5,26,87.80
2028,5,27,85.99
2028,5,28,88.12
2028,5,29,91.36
2028,5,30,95.20
2028,5,31,95.20
2028,6,1,92.91
2028,6,2,90.03
2028,6,3,86.74
2028,6,4,83.49
2028,6,5,79.98
2028,6,6,76.85
2028,6,7,81.04
2028,6,8,79.98
2028,6,9,77.26
2028,6,10,74.65
2028,6,11,71.03
2028,6,12,68.20
2028,6,13,64.47
2028,6,14,65.62
2028,6,15,67.56
2028,6,16,64.48
2028,6,17,61.59
2028,6,18,58.17
2028,6,19,54.35
2028,6,20,50.78
2028,6,21,49.31
2028,6,22,46.21
2028,6,23,44.44
2028,6,24,43.05
2028,6,25,39.49
2028,6,26,35.62
2028,6,27,31.83
2028,6,28,28.58
2028,6,29,29.37
2028,6,30,31.43
2028,7,1,31.11
2028,7,2,27.79
2028,7,3,25.00
2028,7,4,21.92
2028,7,5,19.62
2028,7,6,26.34
2028,7,7,24.07
2028,7,8,21.86
2028,7,9,19.70
2028,7,10,38.78
2028,7,11,38.83
2028,7,12,36.09
2028,7,13,33.46
2028,7,14,30.91
2028,7,15,28.47
2028,7,16,26.03
2028,7,17,23.50
2028,7,18,21.26
2028,7,19,18.96
2028,7,20,16.19
2028,7,21,14.22
2028,7,22,12.64
2028,7,23,11.24
2028,7,24,9.71
2028,7,25,8.02
2028,7,26,6.50
2028,7,27,5.37
2028,7,28,4.47
2028,7,29,3.73
2028,7,30,3.07
2028,7,31,2.60
2028,8,1,14.10
2028,8,2,12.38
2028,8,3,10.17
2028,8,4,8.13
2028,8,5,6.84
2028,8,6,13.62
2028,8,7,11.19
2028,8,8,9.29
2028,8,9,10.42
2028,8,10,9.14
2028,8,11,7.84
2028,8,12,6.25
2028,8,13,5.28
2028,8,14,4.37
2028,8,15,3.67
2028,8,16,3.09
2028,8,17,2.65
2028,8,18,9.14
2028,8,19,7.93
2028,8,20,11.94
2028,8,21,26.11
2028,8,22,32.14
2028,8,23,30.18
2028,8,24,28.44
2028,8,25,26.60
2028,8,26,23.95
2028,8,27,22.20
2028,8,28,24.29
2028,8,29,25.05
2028,8,30,22.70
2028,8,31,20.63
2028,9,1,18.62
2028,9,2,17.05
2028,9,3,20.98
2028,9,4,21.66
2028,9,5,19.49
2028,9,6,17.36
2028,9,7,20.39
2028,9,8,24.41
2028,9,9,21.98
2028,9,10,20.75
2028,9,11,19.64
2028,9,12,22.94
2028,9,13,35.24
2028,9,14,72.53
2028,9,15,77.15
2028,9,16,74.87
2028,9,17,75.62
2028,9,18,73.75
2028,9,19,71.96
2028,9,20,70.33
2028,9,21,68.89
2028,9,22,67.25
2028,9,23,74.05
2028,9,24,80.18
2028,9,25,78.54
2028,9,26,77.12
2028,9,27,75.15
2028,9,28,77.66
2028,9,29,86.82
2028,9,30,84.64
2028,10,1,82.48
2028,10,2,80.28
2028,10,3,78.76
2028,10,4,77.41
2028,10,5,75.97
2028,10,6,74.36
2028,10,7,72.64
2028,10,8,73.90
2028,10,9,81.52
2028,10,10,88.79
2028,10,11,95.20
2028,10,12,95.20
2028,10,13,93.59
2028,10,14,92.07
2028,10,15,95.00
2028,10,16,95.20
2028,10,17,93.19
2028,10,18,91.68
2028,10,19,90.00
2028,10,20,89.20
2028,10,21,95.20
2028,10,22,95.20
2028,10,23,95.20
2028,10,24,94.24
2028,10,25,93.30
2028,10,26,92.10
2028,10,27,90.72
2028,10,28,95.20
2028,10,29,95.20
2028,10,30,94.16
2028,10,31,92.74
2028,11,1,92.16
2028,11,2,93.71
2028,11,3,95.20
2028,11,4,93.93
2028,11,5,92.73
2028,11,6,91.69
2028,11,7,91.05
2028,11,8,91.09
2028,11,9,95.20
2028,11,10,95.20
2028,11,11,94.51
2028,11,12,93.94
2028,11,13,93.32
2028,11,14,92.78
2028,11,15,92.26
2028,11,16,91.70
2028,11,17,91.23
2028,11,18,90.76
2028,11,19,90.22
2028,11,20,89.60
2028,11,21,88.75
2028,11,22,95.20
2028,11,23,95.20
2028,11,24,94.65
2028,11,25,94.07
2028,11,26,93.50
2028,11,27,93.02
2028,11,28,92.45
2028,11,29,95.20
2028,11,30,94.74
2028,12,1,94.28
2028,12,2,93.82
2028,12,3,93.56
2028,12,4,93.22
2028,12,5,92.68
2028,12,6,92.27
2028,12,7,91.78
2028,12,8,91.21
2028,12,9,95.20
2028,12,10,95.20
2028,12,11,95.20
2028,12,12,94.64
2028,12,13,94.26
2028,12,14,93.93
2028,12,15,93.54
2028,12,16,93.23
2028,12,17,92.90
2028,12,18,92.49
2028,12,19,92.05
2028,12,20,91.75
2028,12,21,91.41
2028,12,22,91.09
2028,12,23,90.72
2028,12,24,91.26
2028,12,25,95.20
2028,12,26,95.20
2028,12,27,95.20
2028,12,28,95.20
2028,12,29,94.80
2028,12,30,94.27
2028,12,31,93.66
2029,1,1,94.94
2029,1,2,95.20
2029,1,3,95.20
2029,1,4,95.20
2029,1,5,95.20
2029,1,6,94.63
2029,1,7,93.99
2029,1,8,93.99
2029,1,9,95.20
2029,1,10,95.20
2029,1,11,95.20
2029,1,12,95.20
2029,1,13,94.42
2029,1,14,94.76
2029,1,15,94.06
2029,1,16,93.13
2029,1,17,92.16
2029,1,18,91.28
2029,1,19,95.20
2029,1,20,95.20
2029,1,21,95.20
2029,1,22,94.89
2029,1,23,94.50
2029,1,24,94.02
2029,1,25,93.54
2029,1,26,93.00
2029,1,27,92.16
2029,1,28,95.20
2029,1,29,94.59
2029,1,30,94.21
2029,1,31,93.75
2029,2,1,95.20
2029,2,2,94.95
2029,2,3,94.64
2029,2,4,94.01
2029,2,5,95.20
2029,2,6,94.24
2029,2,7,93.78
2029,2,8,95.20
2029,2,9,94.61
2029,2,10,94.14
2029,2,11,93.89
2029,2,12,93.47
2029,2,13,95.20
2029,2,14,94.59
2029,2,15,95.20
2029,2,16,95.20
2029,2,17,94.77
2029,2,18,94.27
2029,2,19,93.51
2029,2,20,95.20
2029,2,21,95.20
2029,2,22,95.20
2029,2,23,94.09
2029,2,24,93.51
2029,2,25,95.20
2029,2,26,94.59
2029,2,27,95.20
2029,2,28,93.49
2029,3,1,92.66
2029,3,2,92.09
2029,3,3,91.68
2029,3,4,91.21
2029,3,5,90.68
2029,3,6,90.13
2029,3,7,89.38
2029,3,8,88.62
2029,3,9,94.90
2029,3,10,95.20
2029,3,11,95.20
2029,3,12,95.20
2029,3,13,94.20
2029,3,14,95.20
2029,3,15,95.20
2029,3,16,95.20
2029,3,17,95.20
2029,3,18,94.73
2029,3,19,94.14
2029,3,20,93.80
2029,3,21,93.00
2029,3,22,95.20
2029,3,23,95.20
2029,3,24,95.20
2029,3,25,95.20
2029,3,26,95.20
2029,3,27,95.20
2029,3,28,95.18
2029,3,29,95.20
2029,3,30,95.20
2029,3,31,93.79
2029,4,1,95.20
2029,4,2,93.63
2029,4,3,95.20
2029,4,4,95.20
2029,4,5,95.20
2029,4,6,93.64
2029,4,7,92.59
2029,4,8,92.91
2029,4,9,93.99
2029,4,10,92.04
2029,4,11,90.29
2029,4,12,89.05
2029,4,13,95.20
2029,4,14,95.20
2029,4,15,93.96
2029,4,16,92.38
2029,4,17,91.27
2029,4,18,90.16
2029,4,19,89.65
2029,4,20,89.23
2029,4,21,88.15
2029,4,22,87.20
2029,4,23,86.30
2029,4,24,85.23
2029,4,25,84.12
2029,4,26,82.91
2029,4,27,81.53
2029,4,28,80.02
2029,4,29,78.43
2029,4,30,76.82
2029,5,1,79.55
2029,5,2,95.20
2029,5,3,95.20
2029,5,4,95.20
2029,5,5,95.20
2029,5,6,95.20
2029,5,7,94.02
2029,5,8,91.88
2029,5,9,92.02
2029,5,10,91.49
2029,5,11,88.93
2029,5,12,87.55
2029,5,13,86.09
2029,5,14,83.74
2029,5,15,84.90
2029,5,16,81.13
2029,5,17,78.11
2029,5,18,89.61
2029,5,19,93.41
2029,5,20,90.89
2029,5,21,88.76
2029,5,22,89.62
2029,5,23,95.20
2029,5,24,93.37
2029,5,25,89.31
2029,5,26,87.89
2029,5,27,87.36
2029,5,28,87.11
2029,5,29,84.71
2029,5,30,82.42
2029,5,31,82.03
2029,6,1,79.39
2029,6,2,76.28
2029,6,3,73.69
2029,6,4,73.18
2029,6,5,72.90
2029,6,6,78.94
2029,6,7,81.16
2029,6,8,82.63
2029,6,9,81.60
2029,6,10,79.61
2029,6,11,77.16
2029,6,12,75.96
2029,6,13,73.78
2029,6,14,70.55
2029,6,15,66.81
2029,6,16,63.16
2029,6,17,58.70
2029,6,18,54.21
2029,6,19,49.12
2029,6,20,43.80
2029,6,21,38.45
2029,6,22,34.38
2029,6,23,30.71
2029,6,24,26.93
2029,6,25,24.50
2029,6,26,23.10
2029,6,27,31.69
2029,6,28,31.39
2029,6,29,28.12
2029,6,30,27.47
2029,7,1,38.12
2029,7,2,37.93
2029,7,3,34.61
2029,7,4,31.11
2029,7,5,27.43
2029,7,6,37.94
2029,7,7,46.32
2029,7,8,43.46
2029,7,9,40.30
2029,7,10,38.24
2029,7,11,37.78
2029,7,12,34.45
2029,7,13,30.67
2029,7,14,28.07
2029,7,15,25.09
2029,7,16,22.42
2029,7,17,19.98
2029,7,18,18.03
2029,7,19,15.85
2029,7,20,13.87
2029,7,21,12.14
2029,7,22,10.72
2029,7,23,9.25
2029,7,24,8.48
2029,7,25,6.94
2029,7,26,5.24
2029,7,27,4.00
2029,7,28,3.12
2029,7,29,2.40
2029,7,30,1.79
2029,7,31,1.35
2029,8,1,1.06
2029,8,2,0.87
2029,8,3,0.64
2029,8,4,0.50
2029,8,5,2.56
2029,8,6,2.16
2029,8,7,1.80
2029,8,8,1.49
2029,8,9,1.21
2029,8,10,1.01
2029,8,11,0.76
2029,8,12,0.61
2029,8,13,0.55
2029,8,14,0.49
2029,8,15,0.42
2029,8,16,0.37
2029,8,17,0.32
2029,8,18,0.28
2029,8,19,0.23
2029,8,20,0.18
2029,8,21,0.16
2029,8,22,0.14
2029,8,23,0.12
2029,8,24,0.11
2029,8,25,0.09
2029,8,26,0.08
2029,8,27,1.15
2029,8,28,4.27
2029,8,29,3.86
2029,8,30,3.39
2029,8,31,2.89
2029,9,1,6.88
2029,9,2,6.12
2029,9,3,5.30
2029,9,4,4.30
2029,9,5,3.53
2029,9,6,3.45
2029,9,7,3.04
2029,9,8,2.75
2029,9,9,18.20
2029,9,10,22.12
2029,9,11,20.81
2029,9,12,19.32
2029,9,13,17.88
2029,9,14,16.48
2029,9,15,15.04
2029,9,16,13.54
2029,9,17,12.87
2029,9,18,11.90
2029,9,19,10.79
2029,9,20,9.67
2029,9,21,8.71
2029,9,22,8.67
2029,9,23,7.92
2029,9,24,7.43
2029,9,25,7.02
2029,9,26,21.60
2029,9,27,27.23
2029,9,28,26.02
2029,9,29,24.58
2029,9,30,23.11
2029,10,1,21.92
2029,10,2,21.07
2029,10,3,20.53
2029,10,4,26.13
2029,10,5,24.93
2029,10,6,23.75
2029,10,7,22.99
2029,10,8,22.00
2029,10,9,20.77
2029,10,10,21.03
2029,10,11,21.16
2029,10,12,27.74
2029,10,13,30.49
2029,10,14,29.65
2029,10,15,28.68
2029,10,16,27.69
2029,10,17,27.45
2029,10,18,26.15
2029,10,19,28.85
2029,10,20,27.64
2029,10,21,26.96
2029,10,22,26.34
2029,10,23,32.36
2029,10,24,42.18
2029,10,25,43.91
2029,10,26,43.42
2029,10,27,42.28
2029,10,28,41.13
2029,10,29,40.19
2029,10,30,40.57
2029,10,31,39.48
2029,11,1,38.10
2029,11,2,36.35
2029,11,3,36.07
2029,11,4,36.06
2029,11,5,36.94
2029,11,6,36.24
2029,11,7,35.63
2029,11,8,36.03
2029,11,9,52.57
2029,11,10,58.20
2029,11,11,57.69
2029,11,12,57.17
2029,11,13,91.06
2029,11,14,95.20
2029,11,15,95.20
2029,11,16,95.20
2029,11,17,94.81
2029,11,18,94.06
2029,11,19,93.84
2029,11,20,93.17
2029,11,21,95.20
2029,11,22,95.20
2029,11,23,94.33
2029,11,24,93.45
2029,11,25,92.20
2029,11,26,94.95
2029,11,27,95.20
2029,11,28,95.20
2029,11,29,95.20
2029,11,30,94.59
2029,12,1,94.16
2029,12,2,93.80
2029,12,3,95.20
2029,12,4,95.20
2029,12,5,94.78
2029,12,6,94.44
2029,12,7,95.20
2029,12,8,94.38
2029,12,9,95.20
2029,12,10,95.20
2029,12,11,94.21
2029,12,12,93.67
2029,12,13,93.20
2029,12,14,94.35
2029,12,15,95.20
2029,12,16,95.20
2029,12,17,95.20
2029,12,18,94.57
2029,12,19,94.20
2029,12,20,93.82
2029,12,21,93.33
2029,12,22,92.88
2029,12,23,92.50
2029,12,24,92.16
2029,12,25,91.82
2029,12,26,91.47
2029,12,27,91.13
2029,12,28,90.78
2029,12,29,90.43
2029,12,30,90.02
2029,12,31,89.74
2030,1,1,89.49
2030,1,2,88.98
2030,1,3,88.38
2030,1,4,87.96
2030,1,5,87.63
2030,1,6,87.24
2030,1,7,86.84
2030,1,8,86.60
2030,1,9,86.20
2030,1,10,85.67
2030,1,11,85.34
2030,1,12,85.13
2030,1,13,84.79
2030,1,14,95.20
2030,1,15,95.20
2030,1,16,94.76
2030,1,17,95.20
2030,1,18,94.58
2030,1,19,94.22
2030,1,20,93.90
2030,1,21,95.20
2030,1,22,95.20
2030,1,23,95.20
2030,1,24,94.70
2030,1,25,94.13
2030,1,26,93.45
2030,1,27,93.15
2030,1,28,92.77
2030,1,29,95.20
2030,1,30,95.20
2030,1,31,94.66
2030,2,1,94.12
2030,2,2,94.20
2030,2,3,93.72
2030,2,4,93.09
2030,2,5,92.17
2030,2,6,95.20
2030,2,7,95.20
2030,2,8,95.20
2030,2,9,94.64
2030,2,10,94.18
2030,2,11,95.20
2030,2,12,95.06
2030,2,13,95.20
2030,2,14,95.20
2030,2,15,95.20
2030,2,16,94.44
2030,2,17,95.20
2030,2,18,94.60
2030,2,19,94.10
2030,2,20,95.20
2030,2,21,95.20
2030,2,22,94.25
2030,2,23,93.30
2030,2,24,92.84
2030,2,25,92.57
2030,2,26,92.12
2030,2,27,91.44
2030,2,28,90.67
2030,3,1,93.14
2030,3,2,92.30
2030,3,3,92.39
2030,3,4,91.54
2030,3,5,90.84
2030,3,6,90.24
2030,3,7,95.20
2030,3,8,94.47
2030,3,9,93.88
2030,3,10,95.20
2030,3,11,95.20
2030,3,12,94.32
2030,3,13,95.20
2030,3,14,94.50
2030,3,15,95.20
2030,3,16,95.20
2030,3,17,94.30
2030,3,18,93.53
2030,3,19,92.74
2030,3,20,93.61
2030,3,21,95.20
2030,3,22,95.20
2030,3,23,94.66
2030,3,24,93.82
2030,3,25,92.77
2030,3,26,91.82
2030,3,27,92.57
2030,3,28,91.37
2030,3,29,95.20
2030,3,30,93.96
2030,3,31,95.20
2030,4,1,95.20
2030,4,2,95.20
2030,4,3,95.20
2030,4,4,95.20
2030,4,5,94.23
2030,4,6,93.30
2030,4,7,92.92
2030,4,8,91.82
2030,4,9,90.64
2030,4,10,89.26
2030,4,11,86.98
2030,4,12,87.03
2030,4,13,95.20
2030,4,14,95.20
2030,4,15,92.88
2030,4,16,91.09
2030,4,17,89.41
2030,4,18,89.04
2030,4,19,89.00
2030,4,20,89.50
2030,4,21,87.88
2030,4,22,86.84
2030,4,23,87.08
2030,4,24,95.20
2030,4,25,94.59
2030,4,26,93.04
2030,4,27,90.90
2030,4,28,88.81
2030,4,29,85.68
2030,4,30,83.30
2030,5,1,81.66
2030,5,2,80.09
2030,5,3,77.10
2030,5,4,75.20
2030,5,5,77.41
2030,5,6,74.64
2030,5,7,72.35
2030,5,8,70.39
2030,5,9,68.43
2030,5,10,73.80
2030,5,11,95.20
2030,5,12,95.20
2030,5,13,95.20
2030,5,14,92.96
2030,5,15,90.87
2030,5,16,89.29
2030,5,17,88.36
2030,5,18,87.33
2030,5,19,85.53
2030,5,20,83.73
2030,5,21,81.74
2030,5,22,79.78
2030,5,23,82.98
2030,5,24,86.42
2030,5,25,87.66
2030,5,26,85.44
2030,5,27,84.48
2030,5,28,84.13
2030,5,29,86.89
2030,5,30,95.20
2030,5,31,95.17
2030,6,1,93.06
2030,6,2,92.25
2030,6,3,90.30
2030,6,4,87.76
2030,6,5,85.99
2030,6,6,84.15
2030,6,7,81.37
2030,6,8,80.46
2030,6,9,81.89
2030,6,10,80.59
2030,6,11,78.06
2030,6,12,75.02
2030,6,13,71.24
2030,6,14,67.76
2030,6,15,66.43
2030,6,16,66.45
2030,6,17,70.44
2030,6,18,69.92
2030,6,19,66.79
2030,6,20,65.54
2030,6,21,64.71
2030,6,22,70.87
2030,6,23,87.85
2030,6,24,83.79
2030,6,25,80.54
2030,6,26,78.96
2030,6,27,75.65
2030,6,28,73.15
2030,6,29,70.53
2030,6,30,73.70
2030,7,1,70.55
2030,7,2,67.50
2030,7,3,63.96
2030,7,4,60.05
2030,7,5,56.92
2030,7,6,53.53
2030,7,7,48.46
2030,7,8,43.08
2030,7,9,39.41
2030,7,10,36.54
2030,7,11,33.84
2030,7,12,33.52
2030,7,13,42.66
2030,7,14,40.07
2030,7,15,57.04
2030,7,16,59.79
2030,7,17,56.35
2030,7,18,66.27
2030,7,19,84.17
2030,7,20,93.13
2030,7,21,95.20
2030,7,22,91.57
2030,7,23,86.39
2030,7,24,81.05
2030,7,25,75.48
2030,7,26,70.40
2030,7,27,64.65
2030,7,28,59.41
2030,7,29,55.89
2030,7,30,52.94
2030,7,31,49.81
2030,8,1,46.77
2030,8,2,43.86
2030,8,3,40.44
2030,8,4,37.45
2030,8,5,34.49
2030,8,6,32.11
2030,8,7,29.58
2030,8,8,26.77
2030,8,9,24.10
2030,8,10,22.33
2030,8,11,19.17
2030,8,12,16.58
2030,8,13,16.38
2030,8,14,13.92
2030,8,15,11.53
2030,8,16,9.86
2030,8,17,8.16
2030,8,18,6.60
2030,8,19,5.73
2030,8,20,5.15
2030,8,21,4.46
2030,8,22,3.77
2030,8,23,3.25
2030,8,24,2.80
2030,8,25,2.39
2030,8,26,2.55
2030,8,27,2.11
2030,8,28,1.97
2030,8,29,13.61
2030,8,30,18.80
2030,8,31,16.34
2030,9,1,15.16
2030,9,2,13.20
2030,9,3,11.66
2030,9,4,9.99
2030,9,5,8.80
2030,9,6,7.90
2030,9,7,7.27
2030,9,8,6.68
2030,9,9,6.20
2030,9,10,5.83
2030,9,11,5.21
2030,9,12,4.55
2030,9,13,7.34
2030,9,14,33.59
2030,9,15,49.92
2030,9,16,48.02
2030,9,17,46.30
2030,9,18,43.83
2030,9,19,40.98
2030,9,20,65.20
2030,9,21,95.20
2030,9,22,95.20
2030,9,23,94.04
2030,9,24,92.87
2030,9,25,91.79
2030,9,26,90.10
2030,9,27,91.32
2030,9,28,90.27
2030,9,29,88.17
2030,9,30,85.95
2030,10,1,84.02
2030,10,2,82.54
2030,10,3,85.26
2030,10,4,89.40
2030,10,5,90.94
2030,10,6,95.20
2030,10,7,93.41
2030,10,8,91.75
2030,10,9,89.90
2030,10,10,87.88
2030,10,11,88.24
2030,10,12,87.12
2030,10,13,86.57
2030,10,14,85.60
2030,10,15,84.62
2030,10,16,83.55
2030,10,17,82.19
2030,10,18,80.51
2030,10,19,93.48
2030,10,20,95.20
2030,10,21,95.20
2030,10,22,94.21
2030,10,23,92.76
2030,10,24,91.36
2030,10,25,90.28
2030,10,26,89.31
2030,10,27,88.42
2030,10,28,87.51
2030,10,29,86.29
2030,10,30,95.20
2030,10,31,95.20
2030,11,1,95.20
2030,11,2,94.07
2030,11,3,92.67
2030,11,4,95.20
2030,11,5,95.20
2030,11,6,94.08
2030,11,7,95.20
2030,11,8,95.20
2030,11,9,95.20
2030,11,10,94.23
2030,11,11,93.47
2030,11,12,93.50
2030,11,13,94.48
2030,11,14,93.80
2030,11,15,92.88
2030,11,16,91.89
2030,11,17,90.94
2030,11,18,90.26
2030,11,19,89.59
2030,11,20,88.88
2030,11,21,88.14
2030,11,22,95.20
2030,11,23,94.04
2030,11,24,93.66
2030,11,25,92.58
2030,11,26,92.22
2030,11,27,91.67
2030,11,28,93.95
2030,11,29,95.20
2030,11,30,95.20
2030,12,1,94.45
2030,12,2,94.46
2030,12,3,94.89
2030,12,4,95.20
2030,12,5,94.73
2030,12,6,94.34
2030,12,7,93.85
2030,12,8,93.51
2030,12,9,92.62
2030,12,10,94.78
2030,12,11,95.20
2030,12,12,95.20
2030,12,13,94.46
2030,12,14,93.76
2030,12,15,93.07
2030,12,16,92.32
2030,12,17,91.48
2030,12,18,90.74
2030,12,19,90.21
2030,12,20,89.73
2030,12,21,89.27
2030,12,22,95.20
2030,12,23,95.20
2030,12,24,95.20
2030,12,25,94.59
2030,12,26,94.14
2030,12,27,93.47
2030,12,28,93.51
2030,12,29,92.82
2030,12,30,92.31
2030,12,31,95.20
2031,1,1,94.64
2031,1,2,94.28
2031,1,3,95.20
2031,1,4,95.20
2031,1,5,95.20
2031,1,6,95.20
2031,1,7,94.58
2031,1,8,94.01
2031,1,9,93.43
2031,1,10,92.81
2031,1,11,92.41
2031,1,12,91.89
2031,1,13,95.20
2031,1,14,95.20
2031,1,15,94.78
2031,1,16,94.53
2031,1,17,94.34
2031,1,18,93.98
2031,1,19,93.48
2031,1,20,93.12
2031,1,21,92.82
2031,1,22,92.26
2031,1,23,95.20
2031,1,24,94.83
2031,1,25,94.63
2031,1,26,94.17
2031,1,27,95.20
2031,1,28,95.20
2031,1,29,94.54
2031,1,30,94.06
2031,1,31,93.68
2031,2,1,93.26
2031,2,2,92.67
2031,2,3,95.05
2031,2,4,94.57
2031,2,5,94.14
2031,2,6,93.64
2031,2,7,93.07
2031,2,8,95.20
2031,2,9,94.57
2031,2,10,93.98
2031,2,11,95.20
2031,2,12,94.64
2031,2,13,94.21
2031,2,14,93.86
2031,2,15,93.38
2031,2,16,95.18
2031,2,17,94.51
2031,2,18,94.12
2031,2,19,93.83
2031,2,20,93.48
2031,2,21,93.03
2031,2,22,92.49
2031,2,23,91.73
2031,2,24,92.49
2031,2,25,91.73
2031,2,26,90.87
2031,2,27,90.02
2031,2,28,89.28
2031,3,1,95.20
2031,3,2,95.20
2031,3,3,94.38
2031,3,4,93.54
2031,3,5,95.20
2031,3,6,95.20
2031,3,7,94.56
2031,3,8,94.30
2031,3,9,95.20
2031,3,10,94.98
2031,3,11,94.38
2031,3,12,93.91
2031,3,13,93.57
2031,3,14,93.29
2031,3,15,92.79
2031,3,16,92.49
2031,3,17,95.20
2031,3,18,94.41
2031,3,19,95.20
2031,3,20,95.20
2031,3,21,94.17
2031,3,22,95.20
2031,3,23,95.20
2031,3,24,94.40
2031,3,25,93.78
2031,3,26,93.47
2031,3,27,92.34
2031,3,28,91.40
2031,3,29,90.63
2031,3,30,94.29
2031,3,31,95.20
2031,4,1,95.20
2031,4,2,93.75
2031,4,3,94.59
2031,4,4,94.38
2031,4,5,93.29
2031,4,6,92.90
2031,4,7,95.20
2031,4,8,95.20
2031,4,9,94.50
2031,4,10,93.26
2031,4,11,95.20
2031,4,12,95.20
2031,4,13,93.58
2031,4,14,93.22
2031,4,15,92.89
2031,4,16,92.03
2031,4,17,91.11
2031,4,18,89.76
2031,4,19,88.51
2031,4,20,87.03
2031,4,21,85.27
2031,4,22,82.56
2031,4,23,83.04
2031,4,24,83.46
2031,4,25,85.92
2031,4,26,88.94
2031,4,27,86.89
2031,4,28,84.98
2031,4,29,82.45
2031,4,30,87.72
2031,5,1,95.20
2031,5,2,95.20
2031,5,3,95.20
2031,5,4,94.11
2031,5,5,94.61
2031,5,6,92.08
2031,5,7,89.72
2031,5,8,90.32
2031,5,9,90.16
2031,5,10,86.34
2031,5,11,83.20
2031,5,12,81.28
2031,5,13,78.94
2031,5,14,76.58
2031,5,15,74.03
2031,5,16,71.54
2031,5,17,69.41
2031,5,18,68.37
2031,5,19,68.45
2031,5,20,66.21
2031,5,21,64.86
2031,5,22,62.65
2031,5,23,59.97
2031,5,24,58.21
2031,5,25,57.57
2031,5,26,56.82
2031,5,27,54.77
2031,5,28,52.20
2031,5,29,50.33
2031,5,30,46.22
2031,5,31,45.88
2031,6,1,42.75
2031,6,2,40.31
2031,6,3,38.33
2031,6,4,35.96
2031,6,5,33.33
2031,6,6,56.42
2031,6,7,63.37
2031,6,8,62.31
2031,6,9,62.90
2031,6,10,61.41
2031,6,11,59.86
2031,6,12,59.93
2031,6,13,57.49
2031,6,14,54.33
2031,6,15,51.47
2031,6,16,58.87
2031,6,17,72.68
2031,6,18,77.14
2031,6,19,75.71
2031,6,20,72.91
2031,6,21,69.76
2031,6,22,65.58
2031,6,23,63.48
2031,6,24,61.35
2031,6,25,57.40
2031,6,26,54.25
2031,6,27,51.21
2031,6,28,48.18
2031,6,29,44.83
2031,6,30,39.36
2031,7,1,33.34
2031,7,2,28.43
2031,7,3,23.57
2031,7,4,19.85
2031,7,5,17.60
2031,7,6,16.58
2031,7,7,15.12
2031,7,8,13.62
2031,7,9,11.96
2031,7,10,10.36
2031,7,11,9.00
2031,7,12,8.56
2031,7,13,7.98
2031,7,14,7.38
2031,7,15,6.38
2031,7,16,6.23
2031,7,17,5.09
2031,7,18,4.02
2031,7,19,3.32
2031,7,20,2.90
2031,7,21,2.22
2031,7,22,1.85
2031,7,23,1.40
2031,7,24,1.16
2031,7,25,0.96
2031,7,26,0.80
2031,7,27,0.78
2031,7,28,0.64
2031,7,29,0.54
2031,7,30,0.49
2031,7,31,0.43
2031,8,1,0.36
2031,8,2,0.28
2031,8,3,0.23
2031,8,4,2.24
2031,8,5,1.92
2031,8,6,1.66
2031,8,7,1.35
2031,8,8,1.12
2031,8,9,3.93
2031,8,10,3.51
2031,8,11,3.03
2031,8,12,2.59
2031,8,13,2.21
2031,8,14,1.89
2031,8,15,5.09
2031,8,16,7.64
2031,8,17,6.47
2031,8,18,5.46
2031,8,19,4.64
2031,8,20,4.95
2031,8,21,5.12
2031,8,22,4.26
2031,8,23,3.87
2031,8,24,13.12
2031,8,25,11.75
2031,8,26,10.50
2031,8,27,9.77
2031,8,28,8.46
2031,8,29,7.42
2031,8,30,6.76
2031,8,31,6.09
2031,9,1,5.27
2031,9,2,4.37
2031,9,3,3.68
2031,9,4,6.50
2031,9,5,5.71
2031,9,6,5.06
2031,9,7,4.42
2031,9,8,3.83
2031,9,9,3.21
2031,9,10,2.63
2031,9,11,2.19
2031,9,12,1.84
2031,9,13,4.83
2031,9,14,4.41
2031,9,15,3.93
2031,9,16,3.46
2031,9,17,4.43
2031,9,18,26.23
2031,9,19,25.68
2031,9,20,23.72
2031,9,21,21.60
2031,9,22,20.22
2031,9,23,19.73
2031,9,24,31.20
2031,9,25,31.61
2031,9,26,30.40
2031,9,27,29.03
2031,9,28,27.53
2031,9,29,33.78
2031,9,30,75.63
2031,10,1,74.33
2031,10,2,72.84
2031,10,3,71.22
2031,10,4,69.98
2031,10,5,68.78
2031,10,6,67.64
2031,10,7,66.64
2031,10,8,65.68
2031,10,9,69.69
2031,10,10,68.21
2031,10,11,66.75
2031,10,12,65.12
2031,10,13,63.57
2031,10,14,61.80
2031,10,15,60.48
2031,10,16,59.16
2031,10,17,57.64
2031,10,18,56.03
2031,10,19,54.14
2031,10,20,52.51
2031,10,21,50.87
2031,10,22,49.36
2031,10,23,47.85
2031,10,24,46.12
2031,10,25,44.49
2031,10,26,42.82
2031,10,27,41.30
2031,10,28,39.64
2031,10,29,38.31
2031,10,30,37.53
2031,10,31,36.73
2031,11,1,35.78
2031,11,2,34.63
2031,11,3,33.48
2031,11,4,33.26
2031,11,5,32.08
2031,11,6,30.84
2031,11,7,29.88
2031,11,8,29.24
2031,11,9,28.72
2031,11,10,28.04
2031,11,11,26.96
2031,11,12,26.15
2031,11,13,25.49
2031,11,14,24.78
2031,11,15,30.26
2031,11,16,48.92
2031,11,17,47.18
2031,11,18,46.25
2031,11,19,45.77
2031,11,20,45.20
2031,11,21,44.50
2031,11,22,43.84
2031,11,23,43.24
2031,11,24,43.64
2031,11,25,54.22
2031,11,26,62.72
2031,11,27,62.68
2031,11,28,62.12
2031,11,29,61.67
2031,11,30,73.89
2031,12,1,86.20
2031,12,2,90.29
2031,12,3,89.68
2031,12,4,89.03
2031,12,5,88.53
2031,12,6,87.95
2031,12,7,87.56
2031,12,8,87.10
2031,12,9,86.69
2031,12,10,86.20
2031,12,11,85.60
2031,12,12,95.20
2031,12,13,95.20
2031,12,14,94.53
2031,12,15,94.02
2031,12,16,93.37
2031,12,17,93.18
2031,12,18,92.74
2031,12,19,92.30
2031,12,20,91.82
2031,12,21,91.32
2031,12,22,90.76
2031,12,23,90.17
2031,12,24,95.20
2031,12,25,94.75
2031,12,26,94.28
2031,12,27,94.57
2031,12,28,95.20
2031,12,29,95.20
2031,12,30,95.20
2031,12,31,94.87
2032,1,1,94.60
2032,1,2,94.28
2032,1,3,93.81
2032,1,4,95.20
2032,1,5,95.20
2032,1,6,94.71
2032,1,7,94.23
2032,1,8,95.20
2032,1,9,94.61
2032,1,10,95.20
2032,1,11,95.20
2032,1,12,95.20
2032,1,13,95.20
2032,1,14,94.38
2032,1,15,94.01
2032,1,16,93.60
2032,1,17,95.20
2032,1,18,94.63
2032,1,19,94.11
2032,1,20,93.76
2032,1,21,93.44
2032,1,22,92.93
2032,1,23,92.41
2032,1,24,91.87
2032,1,25,95.20
2032,1,26,95.20
2032,1,27,95.20
2032,1,28,94.60
2032,1,29,94.01
2032,1,30,95.20
2032,1,31,95.20
2032,2,1,95.20
2032,2,2,94.60
2032,2,3,94.86
2032,2,4,94.25
2032,2,5,93.89
2032,2,6,93.50
2032,2,7,95.20
2032,2,8,94.39
2032,2,9,93.82
2032,2,10,93.20
2032,2,11,92.67
2032,2,12,92.20
2032,2,13,91.71
2032,2,14,91.23
2032,2,15,90.62
2032,2,16,90.10
2032,2,17,89.67
2032,2,18,89.10
2032,2,19,95.20
2032,2,20,95.20
2032,2,21,94.53
2032,2,22,93.92
2032,2,23,93.25
2032,2,24,94.22
2032,2,25,93.72
2032,2,26,93.12
2032,2,27,92.51
2032,2,28,91.90
2032,2,29,91.40
2032,3,1,90.91
2032,3,2,90.24
2032,3,3,89.67
2032,3,4,89.20
2032,3,5,95.20
2032,3,6,95.20
2032,3,7,94.54
2032,3,8,93.92
2032,3,9,95.20
2032,3,10,95.20
2032,3,11,94.29
2032,3,12,95.20
2032,3,13,94.19
2032,3,14,93.71
2032,3,15,92.89
2032,3,16,92.10
2032,3,17,95.20
2032,3,18,95.20
2032,3,19,94.21
2032,3,20,93.22
2032,3,21,92.36
2032,3,22,91.19
2032,3,23,89.65
2032,3,24,90.63
2032,3,25,95.20
2032,3,26,94.14
2032,3,27,93.04
2032,3,28,94.04
2032,3,29,93.79
2032,3,30,92.86
2032,3,31,92.05
2032,4,1,91.39
2032,4,2,90.54
2032,4,3,95.20
2032,4,4,95.20
2032,4,5,93.82
2032,4,6,92.78
2032,4,7,91.44
2032,4,8,92.05
2032,4,9,90.33
2032,4,10,89.07
2032,4,11,88.43
2032,4,12,87.17
2032,4,13,89.39
2032,4,14,92.60
2032,4,15,95.20
2032,4,16,95.20
2032,4,17,95.20
2032,4,18,95.20
2032,4,19,95.20
2032,4,20,92.47
2032,4,21,91.18
2032,4,22,89.90
2032,4,23,88.41
2032,4,24,87.99
2032,4,25,95.20
2032,4,26,95.20
2032,4,27,93.48
2032,4,28,91.14
2032,4,29,87.90
2032,4,30,84.35
2032,5,1,86.83
2032,5,2,84.55
2032,5,3,84.72
2032,5,4,94.52
2032,5,5,95.20
2032,5,6,95.20
2032,5,7,95.20
2032,5,8,95.20
2032,5,9,95.20
2032,5,10,93.27
2032,5,11,91.43
2032,5,12,89.67
2032,5,13,87.55
2032,5,14,84.99
2032,5,15,82.47
2032,5,16,80.10
2032,5,17,77.70
2032,5,18,84.08
2032,5,19,95.20
2032,5,20,95.20
2032,5,21,95.20
2032,5,22,92.87
2032,5,23,90.35
2032,5,24,88.20
2032,5,25,86.38
2032,5,26,85.48
2032,5,27,83.79
2032,5,28,81.79
2032,5,29,80.98
2032,5,30,79.53
2032,5,31,77.11
2032,6,1,74.70
2032,6,2,71.87
2032,6,3,69.06
2032,6,4,66.40
2032,6,5,66.03
2032,6,6,62.63
2032,6,7,59.60
2032,6,8,55.79
2032,6,9,52.13
2032,6,10,49.25
2032,6,11,46.07
2032,6,12,42.92
2032,6,13,39.84
2032,6,14,37.10
2032,6,15,43.88
2032,6,16,53.08
2032,6,17,49.72
2032,6,18,46.95
2032,6,19,44.30
2032,6,20,41.50
2032,6,21,39.14
2032,6,22,36.60
2032,6,23,32.86
2032,6,24,28.78
2032,6,25,25.32
2032,6,26,35.24
2032,6,27,32.21
2032,6,28,28.94
2032,6,29,25.84
2032,6,30,22.62
2032,7,1,19.83
2032,7,2,18.82
2032,7,3,25.58
2032,7,4,23.04
2032,7,5,20.44
2032,7,6,17.52
2032,7,7,16.10
2032,7,8,14.52
2032,7,9,17.73
2032,7,10,15.31
2032,7,11,14.68
2032,7,12,13.29
2032,7,13,11.90
2032,7,14,13.67
2032,7,15,12.34
2032,7,16,10.32
2032,7,17,8.45
2032,7,18,7.06
2032,7,19,5.91
2032,7,20,5.19
2032,7,21,4.29
2032,7,22,3.47
2032,7,23,2.78
2032,7,24,6.71
2032,7,25,9.94
2032,7,26,8.50
2032,7,27,7.32
2032,7,28,6.32
2032,7,29,7.83
2032,7,30,12.52
2032,7,31,12.07
2032,8,1,10.36
2032,8,2,8.56
2032,8,3,6.94
2032,8,4,5.65
2032,8,5,4.62
2032,8,6,3.87
2032,8,7,3.03
2032,8,8,2.29
2032,8,9,1.84
2032,8,10,1.82
2032,8,11,1.43
2032,8,12,2.47
2032,8,13,2.01
2032,8,14,1.67
2032,8,15,1.43
2032,8,16,1.19
2032,8,17,0.99
2032,8,18,6.94
2032,8,19,5.90
2032,8,20,4.38
2032,8,21,3.26
2032,8,22,2.63
2032,8,23,2.14
2032,8,24,1.98
2032,8,25,1.59
2032,8,26,1.29
2032,8,27,1.07
2032,8,28,3.87
2032,8,29,3.56
2032,8,30,2.96
2032,8,31,2.44
2032,9,1,1.88
2032,9,2,1.39
2032,9,3,1.02
2032,9,4,0.90
2032,9,5,0.79
2032,9,6,1.79
2032,9,7,37.92
2032,9,8,42.38
2032,9,9,39.39
2032,9,10,36.56
2032,9,11,34.03
2032,9,12,33.67
2032,9,13,42.04
2032,9,14,39.68
2032,9,15,37.66
2032,9,16,35.11
2032,9,17,32.67
2032,9,18,31.45
2032,9,19,32.15
2032,9,20,36.13
2032,9,21,41.97
2032,9,22,77.84
2032,9,23,80.67
2032,9,24,79.27
2032,9,25,95.20
2032,9,26,95.20
2032,9,27,93.36
2032,9,28,91.54
2032,9,29,89.67
2032,9,30,87.49
2032,10,1,85.35
2032,10,2,83.96
2032,10,3,82.01
2032,10,4,81.07
2032,10,5,78.45
2032,10,6,76.04
2032,10,7,73.79
2032,10,8,78.81
2032,10,9,89.42
2032,10,10,95.20
2032,10,11,95.20
2032,10,12,95.20
2032,10,13,95.20
2032,10,14,93.64
2032,10,15,91.62
2032,10,16,89.95
2032,10,17,88.44
2032,10,18,87.24
2032,10,19,86.17
2032,10,20,85.88
2032,10,21,84.75
2032,10,22,83.60
2032,10,23,82.45
2032,10,24,81.13
2032,10,25,79.83
2032,10,26,78.47
2032,10,27,77.58
2032,10,28,78.08
2032,10,29,76.79
2032,10,30,75.97
2032,10,31,81.83
2032,11,1,95.20
2032,11,2,95.20
2032,11,3,94.01
2032,11,4,92.93
2032,11,5,91.93
2032,11,6,91.57
2032,11,7,90.65
2032,11,8,89.93
2032,11,9,89.37
2032,11,10,88.86
2032,11,11,88.29
2032,11,12,87.54
2032,11,13,86.75
2032,11,14,85.95
2032,11,15,85.19
2032,11,16,84.87
2032,11,17,84.23
2032,11,18,89.78
2032,11,19,95.20
2032,11,20,95.20
2032,11,21,95.20
2032,11,22,95.03
2032,11,23,94.54
2032,11,24,93.97
2032,11,25,93.44
2032,11,26,95.20
2032,11,27,94.64
2032,11,28,94.08
2032,11,29,93.47
2032,11,30,95.20
2032,12,1,95.20
2032,12,2,95.20
2032,12,3,95.20
2032,12,4,95.11
2032,12,5,95.20
2032,12,6,95.20
2032,12,7,94.48
2032,12,8,93.92
2032,12,9,95.20
2032,12,10,95.20
2032,12,11,95.20
2032,12,12,94.51
2032,12,13,95.20
2032,12,14,95.20
2032,12,15,95.20
2032,12,16,94.86
2032,12,17,94.62
2032,12,18,94.26
2032,12,19,95.20
2032,12,20,95.20
2032,12,21,94.64
2032,12,22,94.17
2032,12,23,95.20
2032,12,24,95.20
2032,12,25,94.73
2032,12,26,95.20
2032,12,27,95.20
2032,12,28,94.75
2032,12,29,93.57
2032,12,30,93.69
2032,12,31,93.45
2033,1,1,93.28
2033,1,2,93.00
2033,1,3,92.52
2033,1,4,95.20
2033,1,5,94.77
2033,1,6,94.49
2033,1,7,94.14
2033,1,8,93.57
2033,1,9,94.34
2033,1,10,93.79
2033,1,11,93.54
2033,1,12,93.15
2033,1,13,92.76
2033,1,14,92.60
2033,1,15,92.47
2033,1,16,92.19
2033,1,17,95.20
2033,1,18,95.20
2033,1,19,94.49
2033,1,20,94.28
2033,1,21,93.96
2033,1,22,93.61
2033,1,23,93.27
2033,1,24,92.80
2033,1,25,92.41
2033,1,26,92.18
2033,1,27,92.01
2033,1,28,91.67
2033,1,29,91.22
2033,1,30,90.67
2033,1,31,90.13
2033,2,1,89.57
2033,2,2,95.20
2033,2,3,95.20
2033,2,4,95.20
2033,2,5,95.20
2033,2,6,94.81
2033,2,7,94.36
2033,2,8,93.84
2033,2,9,93.30
2033,2,10,92.61
2033,2,11,95.20
2033,2,12,95.20
2033,2,13,94.63
2033,2,14,94.18
2033,2,15,93.49
2033,2,16,93.30
2033,2,17,92.54
2033,2,18,91.94
2033,2,19,91.61
2033,2,20,91.19
2033,2,21,90.65
2033,2,22,90.15
2033,2,23,89.41
2033,2,24,95.20
2033,2,25,94.55
2033,2,26,95.20
2033,2,27,94.50
2033,2,28,94.00
2033,3,1,93.33
2033,3,2,95.20
2033,3,3,94.94
2033,3,4,94.49
2033,3,5,93.86
2033,3,6,92.92
2033,3,7,95.20
2033,3,8,95.20
2033,3,9,94.55
2033,3,10,94.37
2033,3,11,93.56
2033,3,12,92.86
2033,3,13,94.49
2033,3,14,95.20
2033,3,15,94.22
2033,3,16,93.70
2033,3,17,93.05
2033,3,18,92.44
2033,3,19,91.79
2033,3,20,91.00
2033,3,21,90.31
2033,3,22,95.20
2033,3,23,94.12
2033,3,24,92.94
2033,3,25,91.80
2033,3,26,95.20
2033,3,27,95.20
2033,3,28,94.10
2033,3,29,93.39
2033,3,30,93.06
2033,3,31,91.75
2033,4,1,92.35
2033,4,2,92.68
2033,4,3,91.44
2033,4,4,90.56
2033,4,5,89.37
2033,4,6,88.21
2033,4,7,87.04
2033,4,8,85.78
2033,4,9,86.67
2033,4,10,95.20
2033,4,11,95.20
2033,4,12,93.83
2033,4,13,92.73
2033,4,14,91.61
2033,4,15,89.98
2033,4,16,87.76
2033,4,17,90.39
2033,4,18,95.20
2033,4,19,95.20
2033,4,20,92.62
2033,4,21,93.77
2033,4,22,95.20
2033,4,23,94.80
2033,4,24,95.20
2033,4,25,95.20
2033,4,26,93.00
2033,4,27,89.95
2033,4,28,87.72
2033,4,29,85.52
2033,4,30,82.75
2033,5,1,80.93
2033,5,2,77.70
2033,5,3,85.80
2033,5,4,95.20
2033,5,5,95.20
2033,5,6,95.20
2033,5,7,95.20
2033,5,8,95.20
2033,5,9,95.20
2033,5,10,93.43
2033,5,11,95.20
2033,5,12,95.20
2033,5,13,92.81
2033,5,14,90.51
2033,5,15,95.20
2033,5,16,94.76
2033,5,17,92.84
2033,5,18,90.66
2033,5,19,88.31
2033,5,20,86.06
2033,5,21,84.24
2033,5,22,82.42
2033,5,23,90.06
2033,5,24,90.77
2033,5,25,88.62
2033,5,26,94.45
2033,5,27,91.85
2033,5,28,88.63
2033,5,29,89.72
2033,5,30,87.12
2033,5,31,84.91
2033,6,1,82.45
2033,6,2,79.48
2033,6,3,75.22
2033,6,4,71.62
2033,6,5,67.87
2033,6,6,64.52
2033,6,7,61.54
2033,6,8,59.17
2033,6,9,57.05
2033,6,10,55.57
2033,6,11,55.13
2033,6,12,55.12
2033,6,13,55.88
2033,6,14,54.49
2033,6,15,60.61
2033,6,16,56.54
2033,6,17,53.41
2033,6,18,49.49
2033,6,19,56.48
2033,6,20,53.22
2033,6,21,50.69
2033,6,22,47.56
2033,6,23,46.76
2033,6,24,60.79
2033,6,25,70.72
2033,6,26,68.35
2033,6,27,64.71
2033,6,28,61.42
2033,6,29,70.42
2033,6,30,79.55
2033,7,1,74.14
2033,7,2,71.12
2033,7,3,85.22
2033,7,4,90.94
2033,7,5,92.83
2033,7,6,87.30
2033,7,7,82.91
2033,7,8,79.43
2033,7,9,75.14
2033,7,10,70.92
2033,7,11,66.44
2033,7,12,69.57
2033,7,13,66.29
2033,7,14,61.45
2033,7,15,58.54
2033,7,16,56.85
2033,7,17,62.38
2033,7,18,58.06
2033,7,19,53.50
2033,7,20,49.12
2033,7,21,46.65
2033,7,22,42.93
2033,7,23,39.54
2033,7,24,35.51
2033,7,25,31.30
2033,7,26,27.26
2033,7,27,24.95
2033,7,28,41.49
2033,7,29,42.11
2033,7,30,40.50
2033,7,31,37.95
2033,8,1,34.93
2033,8,2,32.01
2033,8,3,31.15
2033,8,4,49.36
2033,8,5,57.62
2033,8,6,57.32
2033,8,7,53.63
2033,8,8,50.19
2033,8,9,49.76
2033,8,10,46.65
2033,8,11,43.00
2033,8,12,40.36
2033,8,13,40.35
2033,8,14,57.13
2033,8,15,76.84
2033,8,16,81.80
2033,8,17,83.72
2033,8,18,80.17
2033,8,19,75.20
2033,8,20,71.64
2033,8,21,68.49
2033,8,22,68.48
2033,8,23,64.89
2033,8,24,61.40
2033,8,25,57.66
2033,8,26,53.63
2033,8,27,49.60
2033,8,28,50.02
2033,8,29,59.48
2033,8,30,56.88
2033,8,31,52.82
2033,9,1,49.99
2033,9,2,53.16
2033,9,3,49.23
2033,9,4,45.64
2033,9,5,44.02
2033,9,6,42.64
2033,9,7,40.40
2033,9,8,38.05
2033,9,9,36.17
2033,9,10,44.88
2033,9,11,46.48
2033,9,12,45.92
2033,9,13,54.07
2033,9,14,58.25
2033,9,15,56.93
2033,9,16,54.42
2033,9,17,50.95
2033,9,18,47.43
2033,9,19,45.23
2033,9,20,43.06
2033,9,21,44.77
2033,9,22,50.26
2033,9,23,51.33
2033,9,24,49.63
2033,9,25,61.61
2033,9,26,87.10
2033,9,27,95.20
2033,9,28,95.20
2033,9,29,93.98
2033,9,30,91.47
2033,10,1,89.36
2033,10,2,95.20
2033,10,3,95.20
2033,10,4,93.68
2033,10,5,91.99
2033,10,6,90.30
2033,10,7,88.43
2033,10,8,86.79
2033,10,9,84.95
2033,10,10,84.52
2033,10,11,83.37
2033,10,12,82.12
2033,10,13,80.81
2033,10,14,79.13
2033,10,15,77.22
2033,10,16,75.15
2033,10,17,73.64
2033,10,18,74.10
2033,10,19,76.84
2033,10,20,75.80
2033,10,21,74.40
2033,10,22,72.83
2033,10,23,70.96
2033,10,24,69.03
2033,10,25,67.70
2033,10,26,66.96
2033,10,27,71.50
2033,10,28,94.45
2033,10,29,93.45
2033,10,30,95.20
2033,10,31,95.20
2033,11,1,94.35
2033,11,2,95.20
2033,11,3,95.20
2033,11,4,95.20
2033,11,5,94.22
2033,11,6,95.20
2033,11,7,95.20
2033,11,8,94.59
2033,11,9,94.04
2033,11,10,93.79
2033,11,11,92.59
2033,11,12,91.50
2033,11,13,95.20
2033,11,14,95.20
2033,11,15,94.28
2033,11,16,93.26
2033,11,17,92.32
2033,11,18,90.78
2033,11,19,89.90
2033,11,20,88.62
2033,11,21,87.31
2033,11,22,87.39
2033,11,23,92.62
2033,11,24,91.85
2033,11,25,90.87
2033,11,26,89.90
2033,11,27,89.18
2033,11,28,88.38
2033,11,29,88.14
2033,11,30,95.20
2033,12,1,95.20
2033,12,2,94.17
2033,12,3,93.34
2033,12,4,92.78
2033,12,5,92.12
2033,12,6,92.21
2033,12,7,95.20
2033,12,8,95.20
2033,12,9,94.08
2033,12,10,93.63
2033,12,11,93.24
2033,12,12,92.86
2033,12,13,92.39
2033,12,14,91.93
2033,12,15,91.52
2033,12,16,91.18
2033,12,17,90.82
2033,12,18,90.53
2033,12,19,90.19
2033,12,20,95.20
2033,12,21,94.64
2033,12,22,94.21
2033,12,23,93.90
2033,12,24,93.58
2033,12,25,93.38
2033,12,26,92.95
2033,12,27,95.20
2033,12,28,95.20
2033,12,29,94.30
2033,12,30,94.18
2033,12,31,93.54
2034,1,1,92.93
2034,1,2,92.24
2034,1,3,91.63
2034,1,4,91.20
2034,1,5,90.68
2034,1,6,90.15
2034,1,7,89.61
2034,1,8,89.15
2034,1,9,88.92
2034,1,10,88.50
2034,1,11,88.10
2034,1,12,87.67
2034,1,13,95.20
2034,1,14,95.20
2034,1,15,95.20
2034,1,16,94.55
2034,1,17,93.92
2034,1,18,95.20
2034,1,19,95.20
2034,1,20,95.20
2034,1,21,95.20
2034,1,22,95.20
2034,1,23,94.64
2034,1,24,95.20
2034,1,25,94.66
2034,1,26,94.20
2034,1,27,93.55
2034,1,28,92.96
2034,1,29,95.20
2034,1,30,95.20
2034,1,31,94.71
2034,2,1,94.18
2034,2,2,93.70
2034,2,3,93.15
2034,2,4,92.51
2034,2,5,95.20
2034,2,6,95.20
2034,2,7,94.57
2034,2,8,94.06
2034,2,9,95.20
2034,2,10,94.16
2034,2,11,94.54
2034,2,12,93.00
2034,2,13,92.21
2034,2,14,91.66
2034,2,15,91.15
2034,2,16,95.20
2034,2,17,94.44
2034,2,18,93.90
2034,2,19,93.32
2034,2,20,92.65
2034,2,21,92.04
2034,2,22,91.49
2034,2,23,90.84
2034,2,24,95.20
2034,2,25,95.20
2034,2,26,94.57
2034,2,27,94.11
2034,2,28,93.57
2034,3,1,92.88
2034,3,2,92.12
2034,3,3,95.20
2034,3,4,95.20
2034,3,5,95.20
2034,3,6,94.30
2034,3,7,93.39
2034,3,8,92.70
2034,3,9,95.20
2034,3,10,94.40
2034,3,11,93.57
2034,3,12,92.83
2034,3,13,92.74
2034,3,14,92.03
2034,3,15,91.23
2034,3,16,93.91
2034,3,17,92.43
2034,3,18,95.20
2034,3,19,94.49
2034,3,20,93.89
2034,3,21,93.26
2034,3,22,95.20
2034,3,23,95.20
2034,3,24,95.20
2034,3,25,95.20
2034,3,26,95.20
2034,3,27,94.21
2034,3,28,93.58
2034,3,29,94.27
2034,3,30,95.20
2034,3,31,95.20
2034,4,1,93.67
2034,4,2,92.78
2034,4,3,91.68
2034,4,4,90.76
2034,4,5,89.78
2034,4,6,89.11
2034,4,7,88.15
2034,4,8,91.38
2034,4,9,95.20
2034,4,10,95.20
2034,4,11,94.14
2034,4,12,92.75
2034,4,13,91.26
2034,4,14,91.02
2034,4,15,90.10
2034,4,16,88.83
2034,4,17,87.19
2034,4,18,85.35
2034,4,19,95.20
2034,4,20,95.20
2034,4,21,92.89
2034,4,22,95.20
2034,4,23,93.55
2034,4,24,91.54
2034,4,25,89.86
2034,4,26,88.79
2034,4,27,87.12
2034,4,28,86.23
2034,4,29,86.22
2034,4,30,91.23
2034,5,1,95.20
2034,5,2,95.20
2034,5,3,93.02
2034,5,4,91.03
2034,5,5,92.89
2034,5,6,95.20
2034,5,7,95.20
2034,5,8,95.20
2034,5,9,94.15
2034,5,10,92.35
2034,5,11,90.76
2034,5,12,88.63
2034,5,13,86.77
2034,5,14,85.43
2034,5,15,84.30
2034,5,16,82.36
2034,5,17,80.15
2034,5,18,77.86
2034,5,19,75.14
2034,5,20,81.33
2034,5,21,82.06
2034,5,22,80.10
2034,5,23,77.61
2034,5,24,75.73
2034,5,25,73.75
2034,5,26,71.40
2034,5,27,70.65
2034,5,28,71.08
2034,5,29,67.86
2034,5,30,72.49
2034,5,31,76.21
2034,6,1,72.84
2034,6,2,70.21
2034,6,3,69.05
2034,6,4,67.88
2034,6,5,67.35
2034,6,6,65.07
2034,6,7,62.48
2034,6,8,60.53
2034,6,9,59.94
2034,6,10,60.91
2034,6,11,57.39
2034,6,12,54.53
2034,6,13,51.88
2034,6,14,48.84
2034,6,15,45.85
2034,6,16,43.05
2034,6,17,40.03
2034,6,18,36.74
2034,6,19,34.04
2034,6,20,32.86
2034,6,21,30.51
2034,6,22,29.23
2034,6,23,25.96
2034,6,24,23.21
2034,6,25,20.85
2034,6,26,18.39
2034,6,27,16.84
2034,6,28,17.93
2034,6,29,15.99
2034,6,30,13.45
2034,7,1,11.77
2034,7,2,10.96
2034,7,3,9.85
2034,7,4,8.94
2034,7,5,7.75
2034,7,6,6.50
2034,7,7,5.42
2034,7,8,4.74
2034,7,9,14.92
2034,7,10,20.39
2034,7,11,34.67
2034,7,12,45.90
2034,7,13,65.09
2034,7,14,62.08
2034,7,15,62.28
2034,7,16,58.71
2034,7,17,54.69
2034,7,18,50.66
2034,7,19,46.85
2034,7,20,43.28
2034,7,21,41.27
2034,7,22,40.50
2034,7,23,39.20
2034,7,24,36.20
2034,7,25,33.19
2034,7,26,29.62
2034,7,27,26.46
2034,7,28,24.08
2034,7,29,21.98
2034,7,30,22.38
2034,7,31,23.22
2034,8,1,22.79
2034,8,2,21.75
2034,8,3,18.84
2034,8,4,16.48
2034,8,5,24.14
2034,8,6,22.26
2034,8,7,20.03
2034,8,8,18.26
2034,8,9,16.48
2034,8,10,14.50
2034,8,11,13.34
2034,8,12,12.34
2034,8,13,11.28
2034,8,14,10.41
2034,8,15,9.44
2034,8,16,11.24
2034,8,17,34.42
2034,8,18,33.55
2034,8,19,30.81
2034,8,20,29.93
2034,8,21,27.27
2034,8,22,24.83
2034,8,23,22.35
2034,8,24,20.83
2034,8,25,18.63
2034,8,26,18.52
2034,8,27,16.41
2034,8,28,14.49
2034,8,29,13.16
2034,8,30,16.95
2034,8,31,18.61
2034,9,1,16.37
2034,9,2,14.49
2034,9,3,13.71
2034,9,4,12.65
2034,9,5,11.29
2034,9,6,9.82
2034,9,7,8.58
2034,9,8,7.62
2034,9,9,6.94
2034,9,10,6.13
2034,9,11,5.67
2034,9,12,5.29
2034,9,13,4.78
2034,9,14,4.21
2034,9,15,3.70
2034,9,16,3.24
2034,9,17,2.83
2034,9,18,4.61
2034,9,19,17.77
2034,9,20,16.30
2034,9,21,15.44
2034,9,22,14.74
2034,9,23,13.63
2034,9,24,12.44
2034,9,25,11.67
2034,9,26,16.00
2034,9,27,23.28
2034,9,28,27.15
2034,9,29,26.16
2034,9,30,25.01
2034,10,1,23.68
2034,10,2,22.28
2034,10,3,20.84
2034,10,4,19.98
2034,10,5,18.99
2034,10,6,18.19
2034,10,7,21.13
2034,10,8,20.45
2034,10,9,19.76
2034,10,10,19.05
2034,10,11,18.55
2034,10,12,17.75
2034,10,13,16.97
2034,10,14,16.10
2034,10,15,14.93
2034,10,16,13.81
2034,10,17,13.10
2034,10,18,12.64
2034,10,19,12.18
2034,10,20,11.72
2034,10,21,11.08
2034,10,22,10.37
2034,10,23,9.83
2034,10,24,9.06
2034,10,25,8.36
2034,10,26,7.72
2034,10,27,7.58
2034,10,28,7.25
2034,10,29,6.99
2034,10,30,6.72
2034,10,31,7.79
2034,11,1,10.54
2034,11,2,10.13
2034,11,3,27.06
2034,11,4,28.03
2034,11,5,36.50
2034,11,6,35.86
2034,11,7,35.09
2034,11,8,33.78
2034,11,9,32.57
2034,11,10,32.48
2034,11,11,31.63
2034,11,12,31.48
2034,11,13,34.42
2034,11,14,49.56
2034,11,15,49.02
2034,11,16,48.39
2034,11,17,47.84
2034,11,18,47.43
2034,11,19,46.99
2034,11,20,46.47
2034,11,21,46.70
2034,11,22,57.71
2034,11,23,57.17
2034,11,24,56.61
2034,11,25,55.97
2034,11,26,65.60
2034,11,27,95.20
2034,11,28,95.20
2034,11,29,94.62
2034,11,30,94.04
2034,12,1,95.20
2034,12,2,95.20
2034,12,3,94.67
2034,12,4,94.20
2034,12,5,93.70
2034,12,6,93.31
2034,12,7,92.88
2034,12,8,92.50
2034,12,9,92.17
2034,12,10,91.81
2034,12,11,91.48
2034,12,12,91.10
2034,12,13,95.20
2034,12,14,94.72
2034,12,15,94.29
2034,12,16,93.91
2034,12,17,93.38
2034,12,18,92.90
2034,12,19,95.20
2034,12,20,95.20
2034,12,21,95.20
2034,12,22,95.20
2034,12,23,95.20
2034,12,24,94.79
2034,12,25,94.41
2034,12,26,94.03
2034,12,27,93.57
2034,12,28,93.05
2034,12,29,92.54
2034,12,30,92.05
2034,12,31,91.69
2035,1,1,91.39
2035,1,2,90.97
2035,1,3,91.54
2035,1,4,95.20
2035,1,5,95.20
2035,1,6,95.20
2035,1,7,95.20
2035,1,8,95.20
2035,1,9,94.62
2035,1,10,95.20
2035,1,11,95.20
2035,1,12,94.32
2035,1,13,93.81
2035,1,14,93.38
2035,1,15,93.09
2035,1,16,92.68
2035,1,17,95.20
2035,1,18,95.20
2035,1,19,95.20
2035,1,20,95.20
2035,1,21,95.20
2035,1,22,95.20
2035,1,23,94.59
2035,1,24,94.09
2035,1,25,93.53
2035,1,26,95.20
2035,1,27,95.20
2035,1,28,94.67
2035,1,29,94.27
2035,1,30,93.91
2035,1,31,93.66
2035,2,1,93.28
2035,2,2,92.84
2035,2,3,92.52
2035,2,4,92.25
2035,2,5,92.07
2035,2,6,91.70
2035,2,7,91.10
2035,2,8,90.49
2035,2,9,89.98
2035,2,10,89.44
2035,2,11,95.20
2035,2,12,95.20
2035,2,13,94.57
2035,2,14,94.00
2035,2,15,93.29
2035,2,16,95.20
2035,2,17,95.20
2035,2,18,95.20
2035,2,19,94.48
2035,2,20,94.06
2035,2,21,93.58
2035,2,22,93.31
2035,2,23,92.84
2035,2,24,92.36
2035,2,25,91.72
2035,2,26,91.18
2035,2,27,90.65
2035,2,28,91.63
2035,3,1,95.20
2035,3,2,95.20
2035,3,3,95.07
2035,3,4,95.20
2035,3,5,94.43
2035,3,6,95.20
2035,3,7,94.51
2035,3,8,93.80
2035,3,9,95.20
2035,3,10,95.20
2035,3,11,95.20
2035,3,12,95.20
2035,3,13,94.34
2035,3,14,95.20
2035,3,15,95.20
2035,3,16,95.14
2035,3,17,94.45
2035,3,18,95.20
2035,3,19,95.20
2035,3,20,94.31
2035,3,21,93.48
2035,3,22,92.23
2035,3,23,91.05
2035,3,24,89.62
2035,3,25,88.26
2035,3,26,86.86
2035,3,27,85.11
2035,3,28,83.22
2035,3,29,80.79
2035,3,30,78.76
2035,3,31,77.03
2035,4,1,75.31
2035,4,2,74.16
2035,4,3,73.88
2035,4,4,72.38
2035,4,5,71.28
2035,4,6,70.23
2035,4,7,68.95
2035,4,8,73.49
2035,4,9,89.04
2035,4,10,87.24
2035,4,11,95.20
2035,4,12,95.20
2035,4,13,92.78
2035,4,14,92.26
2035,4,15,90.93
2035,4,16,92.10
2035,4,17,90.66
2035,4,18,88.69
2035,4,19,86.84
2035,4,20,84.79
2035,4,21,83.01
2035,4,22,93.00
2035,4,23,95.20
2035,4,24,95.20
2035,4,25,93.80
2035,4,26,91.23
2035,4,27,88.74
2035,4,28,87.94
2035,4,29,88.02
2035,4,30,85.45
2035,5,1,83.43
2035,5,2,85.88
2035,5,3,88.39
2035,5,4,95.20
2035,5,5,92.67
2035,5,6,88.34
2035,5,7,85.58
2035,5,8,85.26
2035,5,9,89.62
2035,5,10,94.02
2035,5,11,95.20
2035,5,12,93.04
2035,5,13,89.71
2035,5,14,85.97
2035,5,15,82.67
2035,5,16,82.99
2035,5,17,84.94
2035,5,18,84.28
2035,5,19,79.57
2035,5,20,82.91
2035,5,21,83.66
2035,5,22,81.45
2035,5,23,78.60
2035,5,24,75.46
2035,5,25,72.62
2035,5,26,73.08
2035,5,27,76.34
2035,5,28,73.31
2035,5,29,70.60
2035,5,30,65.41
2035,5,31,61.80
2035,6,1,58.43
2035,6,2,67.32
2035,6,3,72.26
2035,6,4,70.65
2035,6,5,69.89
2035,6,6,78.48
2035,6,7,80.38
2035,6,8,77.42
2035,6,9,74.15
2035,6,10,70.92
2035,6,11,67.81
2035,6,12,64.23
2035,6,13,59.09
2035,6,14,53.22
2035,6,15,47.19
2035,6,16,41.13
2035,6,17,35.13
2035,6,18,35.24
2035,6,19,45.97
2035,6,20,48.78
2035,6,21,45.64
2035,6,22,42.90
2035,6,23,40.23
2035,6,24,38.68
2035,6,25,35.71
2035,6,26,45.66
2035,6,27,57.04
2035,6,28,53.66
2035,6,29,49.77
2035,6,30,47.50
2035,7,1,54.92
2035,7,2,66.89
2035,7,3,63.00
2035,7,4,58.37
2035,7,5,53.87
2035,7,6,48.69
2035,7,7,43.06
2035,7,8,38.21
2035,7,9,33.07
2035,7,10,28.20
2035,7,11,25.18
2035,7,12,27.55
2035,7,13,30.20
2035,7,14,28.09
2035,7,15,24.11
2035,7,16,19.85
2035,7,17,16.35
2035,7,18,14.15
2035,7,19,11.67
2035,7,20,10.81
2035,7,21,9.43
2035,7,22,7.40
2035,7,23,5.85
2035,7,24,4.50
2035,7,25,3.66
2035,7,26,2.96
2035,7,27,2.76
2035,7,28,2.23
2035,7,29,1.77
2035,7,30,1.37
2035,7,31,1.04
2035,8,1,1.04
2035,8,2,0.82
2035,8,3,9.79
2035,8,4,12.12
2035,8,5,10.19
2035,8,6,8.60
2035,8,7,7.76
2035,8,8,7.45
2035,8,9,6.43
2035,8,10,5.72
2035,8,11,4.80
2035,8,12,3.93
2035,8,13,3.53
2035,8,14,2.92
2035,8,15,2.41
2035,8,16,1.90
2035,8,17,1.55
2035,8,18,1.31
2035,8,19,1.13
2035,8,20,0.93
2035,8,21,0.75
2035,8,22,0.61
2035,8,23,0.48
2035,8,24,0.44
2035,8,25,0.90
2035,8,26,2.34
2035,8,27,1.93
2035,8,28,1.63
2035,8,29,1.39
2035,8,30,1.19
2035,8,31,1.01
2035,9,1,13.06
2035,9,2,11.19
2035,9,3,14.02
2035,9,4,12.20
2035,9,5,10.93
2035,9,6,11.89
2035,9,7,15.10
2035,9,8,13.23
2035,9,9,11.49
2035,9,10,10.46
2035,9,11,9.58
2035,9,12,8.60
2035,9,13,7.70
2035,9,14,6.90
2035,9,15,6.14
2035,9,16,5.52
2035,9,17,4.80
2035,9,18,4.16
2035,9,19,3.65
2035,9,20,3.12
2035,9,21,3.08
2035,9,22,18.13
2035,9,23,17.63
2035,9,24,16.58
2035,9,25,15.43
2035,9,26,14.63
2035,9,27,13.95
2035,9,28,14.56
2035,9,29,18.52
2035,9,30,18.41
2035,10,1,17.71
2035,10,2,16.71
2035,10,3,15.88
2035,10,4,15.11
2035,10,5,14.38
2035,10,6,13.55
2035,10,7,12.80
2035,10,8,12.14
2035,10,9,11.63
2035,10,10,10.83
2035,10,11,9.97
2035,10,12,9.22
2035,10,13,8.50
2035,10,14,8.21
2035,10,15,16.44
2035,10,16,47.38
2035,10,17,55.02
2035,10,18,53.81
2035,10,19,52.51
2035,10,20,51.44
2035,10,21,50.25
2035,10,22,49.08
2035,10,23,50.28
2035,10,24,49.03
2035,10,25,64.09
2035,10,26,69.85
2035,10,27,68.60
2035,10,28,67.35
2035,10,29,66.20
2035,10,30,65.05
2035,10,31,71.36
2035,11,1,88.96
2035,11,2,88.33
2035,11,3,86.80
2035,11,4,85.66
2035,11,5,84.62
2035,11,6,84.19
2035,11,7,83.23
2035,11,8,85.49
2035,11,9,88.48
2035,11,10,87.92
2035,11,11,87.35
2035,11,12,87.33
2035,11,13,86.48
2035,11,14,86.02
2035,11,15,85.31
2035,11,16,84.56
2035,11,17,84.00
2035,11,18,95.20
2035,11,19,95.20
2035,11,20,94.36
2035,11,21,93.50
2035,11,22,95.20
2035,11,23,95.20
2035,11,24,95.20
2035,11,25,94.49
2035,11,26,93.83
2035,11,27,94.36
2035,11,28,95.20
2035,11,29,95.20
2035,11,30,95.20
2035,12,1,94.57
2035,12,2,93.95
2035,12,3,93.34
2035,12,4,92.83
2035,12,5,92.28
2035,12,6,91.80
2035,12,7,91.34
2035,12,8,90.80
2035,12,9,95.20
2035,12,10,94.59
2035,12,11,95.20
2035,12,12,95.20
2035,12,13,95.20
2035,12,14,95.20
2035,12,15,94.64
2035,12,16,94.30
2035,12,17,93.94
2035,12,18,93.61
2035,12,19,93.33
2035,12,20,92.89
2035,12,21,92.35
2035,12,22,91.76
2035,12,23,95.20
2035,12,24,95.20
2035,12,25,94.79
2035,12,26,94.42
2035,12,27,93.85
2035,12,28,93.77
2035,12,29,93.06
2035,12,30,95.20
2035,12,31,94.67
2036,1,1,94.26
2036,1,2,94.01
2036,1,3,93.75
2036,1,4,93.42
2036,1,5,93.07
2036,1,6,92.67
2036,1,7,95.20
2036,1,8,94.68
2036,1,9,94.17
2036,1,10,93.64
2036,1,11,95.20
2036,1,12,95.20
2036,1,13,95.20
2036,1,14,94.70
2036,1,15,94.26
2036,1,16,93.78
2036,1,17,93.52
2036,1,18,93.23
2036,1,19,93.05
2036,1,20,92.76
2036,1,21,95.20
2036,1,22,94.79
2036,1,23,94.53
2036,1,24,94.24
2036,1,25,93.85
2036,1,26,95.20
2036,1,27,95.20
2036,1,28,94.79
2036,1,29,94.39
2036,1,30,93.93
2036,1,31,93.51
2036,2,1,93.13
2036,2,2,92.54
2036,2,3,92.04
2036,2,4,91.56
2036,2,5,95.20
2036,2,6,95.20
2036,2,7,95.20
2036,2,8,95.20
2036,2,9,95.20
2036,2,10,95.20
2036,2,11,94.51
2036,2,12,95.20
2036,2,13,95.20
2036,2,14,95.20
2036,2,15,94.48
2036,2,16,94.01
2036,2,17,93.39
2036,2,18,93.84
2036,2,19,93.18
2036,2,20,92.64
2036,2,21,92.05
2036,2,22,91.44
2036,2,23,90.81
2036,2,24,90.43
2036,2,25,90.08
2036,2,26,89.61
2036,2,27,89.13
2036,2,28,88.54
2036,2,29,87.90
2036,3,1,87.13
2036,3,2,91.54
2036,3,3,91.52
2036,3,4,91.83
2036,3,5,95.20
2036,3,6,95.13
2036,3,7,94.29
2036,3,8,93.40
2036,3,9,93.05
2036,3,10,92.12
2036,3,11,91.58
2036,3,12,90.71
2036,3,13,89.79
2036,3,14,95.20
2036,3,15,95.20
2036,3,16,94.30
2036,3,17,93.30
2036,3,18,93.83
2036,3,19,95.20
2036,3,20,95.20
2036,3,21,95.20
2036,3,22,95.20
2036,3,23,94.06
2036,3,24,93.09
2036,3,25,91.71
2036,3,26,90.77
2036,3,27,89.84
2036,3,28,88.75
2036,3,29,87.58
2036,3,30,86.51
2036,3,31,85.37
2036,4,1,84.31
2036,4,2,84.16
2036,4,3,83.58
2036,4,4,82.37
2036,4,5,81.13
2036,4,6,79.27
2036,4,7,80.54
2036,4,8,79.96
2036,4,9,79.03
2036,4,10,82.57
2036,4,11,95.20
2036,4,12,95.20
2036,4,13,95.20
2036,4,14,95.20
2036,4,15,95.20
2036,4,16,94.31
2036,4,17,95.20
2036,4,18,95.20
2036,4,19,93.78
2036,4,20,92.72
2036,4,21,91.60
2036,4,22,95.20
2036,4,23,95.20
2036,4,24,93.10
2036,4,25,91.34
2036,4,26,90.27
2036,4,27,89.44
2036,4,28,88.44
2036,4,29,87.27
2036,4,30,85.95
2036,5,1,84.47
2036,5,2,82.34
2036,5,3,93.71
2036,5,4,95.20
2036,5,5,95.20
2036,5,6,92.90
2036,5,7,90.08
2036,5,8,87.44
2036,5,9,84.99
2036,5,10,84.43
2036,5,11,82.28
2036,5,12,80.24
2036,5,13,78.18
2036,5,14,79.79
2036,5,15,93.64
2036,5,16,90.13
2036,5,17,87.91
2036,5,18,86.00
2036,5,19,85.23
2036,5,20,82.56
2036,5,21,80.63
2036,5,22,78.43
2036,5,23,76.68
2036,5,24,78.52
2036,5,25,82.55
2036,5,26,79.80
2036,5,27,77.12
2036,5,28,79.55
2036,5,29,93.45
2036,5,30,95.20
2036,5,31,94.48
2036,6,1,93.11
2036,6,2,89.84
2036,6,3,86.11
2036,6,4,95.20
2036,6,5,92.60
2036,6,6,90.60
2036,6,7,95.20
2036,6,8,92.26
2036,6,9,87.90
2036,6,10,93.05
2036,6,11,93.43
2036,6,12,95.20
2036,6,13,93.70
2036,6,14,91.35
2036,6,15,88.38
2036,6,16,85.62
2036,6,17,82.50
2036,6,18,80.70
2036,6,19,81.31
2036,6,20,78.90
2036,6,21,76.69
2036,6,22,74.17
2036,6,23,71.42
2036,6,24,68.46
2036,6,25,65.20
2036,6,26,60.82
2036,6,27,55.61
2036,6,28,49.44
2036,6,29,44.81
2036,6,30,41.73
2036,7,1,37.87
2036,7,2,43.89
2036,7,3,40.21
2036,7,4,37.01
2036,7,5,36.73
2036,7,6,40.83
2036,7,7,37.54
2036,7,8,34.17
2036,7,9,30.75
2036,7,10,27.99
2036,7,11,36.38
2036,7,12,37.14
2036,7,13,31.90
2036,7,14,27.85
2036,7,15,24.06
2036,7,16,20.91
2036,7,17,18.17
2036,7,18,16.06
2036,7,19,14.87
2036,7,20,13.28
2036,7,21,34.29
2036,7,22,50.38
2036,7,23,62.59
2036,7,24,59.20
2036,7,25,65.44
2036,7,26,64.06
2036,7,27,60.84
2036,7,28,58.14
2036,7,29,55.95
2036,7,30,53.05
2036,7,31,49.86
2036,8,1,47.14
2036,8,2,44.44
2036,8,3,41.82
2036,8,4,39.80
2036,8,5,36.88
2036,8,6,45.28
2036,8,7,55.64
2036,8,8,55.89
2036,8,9,53.07
2036,8,10,50.54
2036,8,11,48.50
2036,8,12,56.32
2036,8,13,54.10
2036,8,14,52.34
2036,8,15,59.25
2036,8,16,80.32
2036,8,17,92.21
2036,8,18,89.12
2036,8,19,86.02
2036,8,20,82.88
2036,8,21,79.65
2036,8,22,91.25
2036,8,23,91.22
2036,8,24,87.99
2036,8,25,85.24
2036,8,26,81.98
2036,8,27,78.87
2036,8,28,78.42
2036,8,29,95.20
2036,8,30,92.46
2036,8,31,90.04
2036,9,1,87.43
2036,9,2,84.57
2036,9,3,81.23
2036,9,4,95.20
2036,9,5,95.20
2036,9,6,95.20
2036,9,7,92.01
2036,9,8,90.19
2036,9,9,88.26
2036,9,10,95.20
2036,9,11,95.20
2036,9,12,95.20
2036,9,13,93.43
2036,9,14,91.28
2036,9,15,89.10
2036,9,16,87.03
2036,9,17,84.84
2036,9,18,84.30
2036,9,19,92.21
2036,9,20,92.54
2036,9,21,90.87
2036,9,22,94.94
2036,9,23,94.73
2036,9,24,93.37
2036,9,25,91.43
2036,9,26,95.20
2036,9,27,95.08
2036,9,28,93.78
2036,9,29,91.86
2036,9,30,90.80
2036,10,1,90.36
2036,10,2,89.05
2036,10,3,87.28
2036,10,4,86.61
2036,10,5,85.19
2036,10,6,82.97
2036,10,7,80.79
2036,10,8,84.17
2036,10,9,82.89
2036,10,10,81.49
2036,10,11,80.01
2036,10,12,78.55
2036,10,13,77.32
2036,10,14,75.87
2036,10,15,74.07
2036,10,16,72.63
2036,10,17,71.42
2036,10,18,70.10
2036,10,19,68.94
2036,10,20,67.87
2036,10,21,66.90
2036,10,22,66.22
2036,10,23,64.86
2036,10,24,63.69
2036,10,25,62.45
2036,10,26,60.93
2036,10,27,59.31
2036,10,28,57.80
2036,10,29,56.85
2036,10,30,56.60
2036,10,31,67.69
2036,11,1,89.84
2036,11,2,89.37
2036,11,3,88.53
2036,11,4,95.20
2036,11,5,95.20
2036,11,6,95.20
2036,11,7,94.25
2036,11,8,93.49
2036,11,9,93.12
2036,11,10,92.08
2036,11,11,91.13
2036,11,12,95.20
2036,11,13,95.20
2036,11,14,95.20
2036,11,15,94.48
2036,11,16,94.40
2036,11,17,93.54
2036,11,18,92.81
2036,11,19,92.84
2036,11,20,92.94
2036,11,21,92.28
2036,11,22,91.65
2036,11,23,90.76
2036,11,24,89.95
2036,11,25,89.13
2036,11,26,88.19
2036,11,27,88.16
2036,11,28,87.76
2036,11,29,87.12
2036,11,30,89.10
2036,12,1,88.06
2036,12,2,87.54
2036,12,3,86.94
2036,12,4,86.44
2036,12,5,87.23
2036,12,6,86.64
2036,12,7,86.07
2036,12,8,85.62
2036,12,9,85.17
2036,12,10,84.77
2036,12,11,84.27
2036,12,12,83.65
2036,12,13,83.15
2036,12,14,83.33
2036,12,15,91.54
2036,12,16,94.96
2036,12,17,94.22
2036,12,18,93.80
2036,12,19,93.46
2036,12,20,93.15
2036,12,21,92.66
2036,12,22,92.11
2036,12,23,91.75
2036,12,24,91.58
2036,12,25,91.24
2036,12,26,93.11
2036,12,27,95.20
2036,12,28,94.61
2036,12,29,94.15
2036,12,30,93.58
2036,12,31,92.95
2037,1,1,92.55
2037,1,2,92.20
2037,1,3,91.94
2037,1,4,91.57
2037,1,5,91.09
2037,1,6,94.19
2037,1,7,93.94
2037,1,8,93.43
2037,1,9,95.20
2037,1,10,95.20
2037,1,11,95.20
2037,1,12,95.20
2037,1,13,95.20
2037,1,14,95.20
2037,1,15,94.71
2037,1,16,94.17
2037,1,17,95.20
2037,1,18,94.73
2037,1,19,94.31
2037,1,20,93.67
2037,1,21,92.84
2037,1,22,93.33
2037,1,23,92.62
2037,1,24,95.20
2037,1,25,95.20
2037,1,26,95.20
2037,1,27,95.20
2037,1,28,95.20
2037,1,29,94.62
2037,1,30,94.11
2037,1,31,93.44
2037,2,1,94.19
2037,2,2,94.36
2037,2,3,93.91
2037,2,4,93.54
2037,2,5,93.15
2037,2,6,92.73
2037,2,7,92.22
2037,2,8,91.77
2037,2,9,91.30
2037,2,10,90.90
2037,2,11,90.50
2037,2,12,89.94
2037,2,13,89.33
2037,2,14,94.62
2037,2,15,95.20
2037,2,16,95.20
2037,2,17,94.53
2037,2,18,93.85
2037,2,19,93.20
2037,2,20,92.63
2037,2,21,93.47
2037,2,22,92.65
2037,2,23,91.94
2037,2,24,91.09
2037,2,25,90.05
2037,2,26,88.74
2037,2,27,91.60
2037,2,28,95.20
2037,3,1,95.20
2037,3,2,95.20
2037,3,3,95.20
2037,3,4,94.32
2037,3,5,94.57
2037,3,6,93.87
2037,3,7,93.06
2037,3,8,92.29
2037,3,9,91.45
2037,3,10,90.59
2037,3,11,89.87
2037,3,12,89.04
2037,3,13,95.20
2037,3,14,95.20
2037,3,15,94.03
2037,3,16,93.90
2037,3,17,92.85
2037,3,18,95.20
2037,3,19,95.20
2037,3,20,95.20
2037,3,21,95.20
2037,3,22,95.20
2037,3,23,93.67
2037,3,24,92.72
2037,3,25,91.39
2037,3,26,90.51
2037,3,27,89.81
2037,3,28,90.82
2037,3,29,89.83
2037,3,30,89.14
2037,3,31,90.24
2037,4,1,88.59
2037,4,2,90.39
2037,4,3,90.96
2037,4,4,95.20
2037,4,5,95.20
2037,4,6,95.20
2037,4,7,95.20
2037,4,8,95.20
2037,4,9,93.78
2037,4,10,92.47
2037,4,11,95.20
2037,4,12,95.20
2037,4,13,95.20
2037,4,14,93.97
2037,4,15,93.32
2037,4,16,95.20
2037,4,17,94.43
2037,4,18,92.77
2037,4,19,89.54
2037,4,20,95.20
2037,4,21,95.20
2037,4,22,94.11
2037,4,23,92.89
2037,4,24,95.20
2037,4,25,95.20
2037,4,26,93.72
2037,4,27,91.70
2037,4,28,90.78
2037,4,29,95.20
2037,4,30,93.37
2037,5,1,90.68
2037,5,2,90.06
2037,5,3,94.24
2037,5,4,92.28
2037,5,5,90.44
2037,5,6,88.37
2037,5,7,86.00
2037,5,8,84.94
2037,5,9,82.31
2037,5,10,80.13
2037,5,11,81.35
2037,5,12,78.72
2037,5,13,77.93
2037,5,14,80.08
2037,5,15,81.61
2037,5,16,79.89
2037,5,17,78.33
2037,5,18,79.87
2037,5,19,78.10
2037,5,20,75.63
2037,5,21,73.61
2037,5,22,71.14
2037,5,23,67.17
2037,5,24,66.10
2037,5,25,67.62
2037,5,26,67.15
2037,5,27,65.11
2037,5,28,62.96
2037,5,29,64.09
2037,5,30,67.42
2037,5,31,66.86
2037,6,1,87.57
2037,6,2,88.63
2037,6,3,85.90
2037,6,4,93.54
2037,6,5,95.20
2037,6,6,94.07
2037,6,7,95.20
2037,6,8,92.48
2037,6,9,89.78
2037,6,10,86.71
2037,6,11,83.05
2037,6,12,81.73
2037,6,13,83.78
2037,6,14,81.17
2037,6,15,78.65
2037,6,16,75.00
2037,6,17,70.49
2037,6,18,66.05
2037,6,19,61.52
2037,6,20,59.74
2037,6,21,59.32
2037,6,22,54.84
2037,6,23,50.04
2037,6,24,45.59
2037,6,25,59.50
2037,6,26,73.03
2037,6,27,84.83
2037,6,28,83.42
2037,6,29,79.33
2037,6,30,74.56
2037,7,1,75.70
2037,7,2,95.20
2037,7,3,95.20
2037,7,4,89.47
2037,7,5,84.36
2037,7,6,79.86
2037,7,7,75.95
2037,7,8,73.23
2037,7,9,67.19
2037,7,10,62.56
2037,7,11,58.41
2037,7,12,53.94
2037,7,13,49.79
2037,7,14,52.27
2037,7,15,52.65
2037,7,16,56.32
2037,7,17,53.37
2037,7,18,53.35
2037,7,19,49.94
2037,7,20,45.93
2037,7,21,41.87
2037,7,22,38.37
2037,7,23,35.09
2037,7,24,31.39
2037,7,25,27.31
2037,7,26,23.38
2037,7,27,19.57
2037,7,28,15.99
2037,7,29,14.10
2037,7,30,11.85
2037,7,31,10.02
2037,8,1,15.87
2037,8,2,14.05
2037,8,3,12.43
2037,8,4,11.37
2037,8,5,9.85
2037,8,6,9.35
2037,8,7,9.26
2037,8,8,8.37
2037,8,9,7.48
2037,8,10,6.81
2037,8,11,5.72
2037,8,12,4.64
2037,8,13,3.77
2037,8,14,3.13
2037,8,15,2.70
2037,8,16,2.34
2037,8,17,1.97
2037,8,18,4.36
2037,8,19,6.53
2037,8,20,5.87
2037,8,21,4.79
2037,8,22,3.83
2037,8,23,3.19
2037,8,24,2.58
2037,8,25,2.16
2037,8,26,1.91
2037,8,27,1.69
2037,8,28,4.54
2037,8,29,24.56
2037,8,30,22.48
2037,8,31,20.47
2037,9,1,18.36
2037,9,2,16.47
2037,9,3,15.94
2037,9,4,22.72
2037,9,5,26.90
2037,9,6,44.73
2037,9,7,44.11
2037,9,8,41.45
2037,9,9,38.45
2037,9,10,36.14
2037,9,11,34.06
2037,9,12,32.09
2037,9,13,39.81
2037,9,14,44.75
2037,9,15,42.11
2037,9,16,39.83
2037,9,17,38.35
2037,9,18,36.70
2037,9,19,34.98
2037,9,20,33.01
2037,9,21,30.98
2037,9,22,28.92
2037,9,23,26.88
2037,9,24,24.97
2037,9,25,24.23
2037,9,26,22.47
2037,9,27,21.66
2037,9,28,37.57
2037,9,29,35.46
2037,9,30,33.99
2037,10,1,31.67
2037,10,2,29.45
2037,10,3,27.76
2037,10,4,45.38
2037,10,5,65.48
2037,10,6,63.90
2037,10,7,62.37
2037,10,8,60.85
2037,10,9,60.59
2037,10,10,61.13
2037,10,11,72.23
2037,10,12,71.22
2037,10,13,70.08
2037,10,14,68.35
2037,10,15,66.17
2037,10,16,84.46
2037,10,17,88.72
2037,10,18,87.31
2037,10,19,87.42
2037,10,20,85.33
2037,10,21,83.72
2037,10,22,81.77
2037,10,23,80.29
2037,10,24,78.58
2037,10,25,76.95
2037,10,26,80.93
2037,10,27,79.73
2037,10,28,78.36
2037,10,29,76.68
2037,10,30,74.66
2037,10,31,73.36
2037,11,1,72.41
2037,11,2,71.38
2037,11,3,70.15
2037,11,4,68.54
2037,11,5,67.24
2037,11,6,65.59
2037,11,7,63.93
2037,11,8,63.94
2037,11,9,69.99
2037,11,10,68.82
2037,11,11,67.74
2037,11,12,66.68
2037,11,13,68.34
2037,11,14,68.18
2037,11,15,67.38
2037,11,16,66.86
2037,11,17,79.89
2037,11,18,89.46
2037,11,19,88.37
2037,11,20,86.90
2037,11,21,90.36
2037,11,22,95.20
2037,11,23,95.20
2037,11,24,94.35
2037,11,25,93.55
2037,11,26,92.72
2037,11,27,91.69
2037,11,28,90.69
2037,11,29,89.62
2037,11,30,92.72
2037,12,1,95.20
2037,12,2,94.73
2037,12,3,94.17
2037,12,4,93.68
2037,12,5,95.20
2037,12,6,95.20
2037,12,7,94.39
2037,12,8,93.78
2037,12,9,93.06
2037,12,10,92.37
2037,12,11,91.67
2037,12,12,95.20
2037,12,13,94.75
2037,12,14,94.29
2037,12,15,95.20
2037,12,16,94.29
2037,12,17,93.30
2037,12,18,92.37
2037,12,19,95.20
2037,12,20,95.20
2037,12,21,94.70
2037,12,22,94.29
2037,12,23,93.82
2037,12,24,93.35
2037,12,25,92.96
2037,12,26,92.56
2037,12,27,92.05
2037,12,28,91.55
2037,12,29,91.06
2037,12,30,90.61
2037,12,31,90.23
2038,1,1,89.94
2038,1,2,89.72
2038,1,3,89.20
2038,1,4,95.20
2038,1,5,94.57
2038,1,6,94.23
2038,1,7,93.73
2038,1,8,95.20
2038,1,9,95.20
2038,1,10,94.72
2038,1,11,94.07
2038,1,12,93.46
2038,1,13,93.13
2038,1,14,92.85
2038,1,15,92.59
2038,1,16,92.33
2038,1,17,91.88
2038,1,18,91.36
2038,1,19,95.20
2038,1,20,94.65
2038,1,21,94.13
2038,1,22,93.92
2038,1,23,93.77
2038,1,24,93.57
2038,1,25,93.05
2038,1,26,92.47
2038,1,27,91.87
2038,1,28,91.29
2038,1,29,90.85
2038,1,30,90.31
2038,1,31,95.20
2038,2,1,94.52
2038,2,2,95.20
2038,2,3,95.20
2038,2,4,95.20
2038,2,5,95.20
2038,2,6,94.56
2038,2,7,93.91
2038,2,8,93.10
2038,2,9,94.28
2038,2,10,93.46
2038,2,11,95.20
2038,2,12,94.57
2038,2,13,94.14
2038,2,14,93.74
2038,2,15,93.45
2038,2,16,93.00
2038,2,17,92.39
2038,2,18,91.84
2038,2,19,91.21
2038,2,20,95.20
2038,2,21,95.20
2038,2,22,95.20
2038,2,23,95.20
2038,2,24,94.22
2038,2,25,93.64
2038,2,26,93.15
2038,2,27,92.34
2038,2,28,95.20
2038,3,1,95.20
2038,3,2,95.20
2038,3,3,94.73
2038,3,4,94.24
2038,3,5,93.64
2038,3,6,92.96
2038,3,7,92.52
2038,3,8,91.95
2038,3,9,95.20
2038,3,10,95.20
2038,3,11,95.20
2038,3,12,94.51
2038,3,13,95.20
2038,3,14,95.20
2038,3,15,95.20
2038,3,16,94.34
2038,3,17,93.35
2038,3,18,92.18
2038,3,19,95.20
2038,3,20,95.20
2038,3,21,94.34
2038,3,22,93.43
2038,3,23,95.20
2038,3,24,94.54
2038,3,25,93.52
2038,3,26,93.78
2038,3,27,95.20
2038,3,28,94.19
2038,3,29,93.05
2038,3,30,92.84
2038,3,31,93.38
2038,4,1,92.36
2038,4,2,91.47
2038,4,3,90.87
2038,4,4,89.16
2038,4,5,86.97
2038,4,6,89.73
2038,4,7,93.24
2038,4,8,92.10
2038,4,9,91.08
2038,4,10,89.48
2038,4,11,88.03
2038,4,12,85.94
2038,4,13,83.87
2038,4,14,82.33
2038,4,15,80.76
2038,4,16,85.34
2038,4,17,89.56
2038,4,18,89.38
2038,4,19,88.05
2038,4,20,86.58
2038,4,21,84.61
2038,4,22,82.97
2038,4,23,84.30
2038,4,24,86.19
2038,4,25,83.59
2038,4,26,80.77
2038,4,27,78.89
2038,4,28,77.83
2038,4,29,77.11
2038,4,30,79.93
2038,5,1,78.69
2038,5,2,77.66
2038,5,3,79.49
2038,5,4,84.93
2038,5,5,95.20
2038,5,6,95.20
2038,5,7,92.74
2038,5,8,92.90
2038,5,9,92.14
2038,5,10,89.99
2038,5,11,88.07
2038,5,12,86.16
2038,5,13,84.20
2038,5,14,85.31
2038,5,15,95.20
2038,5,16,95.20
2038,5,17,94.39
2038,5,18,94.05
2038,5,19,93.83
2038,5,20,92.72
2038,5,21,92.03
2038,5,22,88.26
2038,5,23,82.53
2038,5,24,79.66
2038,5,25,76.35
2038,5,26,73.83
2038,5,27,71.24
2038,5,28,68.32
2038,5,29,65.24
2038,5,30,65.00
2038,5,31,62.85
2038,6,1,59.96
2038,6,2,57.15
2038,6,3,54.22
2038,6,4,66.43
2038,6,5,80.51
2038,6,6,82.44
2038,6,7,80.42
2038,6,8,77.51
2038,6,9,73.38
2038,6,10,72.24
2038,6,11,70.77
2038,6,12,67.96
2038,6,13,64.98
2038,6,14,62.79
2038,6,15,59.81
2038,6,16,56.37
2038,6,17,58.29
2038,6,18,54.81
2038,6,19,53.29
2038,6,20,50.46
2038,6,21,46.30
2038,6,22,42.65
2038,6,23,39.53
2038,6,24,36.29
2038,6,25,33.71
2038,6,26,31.99
2038,6,27,35.42
2038,6,28,32.04
2038,6,29,28.96
2038,6,30,25.15
2038,7,1,35.91
2038,7,2,32.35
2038,7,3,29.66
2038,7,4,28.04
2038,7,5,25.57
2038,7,6,22.85
2038,7,7,20.64
2038,7,8,18.02
2038,7,9,16.11
2038,7,10,13.74
2038,7,11,12.85
2038,7,12,19.61
2038,7,13,16.73
2038,7,14,14.41
2038,7,15,11.82
2038,7,16,11.01
2038,7,17,9.95
2038,7,18,8.66
2038,7,19,7.03
2038,7,20,5.61
2038,7,21,4.23
2038,7,22,3.25
2038,7,23,2.33
2038,7,24,1.64
2038,7,25,1.54
2038,7,26,8.40
2038,7,27,7.89
2038,7,28,6.47
2038,7,29,5.38
2038,7,30,4.28
2038,7,31,3.57
2038,8,1,2.87
2038,8,2,3.82
2038,8,3,11.29
2038,8,4,9.64
2038,8,5,8.25
2038,8,6,7.64
2038,8,7,8.93
2038,8,8,9.51
2038,8,9,8.28
2038,8,10,7.49
2038,8,11,6.58
2038,8,12,5.93
2038,8,13,18.62
2038,8,14,31.12
2038,8,15,31.87
2038,8,16,29.25
2038,8,17,25.72
2038,8,18,23.06
2038,8,19,20.42
2038,8,20,17.40
2038,8,21,14.74
2038,8,22,30.63
2038,8,23,28.52
2038,8,24,26.33
2038,8,25,48.11
2038,8,26,45.37
2038,8,27,42.94
2038,8,28,40.51
2038,8,29,38.20
2038,8,30,37.17
2038,8,31,49.29
2038,9,1,59.86
2038,9,2,56.49
2038,9,3,53.31
2038,9,4,50.53
2038,9,5,47.96
2038,9,6,45.81
2038,9,7,42.77
2038,9,8,41.91
2038,9,9,39.90
2038,9,10,37.67
2038,9,11,34.94
2038,9,12,31.90
2038,9,13,29.41
2038,9,14,30.40
2038,9,15,32.65
2038,9,16,30.88
2038,9,17,37.69
2038,9,18,68.46
2038,9,19,71.31
2038,9,20,69.45
2038,9,21,68.03
2038,9,22,69.07
2038,9,23,68.07
2038,9,24,66.64
2038,9,25,77.34
2038,9,26,95.20
2038,9,27,95.20
2038,9,28,93.33
2038,9,29,90.65
2038,9,30,89.42
2038,10,1,90.24
2038,10,2,90.60
2038,10,3,88.85
2038,10,4,86.33
2038,10,5,84.53
2038,10,6,83.01
2038,10,7,90.66
2038,10,8,90.37
2038,10,9,87.84
2038,10,10,84.96
2038,10,11,83.00
2038,10,12,80.67
2038,10,13,79.07
2038,10,14,77.80
2038,10,15,76.31
2038,10,16,76.10
2038,10,17,80.15
2038,10,18,78.45
2038,10,19,77.41
2038,10,20,77.60
2038,10,21,76.42
2038,10,22,74.77
2038,10,23,72.64
2038,10,24,70.42
2038,10,25,68.77
2038,10,26,67.35
2038,10,27,66.22
2038,10,28,65.01
2038,10,29,63.42
2038,10,30,61.60
2038,10,31,59.97
2038,11,1,60.72
2038,11,2,59.57
2038,11,3,58.84
2038,11,4,58.28
2038,11,5,57.81
2038,11,6,85.10
2038,11,7,86.74
2038,11,8,85.99
2038,11,9,85.23
2038,11,10,84.25
2038,11,11,95.20
2038,11,12,95.20
2038,11,13,94.43
2038,11,14,93.45
2038,11,15,92.52
2038,11,16,94.92
2038,11,17,95.20
2038,11,18,95.20
2038,11,19,94.56
2038,11,20,93.91
2038,11,21,93.23
2038,11,22,92.51
2038,11,23,91.91
2038,11,24,95.20
2038,11,25,95.20
2038,11,26,94.47
2038,11,27,93.80
2038,11,28,94.17
2038,11,29,95.20
2038,11,30,94.69
2038,12,1,94.20
2038,12,2,95.20
2038,12,3,94.57
2038,12,4,95.20
2038,12,5,95.20
2038,12,6,95.20
2038,12,7,95.20
2038,12,8,95.20
2038,12,9,94.56
2038,12,10,93.94
2038,12,11,93.31
2038,12,12,95.20
2038,12,13,95.20
2038,12,14,94.81
2038,12,15,94.28
2038,12,16,93.77
2038,12,17,93.47
2038,12,18,93.04
2038,12,19,92.70
2038,12,20,92.31
2038,12,21,91.95
2038,12,22,91.42
2038,12,23,90.95
2038,12,24,90.44
2038,12,25,89.95
2038,12,26,89.47
2038,12,27,89.03
2038,12,28,88.52
2038,12,29,88.01
2038,12,30,87.60
2038,12,31,87.20
2039,1,1,86.80
2039,1,2,86.27
2039,1,3,85.84
2039,1,4,85.53
2039,1,5,85.14
2039,1,6,85.45
2039,1,7,84.87
2039,1,8,84.25
2039,1,9,83.74
2039,1,10,95.20
2039,1,11,95.20
2039,1,12,95.20
2039,1,13,95.20
2039,1,14,94.37
2039,1,15,95.20
2039,1,16,94.62
2039,1,17,94.76
2039,1,18,94.21
2039,1,19,93.69
2039,1,20,93.08
2039,1,21,92.27
2039,1,22,91.81
2039,1,23,91.29
2039,1,24,90.94
2039,1,25,90.55
2039,1,26,90.36
2039,1,27,89.94
2039,1,28,89.50
2039,1,29,89.17
2039,1,30,88.74
2039,1,31,94.09
2039,2,1,93.57
2039,2,2,93.08
2039,2,3,92.43
2039,2,4,95.20
2039,2,5,95.20
2039,2,6,95.20
2039,2,7,95.20
2039,2,8,94.47
2039,2,9,93.98
2039,2,10,93.62
2039,2,11,93.20
2039,2,12,93.74
2039,2,13,93.20
2039,2,14,92.86
2039,2,15,92.40
2039,2,16,91.82
2039,2,17,95.20
2039,2,18,95.20
2039,2,19,95.20
2039,2,20,95.20
2039,2,21,95.03
2039,2,22,94.54
2039,2,23,94.02
2039,2,24,93.45
2039,2,25,92.81
2039,2,26,93.15
2039,2,27,92.59
2039,2,28,92.19
2039,3,1,91.59
2039,3,2,95.20
2039,3,3,94.19
2039,3,4,93.53
2039,3,5,95.20
2039,3,6,94.54
2039,3,7,94.14
2039,3,8,93.65
2039,3,9,92.96
2039,3,10,92.16
2039,3,11,92.52
2039,3,12,91.74
2039,3,13,90.99
2039,3,14,93.32
2039,3,15,95.20
2039,3,16,95.20
2039,3,17,95.20
2039,3,18,94.32
2039,3,19,93.47
2039,3,20,92.55
2039,3,21,95.20
2039,3,22,95.20
2039,3,23,95.20
2039,3,24,95.20
2039,3,25,94.74
2039,3,26,94.17
2039,3,27,93.56
2039,3,28,92.46
2039,3,29,91.56
2039,3,30,95.20
2039,3,31,95.20
2039,4,1,95.20
2039,4,2,94.74
2039,4,3,94.70
2039,4,4,94.15
2039,4,5,92.91
2039,4,6,95.20
2039,4,7,95.20
2039,4,8,95.20
2039,4,9,95.20
2039,4,10,94.04
2039,4,11,92.90
2039,4,12,93.87
2039,4,13,92.88
2039,4,14,91.38
2039,4,15,91.13
2039,4,16,90.04
2039,4,17,88.82
2039,4,18,94.04
2039,4,19,92.52
2039,4,20,91.13
2039,4,21,89.96
2039,4,22,88.78
2039,4,23,87.64
2039,4,24,86.39
2039,4,25,92.43
2039,4,26,95.20
2039,4,27,93.31
2039,4,28,95.20
2039,4,29,95.20
2039,4,30,95.20
2039,5,1,93.68
2039,5,2,91.71
2039,5,3,94.95
2039,5,4,95.20
2039,5,5,95.20
2039,5,6,95.20
2039,5,7,95.20
2039,5,8,92.80
2039,5,9,93.58
2039,5,10,91.26
2039,5,11,89.80
2039,5,12,87.46
2039,5,13,89.94
2039,5,14,87.36
2039,5,15,84.89
2039,5,16,82.03
2039,5,17,83.48
2039,5,18,88.99
2039,5,19,86.43
2039,5,20,82.35
2039,5,21,78.23
2039,5,22,76.08
2039,5,23,71.53
2039,5,24,69.86
2039,5,25,68.55
2039,5,26,64.32
2039,5,27,61.18
2039,5,28,58.47
2039,5,29,55.63
2039,5,30,62.97
2039,5,31,63.08
2039,6,1,60.60
2039,6,2,56.91
2039,6,3,53.88
2039,6,4,51.04
2039,6,5,47.69
2039,6,6,45.02
2039,6,7,83.72
2039,6,8,95.20
2039,6,9,95.20
2039,6,10,90.58
2039,6,11,89.17
2039,6,12,86.29
2039,6,13,95.20
2039,6,14,95.20
2039,6,15,92.74
2039,6,16,89.93
2039,6,17,86.62
2039,6,18,84.02
2039,6,19,95.20
2039,6,20,95.20
2039,6,21,92.33
2039,6,22,89.39
2039,6,23,85.65
2039,6,24,82.10
2039,6,25,76.66
2039,6,26,73.98
2039,6,27,69.66
2039,6,28,65.96
2039,6,29,62.97
2039,6,30,69.43
2039,7,1,66.37
2039,7,2,62.26
2039,7,3,58.13
2039,7,4,55.01
2039,7,5,60.84
2039,7,6,56.43
2039,7,7,53.18
2039,7,8,50.08
2039,7,9,64.17
2039,7,10,64.54
2039,7,11,60.51
2039,7,12,56.26
2039,7,13,52.40
2039,7,14,49.62
2039,7,15,46.12
2039,7,16,46.66
2039,7,17,45.94
2039,7,18,41.63
2039,7,19,37.51
2039,7,20,34.08
2039,7,21,30.48
2039,7,22,28.22
2039,7,23,27.95
2039,7,24,24.31
2039,7,25,26.97
2039,7,26,23.99
2039,7,27,21.12
2039,7,28,18.32
2039,7,29,15.69
2039,7,30,13.27
2039,7,31,10.95
2039,8,1,20.24
2039,8,2,31.81
2039,8,3,28.70
2039,8,4,26.14
2039,8,5,23.37
2039,8,6,20.59
2039,8,7,20.70
2039,8,8,21.73
2039,8,9,21.00
2039,8,10,19.49
2039,8,11,16.85
2039,8,12,14.25
2039,8,13,18.46
2039,8,14,19.65
2039,8,15,18.02
2039,8,16,16.51
2039,8,17,14.92
2039,8,18,13.41
2039,8,19,12.24
2039,8,20,11.95
2039,8,21,11.11
2039,8,22,9.71
2039,8,23,8.60
2039,8,24,8.38
2039,8,25,7.04
2039,8,26,5.96
2039,8,27,5.23
2039,8,28,4.50
2039,8,29,9.57
2039,8,30,28.97
2039,8,31,49.07
2039,9,1,48.62
2039,9,2,45.78
2039,9,3,56.82
2039,9,4,54.30
2039,9,5,52.03
2039,9,6,49.14
2039,9,7,46.06
2039,9,8,48.51
2039,9,9,47.37
2039,9,10,43.96
2039,9,11,40.47
2039,9,12,38.25
2039,9,13,58.68
2039,9,14,76.77
2039,9,15,73.79
2039,9,16,70.58
2039,9,17,67.36
2039,9,18,63.98
2039,9,19,61.58
2039,9,20,62.12
2039,9,21,60.79
2039,9,22,59.26
2039,9,23,58.60
2039,9,24,59.61
2039,9,25,65.74
2039,9,26,64.25
2039,9,27,89.30
2039,9,28,95.20
2039,9,29,95.20
2039,9,30,95.20
2039,10,1,95.20
2039,10,2,92.71
2039,10,3,90.50
2039,10,4,88.06
2039,10,5,86.68
2039,10,6,85.66
2039,10,7,84.38
2039,10,8,82.57
2039,10,9,88.74
2039,10,10,95.20
2039,10,11,94.07
2039,10,12,92.96
2039,10,13,95.20
2039,10,14,95.20
2039,10,15,94.41
2039,10,16,94.24
2039,10,17,93.15
2039,10,18,91.48
2039,10,19,89.39
2039,10,20,87.31
2039,10,21,85.24
2039,10,22,83.35
2039,10,23,81.51
2039,10,24,80.14
2039,10,25,81.72
2039,10,26,81.01
2039,10,27,79.59
2039,10,28,78.19
2039,10,29,76.85
2039,10,30,76.07
2039,10,31,75.48
2039,11,1,77.38
2039,11,2,93.99
2039,11,3,92.60
2039,11,4,91.58
2039,11,5,92.25
2039,11,6,91.47
2039,11,7,90.76
2039,11,8,90.53
2039,11,9,89.61
2039,11,10,88.53
2039,11,11,87.38
2039,11,12,85.99
2039,11,13,85.07
2039,11,14,84.92
2039,11,15,84.26
2039,11,16,83.42
2039,11,17,82.65
2039,11,18,94.64
2039,11,19,95.20
2039,11,20,94.80
2039,11,21,93.91
2039,11,22,95.20
2039,11,23,93.71
2039,11,24,92.66
2039,11,25,92.10
2039,11,26,91.46
2039,11,27,90.97
2039,11,28,90.39
2039,11,29,94.66
2039,11,30,93.86
2039,12,1,95.20
2039,12,2,94.95
2039,12,3,94.62
2039,12,4,94.87
2039,12,5,94.14
2039,12,6,93.57
2039,12,7,92.81
2039,12,8,95.20
2039,12,9,94.50
2039,12,10,94.08
2039,12,11,93.61
2039,12,12,93.19
2039,12,13,92.74
2039,12,14,92.19
2039,12,15,91.76
2039,12,16,95.20
2039,12,17,94.53
2039,12,18,94.01
2039,12,19,93.54
2039,12,20,93.00
2039,12,21,92.47
2039,12,22,91.93
2039,12,23,91.60
2039,12,24,91.25
2039,12,25,90.99
2039,12,26,90.65
2039,12,27,90.23
2039,12,28,89.75
2039,12,29,89.27
2039,12,30,88.83
2039,12,31,88.31
2040,1,1,87.94
2040,1,2,87.59
2040,1,3,87.15
2040,1,4,86.59
2040,1,5,95.20
2040,1,6,95.20
2040,1,7,94.70
2040,1,8,94.26
2040,1,9,93.87
2040,1,10,93.53
2040,1,11,93.09
2040,1,12,92.64
2040,1,13,92.17
2040,1,14,91.78
2040,1,15,91.36
2040,1,16,90.75
2040,1,17,90.22
2040,1,18,89.66
2040,1,19,95.20
2040,1,20,95.20
2040,1,21,95.20
2040,1,22,94.71
2040,1,23,94.41
2040,1,24,94.21
2040,1,25,94.04
2040,1,26,93.84
2040,1,27,93.61
2040,1,28,93.25
2040,1,29,93.03
2040,1,30,92.66
2040,1,31,92.10
2040,2,1,91.72
2040,2,2,91.33
2040,2,3,91.03
2040,2,4,90.86
2040,2,5,90.63
2040,2,6,90.24
2040,2,7,89.87
2040,2,8,89.44
2040,2,9,88.95
2040,2,10,88.32
2040,2,11,87.65
2040,2,12,95.20
2040,2,13,95.20
2040,2,14,95.20
2040,2,15,95.20
2040,2,16,95.20
2040,2,17,95.20
2040,2,18,95.20
2040,2,19,95.20
2040,2,20,95.20
2040,2,21,95.20
2040,2,22,94.47
2040,2,23,93.81
2040,2,24,92.94
2040,2,25,95.20
2040,2,26,94.36
2040,2,27,95.08
2040,2,28,95.20
2040,2,29,95.20
2040,3,1,94.74
2040,3,2,95.20
2040,3,3,95.20
2040,3,4,94.27
2040,3,5,93.41
2040,3,6,95.20
2040,3,7,95.20
2040,3,8,94.10
2040,3,9,93.39
2040,3,10,95.20
2040,3,11,94.48
2040,3,12,93.74
2040,3,13,95.20
2040,3,14,95.20
2040,3,15,95.20
2040,3,16,93.87
2040,3,17,92.68
2040,3,18,90.95
2040,3,19,90.01
2040,3,20,89.51
2040,3,21,90.28
2040,3,22,89.46
2040,3,23,93.75
2040,3,24,94.25
2040,3,25,94.01
2040,3,26,92.07
2040,3,27,95.20
2040,3,28,94.15
2040,3,29,95.20
2040,3,30,94.17
2040,3,31,91.91
2040,4,1,89.63
2040,4,2,87.15
2040,4,3,84.87
2040,4,4,82.63
2040,4,5,86.13
2040,4,6,95.20
2040,4,7,93.12
2040,4,8,91.17
2040,4,9,89.13
2040,4,10,87.68
2040,4,11,88.28
2040,4,12,86.36
2040,4,13,93.76
2040,4,14,95.20
2040,4,15,95.20
2040,4,16,95.20
2040,4,17,94.18
2040,4,18,95.20
2040,4,19,95.20
2040,4,20,94.34
2040,4,21,92.60
2040,4,22,90.77
2040,4,23,93.96
2040,4,24,93.52
2040,4,25,92.13
2040,4,26,91.14
2040,4,27,90.28
2040,4,28,89.17
2040,4,29,88.01
2040,4,30,85.51
2040,5,1,84.63
2040,5,2,83.12
2040,5,3,81.29
2040,5,4,78.79
2040,5,5,78.07
2040,5,6,85.77
2040,5,7,83.28
2040,5,8,80.78
2040,5,9,78.22
2040,5,10,80.90
2040,5,11,92.04
2040,5,12,89.94
2040,5,13,87.83
2040,5,14,85.60
2040,5,15,86.92
2040,5,16,87.09
2040,5,17,85.18
2040,5,18,89.09
2040,5,19,95.20
2040,5,20,95.20
2040,5,21,95.20
2040,5,22,92.77
2040,5,23,89.63
2040,5,24,84.89
2040,5,25,79.44
2040,5,26,76.70
2040,5,27,73.01
2040,5,28,69.11
2040,5,29,65.30
2040,5,30,60.78
2040,5,31,56.22
2040,6,1,53.03
2040,6,2,50.19
2040,6,3,47.38
2040,6,4,44.13
2040,6,5,40.85
2040,6,6,52.03
2040,6,7,72.69
2040,6,8,69.21
2040,6,9,65.78
2040,6,10,66.70
2040,6,11,64.24
2040,6,12,60.84
2040,6,13,64.02
2040,6,14,76.01
2040,6,15,72.20
2040,6,16,68.10
2040,6,17,67.12
2040,6,18,65.60
2040,6,19,61.29
2040,6,20,56.77
2040,6,21,52.03
2040,6,22,47.98
2040,6,23,43.76
2040,6,24,39.75
2040,6,25,35.71
2040,6,26,31.61
2040,6,27,43.32
2040,6,28,40.52
2040,6,29,37.06
2040,6,30,32.81
2040,7,1,29.03
2040,7,2,25.64
2040,7,3,23.22
2040,7,4,20.82
2040,7,5,18.70
2040,7,6,16.73
2040,7,7,14.87
2040,7,8,12.53
2040,7,9,10.08
2040,7,10,19.26
2040,7,11,17.01
2040,7,12,14.82
2040,7,13,13.05
2040,7,14,17.12
2040,7,15,15.33
2040,7,16,13.34
2040,7,17,11.59
2040,7,18,9.71
2040,7,19,8.29
2040,7,20,7.17
2040,7,21,6.17
2040,7,22,5.28
2040,7,23,5.25
2040,7,24,8.52
2040,7,25,23.25
2040,7,26,22.64
2040,7,27,22.67
2040,7,28,23.44
2040,7,29,23.40
2040,7,30,20.50
2040,7,31,26.26
2040,8,1,39.56
2040,8,2,37.21
2040,8,3,40.03
2040,8,4,41.39
2040,8,5,39.08
2040,8,6,35.97
2040,8,7,32.61
2040,8,8,29.29
2040,8,9,29.41
2040,8,10,45.89
2040,8,11,42.52
2040,8,12,39.51
2040,8,13,36.76
2040,8,14,42.00
2040,8,15,38.68
2040,8,16,35.23
2040,8,17,31.11
2040,8,18,31.27
2040,8,19,33.10
2040,8,20,30.08
2040,8,21,27.97
2040,8,22,32.43
2040,8,23,52.31
2040,8,24,50.01
2040,8,25,47.73
2040,8,26,44.72
2040,8,27,41.98
2040,8,28,39.71
2040,8,29,47.15
2040,8,30,50.66
2040,8,31,53.70
2040,9,1,55.65
2040,9,2,53.54
2040,9,3,51.13
2040,9,4,48.54
2040,9,5,49.15
2040,9,6,46.54
2040,9,7,63.83
2040,9,8,68.32
2040,9,9,65.58
2040,9,10,63.30
2040,9,11,61.11
2040,9,12,65.11
2040,9,13,63.44
2040,9,14,60.87
2040,9,15,59.50
2040,9,16,56.74
2040,9,17,58.52
2040,9,18,55.28
2040,9,19,51.53
2040,9,20,48.18
2040,9,21,46.22
2040,9,22,47.86
2040,9,23,53.99
2040,9,24,53.81
2040,9,25,51.27
2040,9,26,47.37
2040,9,27,43.58
2040,9,28,40.43
2040,9,29,41.86
2040,9,30,55.08
2040,10,1,63.86
2040,10,2,62.13
2040,10,3,60.46
2040,10,4,58.65
2040,10,5,56.72
2040,10,6,57.04
2040,10,7,57.03
2040,10,8,55.90
2040,10,9,54.71
2040,10,10,54.88
2040,10,11,52.39
2040,10,12,50.84
2040,10,13,49.86
2040,10,14,48.41
2040,10,15,46.89
2040,10,16,45.38
2040,10,17,45.17
2040,10,18,48.07
2040,10,19,48.55
2040,10,20,47.59
2040,10,21,46.22
2040,10,22,44.80
2040,10,23,43.38
2040,10,24,42.14
2040,10,25,41.24
2040,10,26,39.67
2040,10,27,38.52
2040,10,28,37.09
2040,10,29,35.79
2040,10,30,35.78
2040,10,31,35.23
2040,11,1,35.85
2040,11,2,34.11
2040,11,3,32.22
2040,11,4,31.22
2040,11,5,33.55
2040,11,6,37.79
2040,11,7,38.35
2040,11,8,37.45
2040,11,9,36.36
2040,11,10,35.93
2040,11,11,45.40
2040,11,12,51.59
2040,11,13,66.01
2040,11,14,67.70
2040,11,15,66.28
2040,11,16,66.94
2040,11,17,75.98
2040,11,18,75.26
2040,11,19,74.78
2040,11,20,88.32
2040,11,21,94.42
2040,11,22,93.94
2040,11,23,93.46
2040,11,24,92.88
2040,11,25,92.30
2040,11,26,91.74
2040,11,27,95.20
2040,11,28,95.20
2040,11,29,94.34
2040,11,30,93.62
2040,12,1,95.20
2040,12,2,94.31
2040,12,3,93.79
2040,12,4,95.20
2040,12,5,95.20
2040,12,6,94.76
2040,12,7,94.30
2040,12,8,93.76
2040,12,9,93.14
2040,12,10,95.20
2040,12,11,95.20
2040,12,12,95.20
2040,12,13,94.75
2040,12,14,94.23
2040,12,15,95.00
2040,12,16,94.45
2040,12,17,94.13
2040,12,18,93.72
2040,12,19,95.20
2040,12,20,94.75
2040,12,21,94.37
2040,12,22,93.87
2040,12,23,93.29
2040,12,24,92.95
2040,12,25,92.55
2040,12,26,92.11
2040,12,27,91.70
2040,12,28,91.20
2040,12,29,90.69
2040,12,30,90.21
2040,12,31,95.20
2041,1,1,94.75
2041,1,2,94.37
2041,1,3,93.97
2041,1,4,93.61
2041,1,5,93.10
2041,1,6,92.66
2041,1,7,92.30
2041,1,8,91.86
2041,1,9,91.46
2041,1,10,91.21
2041,1,11,90.90
2041,1,12,90.55
2041,1,13,90.09
2041,1,14,89.57
2041,1,15,94.40
2041,1,16,95.20
2041,1,17,95.20
2041,1,18,94.88
2041,1,19,94.67
2041,1,20,94.25
2041,1,21,93.95
2041,1,22,93.77
2041,1,23,93.55
2041,1,24,93.32
2041,1,25,92.81
2041,1,26,95.20
2041,1,27,94.84
2041,1,28,94.49
2041,1,29,93.94
2041,1,30,95.20
2041,1,31,95.20
2041,2,1,95.20
2041,2,2,95.20
2041,2,3,94.66
2041,2,4,94.09
2041,2,5,93.57
2041,2,6,93.01
2041,2,7,92.37
2041,2,8,94.41
2041,2,9,94.08
2041,2,10,93.53
2041,2,11,93.48
2041,2,12,93.07
2041,2,13,92.57
2041,2,14,92.00
2041,2,15,91.49
2041,2,16,91.08
2041,2,17,90.55
2041,2,18,89.94
2041,2,19,89.35
2041,2,20,90.63
2041,2,21,95.20
2041,2,22,95.20
2041,2,23,94.27
2041,2,24,93.75
2041,2,25,93.12
2041,2,26,92.47
2041,2,27,91.85
2041,2,28,95.20
2041,3,1,95.20
2041,3,2,95.20
2041,3,3,95.20
2041,3,4,94.57
2041,3,5,93.93
2041,3,6,95.20
2041,3,7,95.20
2041,3,8,95.20
2041,3,9,95.20
2041,3,10,94.47
2041,3,11,95.20
2041,3,12,95.20
2041,3,13,94.48
2041,3,14,93.83
2041,3,15,93.23
2041,3,16,92.73
2041,3,17,92.16
2041,3,18,91.42
2041,3,19,90.83
2041,3,20,90.71
2041,3,21,89.89
2041,3,22,89.14
2041,3,23,88.39
2041,3,24,93.20
2041,3,25,95.20
2041,3,26,95.20
2041,3,27,95.20
2041,3,28,95.20
2041,3,29,95.20
2041,3,30,94.45
2041,3,31,93.68
2041,4,1,92.79
2041,4,2,95.20
2041,4,3,95.20
2041,4,4,95.20
2041,4,5,94.01
2041,4,6,93.49
2041,4,7,92.76
2041,4,8,95.20
2041,4,9,95.20
2041,4,10,95.20
2041,4,11,95.20
2041,4,12,93.68
2041,4,13,95.20
2041,4,14,95.20
2041,4,15,93.32
2041,4,16,91.78
2041,4,17,90.59
2041,4,18,90.06
2041,4,19,89.39
2041,4,20,88.89
2041,4,21,88.17
2041,4,22,87.34
2041,4,23,86.84
2041,4,24,84.94
2041,4,25,82.29
2041,4,26,81.77
2041,4,27,91.84
2041,4,28,90.29
2041,4,29,88.72
2041,4,30,91.45
2041,5,1,95.20
2041,5,2,92.53
2041,5,3,89.97
2041,5,4,87.32
2041,5,5,88.91
2041,5,6,86.61
2041,5,7,84.52
2041,5,8,81.79
2041,5,9,78.58
2041,5,10,81.13
2041,5,11,78.27
2041,5,12,78.83
2041,5,13,77.04
2041,5,14,74.96
2041,5,15,71.73
2041,5,16,68.16
2041,5,17,64.48
2041,5,18,66.34
2041,5,19,64.03
2041,5,20,62.54
2041,5,21,61.49
2041,5,22,58.71
2041,5,23,60.06
2041,5,24,58.23
2041,5,25,55.39
2041,5,26,55.80
2041,5,27,57.10
2041,5,28,54.57
2041,5,29,52.29
2041,5,30,50.77
2041,5,31,46.22
2041,6,1,41.14
2041,6,2,39.74
2041,6,3,36.85
2041,6,4,34.67
2041,6,5,32.69
2041,6,6,30.18
2041,6,7,28.10
2041,6,8,25.85
2041,6,9,24.49
2041,6,10,58.81
2041,6,11,95.20
2041,6,12,95.20
2041,6,13,95.20
2041,6,14,95.20
2041,6,15,90.57
2041,6,16,86.17
2041,6,17,81.23
2041,6,18,80.31
2041,6,19,78.40
2041,6,20,75.47
2041,6,21,72.22
2041,6,22,70.87
2041,6,23,65.90
2041,6,24,61.14
2041,6,25,57.39
2041,6,26,54.30
2041,6,27,51.38
2041,6,28,48.41
2041,6,29,45.13
2041,6,30,41.15
2041,7,1,37.56
2041,7,2,32.96
2041,7,3,27.57
2041,7,4,26.48
2041,7,5,26.47
2041,7,6,28.59
2041,7,7,25.56
2041,7,8,22.31
2041,7,9,19.24
2041,7,10,15.95
2041,7,11,13.33
2041,7,12,15.27
2041,7,13,12.44
2041,7,14,9.86
2041,7,15,9.28
2041,7,16,10.62
2041,7,17,8.61
2041,7,18,6.90
2041,7,19,5.41
2041,7,20,4.59
2041,7,21,3.92
2041,7,22,3.77
2041,7,23,3.46
2041,7,24,3.40
2041,7,25,7.10
2041,7,26,6.50
2041,7,27,5.33
2041,7,28,4.80
2041,7,29,4.68
2041,7,30,4.10
2041,7,31,3.30
2041,8,1,2.59
2041,8,2,2.19
2041,8,3,3.14
2041,8,4,2.65
2041,8,5,2.14
2041,8,6,1.73
2041,8,7,1.38
2041,8,8,1.19
2041,8,9,0.95
2041,8,10,0.75
2041,8,11,0.62
2041,8,12,0.51
2041,8,13,0.39
2041,8,14,0.31
2041,8,15,0.24
2041,8,16,0.18
2041,8,17,0.15
2041,8,18,0.13
2041,8,19,0.11
2041,8,20,0.09
2041,8,21,0.08
2041,8,22,0.06
2041,8,23,0.05
2041,8,24,0.04
2041,8,25,0.03
2041,8,26,0.03
2041,8,27,0.02
2041,8,28,0.02
2041,8,29,8.56
2041,8,30,7.44
2041,8,31,6.64
2041,9,1,5.88
2041,9,2,5.03
2041,9,3,4.06
2041,9,4,7.74
2041,9,5,6.35
2041,9,6,5.32
2041,9,7,4.73
2041,9,8,4.11
2041,9,9,3.72
2041,9,10,3.26
2041,9,11,2.86
2041,9,12,8.17
2041,9,13,7.28
2041,9,14,7.10
2041,9,15,6.98
2041,9,16,6.15
2041,9,17,5.37
2041,9,18,4.65
2041,9,19,5.10
2041,9,20,8.56
2041,9,21,10.67
2041,9,22,9.69
2041,9,23,9.78
2041,9,24,10.91
2041,9,25,10.24
2041,9,26,9.77
2041,9,27,9.22
2041,9,28,8.51
2041,9,29,7.70
2041,9,30,6.75
2041,10,1,6.47
2041,10,2,6.11
2041,10,3,14.68
2041,10,4,31.70
2041,10,5,30.48
2041,10,6,29.21
2041,10,7,28.40
2041,10,8,26.64
2041,10,9,26.04
2041,10,10,37.20
2041,10,11,62.96
2041,10,12,61.52
2041,10,13,60.18
2041,10,14,58.51
2041,10,15,57.04
2041,10,16,55.08
2041,10,17,52.85
2041,10,18,51.42
2041,10,19,49.94
2041,10,20,48.72
2041,10,21,47.18
2041,10,22,46.12
2041,10,23,44.21
2041,10,24,41.86
2041,10,25,40.15
2041,10,26,38.44
2041,10,27,36.84
2041,10,28,38.25
2041,10,29,52.42
2041,10,30,77.47
2041,10,31,76.58
2041,11,1,77.84
2041,11,2,79.61
2041,11,3,81.57
2041,11,4,80.74
2041,11,5,80.71
2041,11,6,95.20
2041,11,7,94.29
2041,11,8,93.26
2041,11,9,92.67
2041,11,10,95.20
2041,11,11,94.09
2041,11,12,93.30
2041,11,13,92.46
2041,11,14,91.52
2041,11,15,91.43
2041,11,16,91.25
2041,11,17,89.88
2041,11,18,88.90
2041,11,19,88.25
2041,11,20,95.20
2041,11,21,94.74
2041,11,22,94.10
2041,11,23,95.20
2041,11,24,95.20
2041,11,25,95.20
2041,11,26,95.20
2041,11,27,95.20
2041,11,28,95.20
2041,11,29,94.17
2041,11,30,93.34
2041,12,1,95.20
2041,12,2,95.20
2041,12,3,94.57
2041,12,4,93.70
2041,12,5,93.11
2041,12,6,92.63
2041,12,7,95.08
2041,12,8,95.20
2041,12,9,94.64
2041,12,10,94.10
2041,12,11,95.20
2041,12,12,95.20
2041,12,13,94.66
2041,12,14,94.13
2041,12,15,93.55
2041,12,16,95.20
2041,12,17,95.20
2041,12,18,94.77
2041,12,19,94.34
2041,12,20,93.82
2041,12,21,93.35
2041,12,22,92.80
2041,12,23,92.45
2041,12,24,92.05
2041,12,25,91.61
2041,12,26,91.16
2041,12,27,90.66
2041,12,28,90.20
2041,12,29,89.59
2041,12,30,89.15
2041,12,31,88.55
2042,1,1,88.19
2042,1,2,87.84
2042,1,3,87.46
2042,1,4,86.99
2042,1,5,95.14
2042,1,6,94.53
2042,1,7,95.20
2042,1,8,95.20
2042,1,9,94.77
2042,1,10,94.38
2042,1,11,94.11
2042,1,12,93.62
2042,1,13,93.15
2042,1,14,92.58
2042,1,15,92.09
2042,1,16,91.76
2042,1,17,91.34
2042,1,18,90.93
2042,1,19,90.50
2042,1,20,89.93
2042,1,21,95.20
2042,1,22,95.20
2042,1,23,94.64
2042,1,24,94.87
2042,1,25,94.45
2042,1,26,94.09
2042,1,27,93.69
2042,1,28,93.27
2042,1,29,92.75
2042,1,30,92.21
2042,1,31,91.60
2042,2,1,90.99
2042,2,2,90.57
2042,2,3,90.13
2042,2,4,89.54
2042,2,5,89.07
2042,2,6,88.51
2042,2,7,95.20
2042,2,8,94.18
2042,2,9,93.48
2042,2,10,93.02
2042,2,11,92.48
2042,2,12,92.03
2042,2,13,91.64
2042,2,14,91.98
2042,2,15,95.20
2042,2,16,94.67
2042,2,17,94.20
2042,2,18,93.62
2042,2,19,95.20
2042,2,20,95.20
2042,2,21,93.12
2042,2,22,95.20
2042,2,23,95.20
2042,2,24,95.20
2042,2,25,95.20
2042,2,26,93.93
2042,2,27,93.01
2042,2,28,94.48
2042,3,1,94.80
2042,3,2,93.83
2042,3,3,94.13
2042,3,4,92.62
2042,3,5,95.20
2042,3,6,94.63
2042,3,7,93.86
2042,3,8,93.10
2042,3,9,92.33
2042,3,10,95.20
2042,3,11,95.20
2042,3,12,95.20
2042,3,13,94.67
2042,3,14,94.26
2042,3,15,93.73
2042,3,16,93.07
2042,3,17,92.22
2042,3,18,95.20
2042,3,19,95.20
2042,3,20,94.83
2042,3,21,95.20
2042,3,22,94.01
2042,3,23,92.96
2042,3,24,91.92
2042,3,25,92.57
2042,3,26,91.99
2042,3,27,95.20
2042,3,28,94.00
2042,3,29,93.00
2042,3,30,91.72
2042,3,31,90.34
2042,4,1,89.02
2042,4,2,87.77
2042,4,3,86.35
2042,4,4,84.86
2042,4,5,88.64
2042,4,6,86.99
2042,4,7,85.70
2042,4,8,95.20
2042,4,9,95.20
2042,4,10,95.20
2042,4,11,94.13
2042,4,12,92.50
2042,4,13,92.81
2042,4,14,91.19
2042,4,15,89.69
2042,4,16,87.26
2042,4,17,84.74
2042,4,18,82.10
2042,4,19,80.28
2042,4,20,84.61
2042,4,21,95.20
2042,4,22,95.20
2042,4,23,93.79
2042,4,24,93.33
2042,4,25,92.06
2042,4,26,90.17
2042,4,27,88.95
2042,4,28,87.31
2042,4,29,85.05
2042,4,30,83.00
2042,5,1,81.69
2042,5,2,78.99
2042,5,3,76.95
2042,5,4,74.46
2042,5,5,71.83
2042,5,6,69.49
2042,5,7,65.74
2042,5,8,62.06
2042,5,9,59.31
2042,5,10,57.47
2042,5,11,55.65
2042,5,12,53.73
2042,5,13,52.36
2042,5,14,51.09
2042,5,15,52.18
2042,5,16,52.45
2042,5,17,50.00
2042,5,18,54.95
2042,5,19,60.36
2042,5,20,58.22
2042,5,21,56.47
2042,5,22,55.62
2042,5,23,55.62
2042,5,24,53.04
2042,5,25,50.20
2042,5,26,49.80
2042,5,27,46.65
2042,5,28,44.51
2042,5,29,42.55
2042,5,30,42.10
2042,5,31,44.64
2042,6,1,42.23
2042,6,2,39.68
2042,6,3,37.36
2042,6,4,37.99
2042,6,5,35.09
2042,6,6,32.17
2042,6,7,42.81
2042,6,8,68.49
2042,6,9,73.39
2042,6,10,70.08
2042,6,11,67.24
2042,6,12,64.20
2042,6,13,60.95
2042,6,14,56.86
2042,6,15,53.78
2042,6,16,50.16
2042,6,17,46.78
2042,6,18,43.52
2042,6,19,40.18
2042,6,20,40.10
2042,6,21,46.50
2042,6,22,49.21
2042,6,23,44.66
2042,6,24,41.34
2042,6,25,37.31
2042,6,26,32.92
2042,6,27,28.77
2042,6,28,31.77
2042,6,29,27.29
2042,6,30,23.90
2042,7,1,36.71
2042,7,2,33.63
2042,7,3,30.47
2042,7,4,27.91
2042,7,5,25.44
2042,7,6,22.73
2042,7,7,21.64
2042,7,8,30.70
2042,7,9,36.25
2042,7,10,31.98
2042,7,11,30.33
2042,7,12,27.98
2042,7,13,24.17
2042,7,14,20.24
2042,7,15,16.50
2042,7,16,13.98
2042,7,17,11.62
2042,7,18,9.69
2042,7,19,9.61
2042,7,20,8.66
2042,7,21,8.63
2042,7,22,8.54
2042,7,23,15.10
2042,7,24,12.78
2042,7,25,10.76
2042,7,26,8.41
2042,7,27,6.83
2042,7,28,6.58
2042,7,29,4.94
2042,7,30,3.71
2042,7,31,3.22
2042,8,1,2.64
2042,8,2,2.16
2042,8,3,1.82
2042,8,4,1.44
2042,8,5,1.18
2042,8,6,0.94
2042,8,7,0.72
2042,8,8,2.52
2042,8,9,2.98
2042,8,10,11.02
2042,8,11,13.75
2042,8,12,12.48
2042,8,13,10.89
2042,8,14,11.24
2042,8,15,9.34
2042,8,16,7.73
2042,8,17,7.45
2042,8,18,6.34
2042,8,19,5.07
2042,8,20,4.29
2042,8,21,3.49
2042,8,22,5.27
2042,8,23,4.62
2042,8,24,3.71
2042,8,25,3.01
2042,8,26,2.44
2042,8,27,1.99
2042,8,28,1.62
2042,8,29,1.44
2042,8,30,1.31
2042,8,31,1.16
2042,9,1,1.00
2042,9,2,0.88
2042,9,3,0.75
2042,9,4,0.67
2042,9,5,0.56
2042,9,6,0.47
2042,9,7,1.98
2042,9,8,1.69
2042,9,9,1.45
2042,9,10,1.27
2042,9,11,1.11
2042,9,12,0.98
2042,9,13,0.94
2042,9,14,0.82
2042,9,15,0.72
2042,9,16,19.78
2042,9,17,47.91
2042,9,18,53.77
2042,9,19,54.13
2042,9,20,51.58
2042,9,21,49.24
2042,9,22,47.66
2042,9,23,46.29
2042,9,24,44.63
2042,9,25,42.21
2042,9,26,40.45
2042,9,27,38.95
2042,9,28,36.96
2042,9,29,34.95
2042,9,30,33.22
2042,10,1,32.05
2042,10,2,31.23
2042,10,3,34.01
2042,10,4,33.07
2042,10,5,32.25
2042,10,6,31.28
2042,10,7,29.96
2042,10,8,28.75
2042,10,9,27.23
2042,10,10,26.40
2042,10,11,25.09
2042,10,12,24.24
2042,10,13,28.59
2042,10,14,27.44
2042,10,15,33.39
2042,10,16,53.98
2042,10,17,52.44
2042,10,18,51.16
2042,10,19,53.71
2042,10,20,68.71
2042,10,21,67.73
2042,10,22,66.50
2042,10,23,65.40
2042,10,24,64.99
2042,10,25,63.15
2042,10,26,61.50
2042,10,27,60.43
2042,10,28,62.54
2042,10,29,77.39
2042,10,30,95.20
2042,10,31,95.20
2042,11,1,94.10
2042,11,2,92.90
2042,11,3,91.84
2042,11,4,95.20
2042,11,5,93.69
2042,11,6,92.59
2042,11,7,91.10
2042,11,8,89.23
2042,11,9,87.84
2042,11,10,87.04
2042,11,11,95.20
2042,11,12,95.20
2042,11,13,95.20
2042,11,14,94.84
2042,11,15,93.97
2042,11,16,93.23
2042,11,17,92.30
2042,11,18,95.20
2042,11,19,94.94
2042,11,20,95.20
2042,11,21,94.86
2042,11,22,94.26
2042,11,23,95.20
2042,11,24,95.20
2042,11,25,94.70
2042,11,26,94.17
2042,11,27,93.71
2042,11,28,93.24
2042,11,29,92.74
2042,11,30,92.30
2042,12,1,95.20
2042,12,2,94.65
2042,12,3,94.17
2042,12,4,93.71
2042,12,5,93.06
2042,12,6,95.20
2042,12,7,95.20
2042,12,8,95.20
2042,12,9,95.20
2042,12,10,95.20
2042,12,11,94.69
2042,12,12,95.20
2042,12,13,95.20
2042,12,14,94.71
2042,12,15,94.25
2042,12,16,93.81
2042,12,17,93.29
2042,12,18,92.77
2042,12,19,92.38
2042,12,20,91.96
2042,12,21,91.40
2042,12,22,95.20
2042,12,23,95.20
2042,12,24,95.20
2042,12,25,94.67
2042,12,26,94.22
2042,12,27,93.70
2042,12,28,93.13
2042,12,29,92.58
2042,12,30,92.12
2042,12,31,91.85
2043,1,1,91.60
2043,1,2,91.36
2043,1,3,90.95
2043,1,4,90.48
2043,1,5,94.99
2043,1,6,94.33
2043,1,7,93.72
2043,1,8,93.23
2043,1,9,92.77
2043,1,10,95.20
2043,1,11,95.20
2043,1,12,94.67
2043,1,13,94.03
2043,1,14,93.41
2043,1,15,92.79
2043,1,16,92.32
2043,1,17,95.20
2043,1,18,95.19
2043,1,19,94.74
2043,1,20,94.33
2043,1,21,93.92
2043,1,22,93.54
2043,1,23,93.07
2043,1,24,92.53
2043,1,25,95.20
2043,1,26,94.66
2043,1,27,94.22
2043,1,28,93.91
2043,1,29,93.34
2043,1,30,95.20
2043,1,31,94.82
2043,2,1,94.43
2043,2,2,94.01
2043,2,3,93.40
2043,2,4,95.20
2043,2,5,95.20
2043,2,6,95.20
2043,2,7,94.44
2043,2,8,93.65
2043,2,9,93.17
2043,2,10,93.84
2043,2,11,95.20
2043,2,12,95.20
2043,2,13,94.64
2043,2,14,94.12
2043,2,15,94.22
2043,2,16,94.35
2043,2,17,93.65
2043,2,18,93.08
2043,2,19,92.62
2043,2,20,92.05
2043,2,21,95.20
2043,2,22,95.20
2043,2,23,94.85
2043,2,24,94.18
2043,2,25,93.52
2043,2,26,92.79
2043,2,27,91.84
2043,2,28,90.98
2043,3,1,90.42
2043,3,2,89.83
2043,3,3,89.48
2043,3,4,92.10
2043,3,5,95.20
2043,3,6,95.20
2043,3,7,95.20
2043,3,8,94.28
2043,3,9,93.52
2043,3,10,92.95
2043,3,11,92.32
2043,3,12,95.20
2043,3,13,94.35
2043,3,14,93.35
2043,3,15,95.20
2043,3,16,94.02
2043,3,17,95.20
2043,3,18,95.20
2043,3,19,95.20
2043,3,20,95.20
2043,3,21,94.39
2043,3,22,93.69
2043,3,23,95.20
2043,3,24,94.32
2043,3,25,93.59
2043,3,26,91.43
2043,3,27,90.29
2043,3,28,89.09
2043,3,29,87.85
2043,3,30,86.70
2043,3,31,88.12
2043,4,1,90.87
2043,4,2,92.23
2043,4,3,95.20
2043,4,4,93.48
2043,4,5,94.38
2043,4,6,95.20
2043,4,7,95.20
2043,4,8,94.15
2043,4,9,95.20
2043,4,10,94.04
2043,4,11,95.20
2043,4,12,94.13
2043,4,13,94.20
2043,4,14,93.09
2043,4,15,91.83
2043,4,16,90.39
2043,4,17,88.20
2043,4,18,84.79
2043,4,19,81.92
2043,4,20,79.80
2043,4,21,80.20
2043,4,22,84.65
2043,4,23,89.89
2043,4,24,88.00
2043,4,25,86.21
2043,4,26,83.82
2043,4,27,80.63
2043,4,28,88.37
2043,4,29,95.20
2043,4,30,95.20
2043,5,1,93.77
2043,5,2,92.23
2043,5,3,90.54
2043,5,4,88.85
2043,5,5,87.04
2043,5,6,84.95
2043,5,7,91.69
2043,5,8,95.20
2043,5,9,95.20
2043,5,10,93.39
2043,5,11,93.96
2043,5,12,91.75
2043,5,13,89.81
2043,5,14,87.89
2043,5,15,87.42
2043,5,16,86.50
2043,5,17,84.47
2043,5,18,82.53
2043,5,19,80.29
2043,5,20,78.18
2043,5,21,81.05
2043,5,22,82.13
2043,5,23,86.30
2043,5,24,95.20
2043,5,25,91.38
2043,5,26,89.40
2043,5,27,87.93
2043,5,28,90.83
2043,5,29,95.20
2043,5,30,95.20
2043,5,31,94.30
2043,6,1,92.09
2043,6,2,90.01
2043,6,3,88.14
2043,6,4,85.16
2043,6,5,80.71
2043,6,6,75.17
2043,6,7,70.95
2043,6,8,67.26
2043,6,9,63.78
2043,6,10,60.29
2043,6,11,61.85
2043,6,12,63.33
2043,6,13,80.66
2043,6,14,88.37
2043,6,15,88.90
2043,6,16,95.20
2043,6,17,95.20
2043,6,18,95.20
2043,6,19,94.55
2043,6,20,92.99
2043,6,21,90.38
2043,6,22,87.52
2043,6,23,85.08
2043,6,24,80.95
2043,6,25,75.59
2043,6,26,90.63
2043,6,27,95.20
2043,6,28,95.20
2043,6,29,95.20
2043,6,30,95.20
2043,7,1,94.27
2043,7,2,95.20
2043,7,3,95.20
2043,7,4,93.79
2043,7,5,89.13
2043,7,6,84.61
2043,7,7,80.80
2043,7,8,87.74
2043,7,9,89.56
2043,7,10,85.18
2043,7,11,81.49
2043,7,12,77.68
2043,7,13,84.04
2043,7,14,80.59
2043,7,15,76.89
2043,7,16,72.90
2043,7,17,74.94
2043,7,18,71.51
2043,7,19,66.16
2043,7,20,65.39
2043,7,21,63.29
2043,7,22,62.80
2043,7,23,58.86
2043,7,24,55.53
2043,7,25,61.48
2043,7,26,59.75
2043,7,27,59.12
2043,7,28,58.00
2043,7,29,55.93
2043,7,30,53.20
2043,7,31,48.76
2043,8,1,44.34
2043,8,2,46.63
2043,8,3,53.91
2043,8,4,51.98
2043,8,5,51.84
2043,8,6,57.20
2043,8,7,73.83
2043,8,8,79.21
2043,8,9,76.66
2043,8,10,72.76
2043,8,11,69.28
2043,8,12,65.92
2043,8,13,68.26
2043,8,14,67.19
2043,8,15,63.47
2043,8,16,59.99
2043,8,17,56.41
2043,8,18,53.25
2043,8,19,49.67
2043,8,20,45.35
2043,8,21,41.56
2043,8,22,38.90
2043,8,23,35.11
2043,8,24,32.73
2043,8,25,33.92
2043,8,26,30.93
2043,8,27,28.08
2043,8,28,25.33
2043,8,29,23.35
2043,8,30,21.38
2043,8,31,19.67
2043,9,1,20.05
2043,9,2,23.89
2043,9,3,21.69
2043,9,4,19.14
2043,9,5,16.57
2043,9,6,13.65
2043,9,7,11.04
2043,9,8,9.19
2043,9,9,8.20
2043,9,10,7.13
2043,9,11,6.39
2043,9,12,5.64
2043,9,13,4.92
2043,9,14,6.32
2043,9,15,15.62
2043,9,16,36.72
2043,9,17,71.84
2043,9,18,69.82
2043,9,19,68.23
2043,9,20,66.56
2043,9,21,64.36
2043,9,22,64.09
2043,9,23,62.39
2043,9,24,60.92
2043,9,25,64.33
2043,9,26,79.82
2043,9,27,78.17
2043,9,28,76.74
2043,9,29,74.73
2043,9,30,72.29
2043,10,1,72.21
2043,10,2,70.29
2043,10,3,68.45
2043,10,4,66.81
2043,10,5,66.68
2043,10,6,65.63
2043,10,7,65.18
2043,10,8,65.73
2043,10,9,64.46
2043,10,10,64.15
2043,10,11,64.13
2043,10,12,76.73
2043,10,13,75.81
2043,10,14,74.96
2043,10,15,73.99
2043,10,16,73.00
2043,10,17,94.80
2043,10,18,95.20
2043,10,19,94.01
2043,10,20,92.95
2043,10,21,91.94
2043,10,22,90.19
2043,10,23,89.02
2043,10,24,87.94
2043,10,25,86.80
2043,10,26,85.41
2043,10,27,84.24
2043,10,28,82.30
2043,10,29,79.93
2043,10,30,81.63
2043,10,31,80.06
2043,11,1,78.68
2043,11,2,77.48
2043,11,3,95.20
2043,11,4,94.07
2043,11,5,93.02
2043,11,6,92.17
2043,11,7,91.26
2043,11,8,89.80
2043,11,9,88.24
2043,11,10,95.20
2043,11,11,95.20
2043,11,12,93.99
2043,11,13,93.47
2043,11,14,92.24
2043,11,15,90.84
2043,11,16,89.35
2043,11,17,88.31
2043,11,18,87.25
2043,11,19,91.30
2043,11,20,95.20
2043,11,21,95.20
2043,11,22,95.20
2043,11,23,95.17
2043,11,24,94.56
2043,11,25,93.94
2043,11,26,93.32
2043,11,27,92.66
2043,11,28,92.04
2043,11,29,93.52
2043,11,30,92.92
2043,12,1,92.21
2043,12,2,91.51
2043,12,3,90.71
2043,12,4,89.87
2043,12,5,89.15
2043,12,6,88.59
2043,12,7,88.02
2043,12,8,87.42
2043,12,9,86.86
2043,12,10,95.20
2043,12,11,94.69
2043,12,12,94.29
2043,12,13,93.72
2043,12,14,93.22
2043,12,15,92.69
2043,12,16,92.33
2043,12,17,92.06
2043,12,18,91.68
2043,12,19,91.25
2043,12,20,90.87
2043,12,21,90.37
2043,12,22,95.20
2043,12,23,94.55
2043,12,24,94.12
2043,12,25,93.73
2043,12,26,93.30
2043,12,27,92.85
2043,12,28,95.20
2043,12,29,95.20
2043,12,30,94.66
2043,12,31,95.20
2044,1,1,95.20
2044,1,2,94.79
2044,1,3,94.46
2044,1,4,93.91
2044,1,5,93.38
2044,1,6,93.02
2044,1,7,92.54
2044,1,8,92.15
2044,1,9,91.72
2044,1,10,91.45
2044,1,11,91.18
2044,1,12,90.90
2044,1,13,90.54
2044,1,14,90.00
2044,1,15,89.64
2044,1,16,89.37
2044,1,17,89.04
2044,1,18,88.58
2044,1,19,88.24
2044,1,20,87.80
2044,1,21,87.40
2044,1,22,95.20
2044,1,23,94.60
2044,1,24,94.28
2044,1,25,94.05
2044,1,26,93.76
2044,1,27,93.39
2044,1,28,93.09
2044,1,29,92.81
2044,1,30,92.50
2044,1,31,92.16
2044,2,1,91.76
2044,2,2,91.14
2044,2,3,90.63
2044,2,4,92.94
2044,2,5,92.34
2044,2,6,95.20
2044,2,7,94.64
2044,2,8,94.21
2044,2,9,93.67
2044,2,10,95.20
2044,2,11,95.20
2044,2,12,95.20
2044,2,13,95.20
2044,2,14,95.20
2044,2,15,95.20
2044,2,16,95.20
2044,2,17,95.20
2044,2,18,94.40
2044,2,19,93.60
2044,2,20,92.97
2044,2,21,92.38
2044,2,22,91.65
2044,2,23,93.46
2044,2,24,92.68
2044,2,25,92.17
2044,2,26,91.56
2044,2,27,91.05
2044,2,28,90.50
2044,2,29,89.84
2044,3,1,95.20
2044,3,2,94.66
2044,3,3,94.30
2044,3,4,93.93
2044,3,5,93.40
2044,3,6,92.86
2044,3,7,92.27
2044,3,8,91.60
2044,3,9,95.20
2044,3,10,95.20
2044,3,11,95.20
2044,3,12,94.97
2044,3,13,95.20
2044,3,14,95.20
2044,3,15,95.20
2044,3,16,95.20
2044,3,17,93.75
2044,3,18,92.35
2044,3,19,95.20
2044,3,20,95.20
2044,3,21,95.20
2044,3,22,95.20
2044,3,23,93.80
2044,3,24,95.20
2044,3,25,95.20
2044,3,26,95.20
2044,3,27,94.22
2044,3,28,93.25
2044,3,29,92.21
2044,3,30,91.11
2044,3,31,89.80
2044,4,1,90.60
2044,4,2,95.20
2044,4,3,95.20
2044,4,4,95.20
2044,4,5,93.78
2044,4,6,93.84
2044,4,7,95.20
2044,4,8,95.20
2044,4,9,95.00
2044,4,10,95.20
2044,4,11,94.98
2044,4,12,93.72
2044,4,13,92.52
2044,4,14,91.23
2044,4,15,91.38
2044,4,16,89.92
2044,4,17,88.26
2044,4,18,88.89
2044,4,19,87.43
2044,4,20,86.42
2044,4,21,94.24
2044,4,22,95.20
2044,4,23,92.71
2044,4,24,90.63
2044,4,25,89.18
2044,4,26,88.48
2044,4,27,95.04
2044,4,28,95.20
2044,4,29,94.29
2044,4,30,91.54
2044,5,1,89.74
2044,5,2,93.28
2044,5,3,95.20
2044,5,4,92.94
2044,5,5,93.19
2044,5,6,91.48
2044,5,7,89.84
2044,5,8,87.82
2044,5,9,90.53
2044,5,10,87.88
2044,5,11,92.01
2044,5,12,95.20
2044,5,13,93.42
2044,5,14,91.46
2044,5,15,89.44
2044,5,16,86.60
2044,5,17,83.16
2044,5,18,79.97
2044,5,19,76.81
2044,5,20,73.11
2044,5,21,69.37
2044,5,22,67.15
2044,5,23,65.76
2044,5,24,65.00
2044,5,25,66.30
2044,5,26,64.50
2044,5,27,61.95
2044,5,28,60.76
2044,5,29,61.44
2044,5,30,60.01
2044,5,31,57.24
2044,6,1,54.27
2044,6,2,51.31
2044,6,3,48.10
2044,6,4,48.89
2044,6,5,49.19
2044,6,6,52.07
2044,6,7,73.25
2044,6,8,75.95
2044,6,9,74.54
2044,6,10,71.02
2044,6,11,68.40
2044,6,12,65.02
2044,6,13,61.38
2044,6,14,57.45
2044,6,15,54.21
2044,6,16,50.51
2044,6,17,51.55
2044,6,18,62.94
2044,6,19,64.50
2044,6,20,62.16
2044,6,21,63.41
2044,6,22,60.41
2044,6,23,58.89
2044,6,24,70.01
2044,6,25,67.06
2044,6,26,64.12
2044,6,27,61.38
2044,6,28,71.05
2044,6,29,94.64
2044,6,30,89.83
2044,7,1,85.54
2044,7,2,83.80
2044,7,3,80.13
2044,7,4,88.86
2044,7,5,95.20
2044,7,6,90.95
2044,7,7,86.15
2044,7,8,82.49
2044,7,9,77.69
2044,7,10,73.04
2044,7,11,68.45
2044,7,12,64.64
2044,7,13,62.31
2044,7,14,59.02
2044,7,15,54.43
2044,7,16,50.09
2044,7,17,45.93
2044,7,18,42.38
2044,7,19,39.08
2044,7,20,35.23
2044,7,21,31.59
2044,7,22,28.39
2044,7,23,25.55
2044,7,24,22.01
2044,7,25,22.17
2044,7,26,19.21
2044,7,27,18.55
2044,7,28,27.68
2044,7,29,24.38
2044,7,30,21.23
2044,7,31,18.20
2044,8,1,15.40
2044,8,2,12.80
2044,8,3,17.22
2044,8,4,38.30
2044,8,5,56.25
2044,8,6,53.10
2044,8,7,50.76
2044,8,8,46.98
2044,8,9,51.42
2044,8,10,80.74
2044,8,11,90.43
2044,8,12,86.33
2044,8,13,82.78
2044,8,14,79.60
2044,8,15,76.47
2044,8,16,75.68
2044,8,17,91.12
2044,8,18,95.20
2044,8,19,95.20
2044,8,20,95.20
2044,8,21,91.32
2044,8,22,86.59
2044,8,23,82.55
2044,8,24,80.27
2044,8,25,78.13
2044,8,26,80.52
2044,8,27,83.67
2044,8,28,81.09
2044,8,29,78.29
2044,8,30,83.05
2044,8,31,95.20
2044,9,1,91.34
2044,9,2,88.31
2044,9,3,88.53
2044,9,4,88.83
2044,9,5,86.02
2044,9,6,84.50
2044,9,7,83.58
2044,9,8,81.64
2044,9,9,79.79
2044,9,10,78.85
2044,9,11,77.08
2044,9,12,75.41
2044,9,13,73.57
2044,9,14,71.61
2044,9,15,69.55
2044,9,16,86.09
2044,9,17,83.21
2044,9,18,80.88
2044,9,19,78.16
2044,9,20,78.92
2044,9,21,78.78
2044,9,22,77.17
2044,9,23,74.20
2044,9,24,71.38
2044,9,25,68.51
2044,9,26,65.61
2044,9,27,62.69
2044,9,28,60.96
2044,9,29,59.40
2044,9,30,57.79
2044,10,1,58.15
2044,10,2,61.77
2044,10,3,60.05
2044,10,4,58.74
2044,10,5,57.47
2044,10,6,55.95
2044,10,7,55.04
2044,10,8,56.10
2044,10,9,55.42
2044,10,10,53.76
2044,10,11,52.29
2044,10,12,56.97
2044,10,13,73.03
2044,10,14,71.67
2044,10,15,70.76
2044,10,16,69.59
2044,10,17,69.67
2044,10,18,77.13
2044,10,19,75.77
2044,10,20,75.52
2044,10,21,77.63
2044,10,22,76.87
2044,10,23,75.98
2044,10,24,74.84
2044,10,25,73.68
2044,10,26,72.26
2044,10,27,70.95
2044,10,28,73.65
2044,10,29,72.78
2044,10,30,72.00
2044,10,31,71.26
2044,11,1,70.42
2044,11,2,73.76
2044,11,3,72.96
2044,11,4,71.67
2044,11,5,70.70
2044,11,6,73.00
2044,11,7,95.20
2044,11,8,95.20
2044,11,9,95.20
2044,11,10,94.50
2044,11,11,93.95
2044,11,12,93.36
2044,11,13,92.62
2044,11,14,94.84
2044,11,15,95.20
2044,11,16,95.20
2044,11,17,93.94
2044,11,18,94.28
2044,11,19,93.59
2044,11,20,93.75
2044,11,21,93.67
2044,11,22,93.83
2044,11,23,95.20
2044,11,24,95.20
2044,11,25,95.20
2044,11,26,95.20
2044,11,27,95.20
2044,11,28,95.20
2044,11,29,94.26
2044,11,30,95.20
2044,12,1,95.20
2044,12,2,94.66
2044,12,3,94.13
2044,12,4,93.65
2044,12,5,95.20
2044,12,6,95.20
2044,12,7,95.20
2044,12,8,94.28
2044,12,9,93.62
2044,12,10,93.09
2044,12,11,92.57
2044,12,12,92.29
2044,12,13,91.77
2044,12,14,92.57
2044,12,15,92.10
2044,12,16,91.76
2044,12,17,95.20
2044,12,18,94.73
2044,12,19,94.43
2044,12,20,94.08
2044,12,21,93.45
2044,12,22,95.20
2044,12,23,94.64
2044,12,24,94.17
2044,12,25,93.84
2044,12,26,93.42
2044,12,27,92.97
2044,12,28,92.62
2044,12,29,92.34
2044,12,30,91.95
2044,12,31,91.43
2045,1,1,90.87
2045,1,2,90.51
2045,1,3,90.11
2045,1,4,89.58
2045,1,5,89.16
2045,1,6,88.74
2045,1,7,88.27
2045,1,8,87.81
2045,1,9,95.20
2045,1,10,95.20
2045,1,11,94.55
2045,1,12,94.06
2045,1,13,93.70
2045,1,14,93.31
2045,1,15,93.00
2045,1,16,92.72
2045,1,17,92.39
2045,1,18,92.05
2045,1,19,91.65
2045,1,20,91.22
2045,1,21,90.80
2045,1,22,90.45
2045,1,23,89.79
2045,1,24,92.32
2045,1,25,95.20
2045,1,26,94.72
2045,1,27,94.35
2045,1,28,93.91
2045,1,29,93.32
2045,1,30,92.70
2045,1,31,92.03
2045,2,1,91.41
2045,2,2,91.16
2045,2,3,90.78
2045,2,4,90.42
2045,2,5,90.29
2045,2,6,90.12
2045,2,7,89.77
2045,2,8,89.46
2045,2,9,89.17
2045,2,10,88.90
2045,2,11,88.55
2045,2,12,88.26
2045,2,13,87.92
2045,2,14,87.36
2045,2,15,87.04
2045,2,16,86.59
2045,2,17,86.27
2045,2,18,85.96
2045,2,19,85.63
2045,2,20,85.26
2045,2,21,84.87
2045,2,22,84.34
2045,2,23,83.83
2045,2,24,83.11
2045,2,25,83.33
2045,2,26,95.20
2045,2,27,94.50
2045,2,28,94.07
2045,3,1,93.42
2045,3,2,92.75
2045,3,3,92.06
2045,3,4,94.74
2045,3,5,95.20
2045,3,6,95.20
2045,3,7,95.20
2045,3,8,94.64
2045,3,9,93.96
2045,3,10,95.20
2045,3,11,94.68
2045,3,12,94.36
2045,3,13,94.03
2045,3,14,93.67
2045,3,15,92.94
2045,3,16,93.66
2045,3,17,93.12
2045,3,18,92.57
2045,3,19,91.98
2045,3,20,91.24
2045,3,21,90.65
2045,3,22,89.78
2045,3,23,94.79
2045,3,24,95.20
2045,3,25,94.48
2045,3,26,93.84
2045,3,27,93.24
2045,3,28,93.61
2045,3,29,95.20
2045,3,30,95.20
2045,3,31,95.20
2045,4,1,94.12
2045,4,2,94.21
2045,4,3,94.88
2045,4,4,95.20
2045,4,5,95.20
2045,4,6,95.20
2045,4,7,93.85
2045,4,8,92.77
2045,4,9,91.64
2045,4,10,95.20
2045,4,11,95.20
2045,4,12,93.85
2045,4,13,92.60
2045,4,14,91.08
2045,4,15,89.34
2045,4,16,87.47
2045,4,17,85.44
2045,4,18,83.84
2045,4,19,81.94
2045,4,20,79.64
2045,4,21,81.02
2045,4,22,85.29
2045,4,23,83.63
2045,4,24,81.67
2045,4,25,79.63
2045,4,26,77.27
2045,4,27,75.03
2045,4,28,72.43
2045,4,29,70.34
2045,4,30,68.26
2045,5,1,65.01
2045,5,2,61.52
2045,5,3,58.00
2045,5,4,54.44
2045,5,5,51.84
2045,5,6,48.64
2045,5,7,46.18
2045,5,8,44.00
2045,5,9,41.94
2045,5,10,40.32
2045,5,11,61.50
2045,5,12,71.20
2045,5,13,68.61
2045,5,14,65.83
2045,5,15,63.71
2045,5,16,62.21
2045,5,17,60.11
2045,5,18,57.69
2045,5,19,56.80
2045,5,20,54.69
2045,5,21,54.44
2045,5,22,52.26
2045,5,23,49.22
2045,5,24,45.72
2045,5,25,44.52
2045,5,26,44.51
2045,5,27,52.38
2045,5,28,55.19
2045,5,29,52.33
2045,5,30,51.56
2045,5,31,61.22
2045,6,1,59.42
2045,6,2,56.79
2045,6,3,54.05
2045,6,4,72.52
2045,6,5,74.90
2045,6,6,70.58
2045,6,7,65.93
2045,6,8,60.95
2045,6,9,58.42
2045,6,10,55.00
2045,6,11,51.42
2045,6,12,49.75
2045,6,13,53.00
2045,6,14,55.31
2045,6,15,51.93
2045,6,16,48.75
2045,6,17,46.36
2045,6,18,43.60
2045,6,19,40.31
2045,6,20,37.06
2045,6,21,33.48
2045,6,22,31.35
2045,6,23,29.70
2045,6,24,26.28
2045,6,25,22.92
2045,6,26,21.21
2045,6,27,18.69
2045,6,28,15.32
2045,6,29,12.47
2045,6,30,18.66
2045,7,1,23.28
2045,7,2,26.09
2045,7,3,22.72
2045,7,4,19.53
2045,7,5,17.95
2045,7,6,30.08
2045,7,7,27.01
2045,7,8,31.42
2045,7,9,30.30
2045,7,10,28.48
2045,7,11,29.35
2045,7,12,26.12
2045,7,13,22.29
2045,7,14,19.02
2045,7,15,15.79
2045,7,16,14.28
2045,7,17,11.83
2045,7,18,9.38
2045,7,19,7.85
2045,7,20,6.95
2045,7,21,6.13
2045,7,22,8.77
2045,7,23,24.44
2045,7,24,21.41
2045,7,25,18.29
2045,7,26,15.04
2045,7,27,12.13
2045,7,28,12.85
2045,7,29,10.74
2045,7,30,8.82
2045,7,31,7.47
2045,8,1,13.98
2045,8,2,13.08
2045,8,3,11.25
2045,8,4,9.57
2045,8,5,8.05
2045,8,6,6.60
2045,8,7,4.94
2045,8,8,3.68
2045,8,9,2.79
2045,8,10,2.17
2045,8,11,2.49
2045,8,12,2.06
2045,8,13,1.56
2045,8,14,1.16
2045,8,15,0.84
2045,8,16,0.65
2045,8,17,0.50
2045,8,18,0.39
2045,8,19,0.30
2045,8,20,0.24
2045,8,21,21.35
2045,8,22,23.82
2045,8,23,22.59
2045,8,24,19.88
2045,8,25,17.91
2045,8,26,16.37
2045,8,27,14.33
2045,8,28,13.87
2045,8,29,11.67
2045,8,30,9.37
2045,8,31,7.40
2045,9,1,6.26
2045,9,2,5.13
2045,9,3,3.91
2045,9,4,3.00
2045,9,5,2.99
2045,9,6,13.42
2045,9,7,55.46
2045,9,8,81.87
2045,9,9,81.49
2045,9,10,78.13
2045,9,11,94.28
2045,9,12,92.16
2045,9,13,90.51
2045,9,14,88.81
2045,9,15,86.91
2045,9,16,84.20
2045,9,17,81.21
2045,9,18,78.40
2045,9,19,75.61
2045,9,20,72.79
2045,9,21,70.01
2045,9,22,67.45
2045,9,23,65.65
2045,9,24,77.33
2045,9,25,81.25
2045,9,26,79.84
2045,9,27,78.29
2045,9,28,76.47
2045,9,29,73.91
2045,9,30,71.65
2045,10,1,69.81
2045,10,2,69.72
2045,10,3,67.57
2045,10,4,65.74
2045,10,5,63.62
2045,10,6,61.38
2045,10,7,59.79
2045,10,8,62.09
2045,10,9,61.19
2045,10,10,59.85
2045,10,11,57.96
2045,10,12,57.40
2045,10,13,57.40
2045,10,14,57.96
2045,10,15,56.52
2045,10,16,54.28
2045,10,17,51.94
2045,10,18,49.82
2045,10,19,48.43
2045,10,20,47.20
2045,10,21,46.39
2045,10,22,50.52
2045,10,23,53.97
2045,10,24,54.77
2045,10,25,53.56
2045,10,26,55.80
2045,10,27,58.42
2045,10,28,83.17
2045,10,29,95.20
2045,10,30,94.84
2045,10,31,93.42
2045,11,1,91.95
2045,11,2,90.54
2045,11,3,95.20
2045,11,4,95.20
2045,11,5,94.03
2045,11,6,93.17
2045,11,7,92.38
2045,11,8,91.64
2045,11,9,90.86
2045,11,10,89.73
2045,11,11,95.20
2045,11,12,95.20
2045,11,13,93.96
2045,11,14,93.00
2045,11,15,92.08
2045,11,16,90.85
2045,11,17,89.37
2045,11,18,87.92
2045,11,19,86.49
2045,11,20,85.45
2045,11,21,92.47
2045,11,22,91.93
2045,11,23,91.05
2045,11,24,90.31
2045,11,25,89.63
2045,11,26,88.98
2045,11,27,88.16
2045,11,28,87.38
2045,11,29,86.65
2045,11,30,85.86
2045,12,1,85.00
2045,12,2,84.50
2045,12,3,83.91
2045,12,4,84.73
2045,12,5,95.20
2045,12,6,95.20
2045,12,7,95.20
2045,12,8,94.43
2045,12,9,93.76
2045,12,10,93.03
2045,12,11,92.43
2045,12,12,91.83
2045,12,13,91.67
2045,12,14,91.06
2045,12,15,91.00
2045,12,16,90.37
2045,12,17,92.10
2045,12,18,91.90
2045,12,19,90.85
2045,12,20,89.64
2045,12,21,89.44
2045,12,22,88.63
2045,12,23,88.18
2045,12,24,87.82
2045,12,25,87.43
2045,12,26,86.85
2045,12,27,86.42
2045,12,28,86.05
2045,12,29,85.72
2045,12,30,85.30
2045,12,31,84.96
2046,1,1,84.69
2046,1,2,84.29
2046,1,3,83.88
2046,1,4,83.45
2046,1,5,83.05
2046,1,6,82.48
2046,1,7,81.88
2046,1,8,81.59
2046,1,9,95.20
2046,1,10,94.68
2046,1,11,94.26
2046,1,12,93.91
2046,1,13,93.64
2046,1,14,93.13
2046,1,15,92.67
2046,1,16,92.20
2046,1,17,95.20
2046,1,18,94.60
2046,1,19,94.16
2046,1,20,93.61
2046,1,21,95.20
2046,1,22,95.20
2046,1,23,95.20
2046,1,24,95.20
2046,1,25,94.56
2046,1,26,94.01
2046,1,27,93.11
2046,1,28,95.20
2046,1,29,94.76
2046,1,30,94.18
2046,1,31,93.68
2046,2,1,93.06
2046,2,2,92.45
2046,2,3,92.08
2046,2,4,91.56
2046,2,5,91.18
2046,2,6,90.79
2046,2,7,90.19
2046,2,8,89.58
2046,2,9,89.21
2046,2,10,88.64
2046,2,11,93.09
2046,2,12,92.54
2046,2,13,91.98
2046,2,14,95.20
2046,2,15,95.20
2046,2,16,94.49
2046,2,17,95.20
2046,2,18,94.53
2046,2,19,93.79
2046,2,20,95.20
2046,2,21,95.20
2046,2,22,94.69
2046,2,23,94.27
2046,2,24,93.94
2046,2,25,93.54
2046,2,26,93.07
2046,2,27,92.80
2046,2,28,95.20
2046,3,1,95.20
2046,3,2,95.20
2046,3,3,95.20
2046,3,4,95.20
2046,3,5,95.20
2046,3,6,94.25
2046,3,7,93.37
2046,3,8,92.43
2046,3,9,91.43
2046,3,10,90.25
2046,3,11,93.98
2046,3,12,95.20
2046,3,13,95.20
2046,3,14,94.00
2046,3,15,92.94
2046,3,16,91.69
2046,3,17,90.72
2046,3,18,89.73
2046,3,19,90.97
2046,3,20,92.01
2046,3,21,94.32
2046,3,22,92.95
2046,3,23,94.29
2046,3,24,93.35
2046,3,25,92.63
2046,3,26,93.35
2046,3,27,91.32
2046,3,28,89.69
2046,3,29,86.63
2046,3,30,84.12
2046,3,31,82.91
2046,4,1,82.00
2046,4,2,81.26
2046,4,3,79.98
2046,4,4,83.98
2046,4,5,89.00
2046,4,6,95.20
2046,4,7,93.77
2046,4,8,92.49
2046,4,9,95.20
2046,4,10,95.20
2046,4,11,93.48
2046,4,12,91.95
2046,4,13,95.20
2046,4,14,95.20
2046,4,15,93.83
2046,4,16,92.46
2046,4,17,91.00
2046,4,18,89.49
2046,4,19,88.13
2046,4,20,86.62
2046,4,21,85.24
2046,4,22,83.87
2046,4,23,82.37
2046,4,24,80.99
2046,4,25,79.75
2046,4,26,78.08
2046,4,27,75.23
2046,4,28,84.27
2046,4,29,82.58
2046,4,30,80.79
2046,5,1,81.39
2046,5,2,83.81
2046,5,3,80.87
2046,5,4,78.53
2046,5,5,80.63
2046,5,6,82.85
2046,5,7,81.12
2046,5,8,79.43
2046,5,9,77.91
2046,5,10,77.01
2046,5,11,76.07
2046,5,12,74.54
2046,5,13,72.76
2046,5,14,71.01
2046,5,15,68.20
2046,5,16,63.96
2046,5,17,62.99
2046,5,18,74.50
2046,5,19,74.91
2046,5,20,74.25
2046,5,21,69.69
2046,5,22,66.49
2046,5,23,62.65
2046,5,24,59.28
2046,5,25,68.44
2046,5,26,68.44
2046,5,27,65.81
2046,5,28,68.52
2046,5,29,65.57
2046,5,30,63.45
2046,5,31,62.21
2046,6,1,59.69
2046,6,2,57.39
2046,6,3,54.78
2046,6,4,56.20
2046,6,5,55.71
2046,6,6,53.08
2046,6,7,50.34
2046,6,8,47.10
2046,6,9,43.86
2046,6,10,40.47
2046,6,11,48.19
2046,6,12,45.13
2046,6,13,42.57
2046,6,14,40.10
2046,6,15,37.56
2046,6,16,35.08
2046,6,17,32.46
2046,6,18,29.52
2046,6,19,26.79
2046,6,20,38.33
2046,6,21,95.20
2046,6,22,95.20
2046,6,23,90.63
2046,6,24,86.59
2046,6,25,91.33
2046,6,26,95.20
2046,6,27,91.92
2046,6,28,89.41
2046,6,29,86.52
2046,6,30,95.20
2046,7,1,95.20
2046,7,2,89.83
2046,7,3,84.52
2046,7,4,80.03
2046,7,5,75.54
2046,7,6,71.25
2046,7,7,78.73
2046,7,8,76.37
2046,7,9,76.64
2046,7,10,73.28
2046,7,11,70.06
2046,7,12,66.98
2046,7,13,63.54
2046,7,14,62.65
2046,7,15,76.07
2046,7,16,72.99
2046,7,17,69.20
2046,7,18,76.27
2046,7,19,73.84
2046,7,20,70.91
2046,7,21,66.60
2046,7,22,65.82
2046,7,23,71.08
2046,7,24,93.94
2046,7,25,95.20
2046,7,26,95.20
2046,7,27,92.45
2046,7,28,87.28
2046,7,29,82.18
2046,7,30,76.74
2046,7,31,71.60
2046,8,1,67.97
2046,8,2,64.43
2046,8,3,62.37
2046,8,4,78.81
2046,8,5,89.03
2046,8,6,86.74
2046,8,7,83.68
2046,8,8,80.17
2046,8,9,76.75
2046,8,10,74.09
2046,8,11,72.49
2046,8,12,72.04
2046,8,13,74.55
2046,8,14,70.58
2046,8,15,66.31
2046,8,16,62.97
2046,8,17,59.48
2046,8,18,57.51
2046,8,19,82.42
2046,8,20,87.02
2046,8,21,83.76
2046,8,22,79.85
2046,8,23,75.70
2046,8,24,80.97
2046,8,25,78.75
2046,8,26,76.49
2046,8,27,78.96
2046,8,28,78.92
2046,8,29,76.03
2046,8,30,73.16
2046,8,31,80.23
2046,9,1,79.07
2046,9,2,76.60
2046,9,3,73.48
2046,9,4,69.40
2046,9,5,64.73
2046,9,6,62.11
2046,9,7,67.97
2046,9,8,68.64
2046,9,9,64.91
2046,9,10,61.89
2046,9,11,59.65
2046,9,12,56.96
2046,9,13,54.54
2046,9,14,52.42
2046,9,15,50.39
2046,9,16,48.16
2046,9,17,45.59
2046,9,18,42.87
2046,9,19,41.76
2046,9,20,64.35
2046,9,21,64.12
2046,9,22,62.63
2046,9,23,61.23
2046,9,24,59.56
2046,9,25,57.61
2046,9,26,55.55
2046,9,27,53.02
2046,9,28,51.73
2046,9,29,50.53
2046,9,30,48.50
2046,10,1,46.44
2046,10,2,44.61
2046,10,3,43.27
2046,10,4,42.21
2046,10,5,40.79
2046,10,6,42.54
2046,10,7,69.70
2046,10,8,95.20
2046,10,9,93.93
2046,10,10,92.35
2046,10,11,90.81
2046,10,12,89.30
2046,10,13,87.34
2046,10,14,85.72
2046,10,15,84.65
2046,10,16,83.58
2046,10,17,82.01
2046,10,18,79.84
2046,10,19,77.62
2046,10,20,81.22
2046,10,21,95.20
2046,10,22,95.20
2046,10,23,93.77
2046,10,24,92.36
2046,10,25,90.69
2046,10,26,89.26
2046,10,27,87.99
2046,10,28,86.74
2046,10,29,85.71
2046,10,30,84.66
2046,10,31,87.43
2046,11,1,86.04
2046,11,2,85.23
2046,11,3,85.10
2046,11,4,86.22
2046,11,5,88.33
2046,11,6,87.17
2046,11,7,86.05
2046,11,8,85.33
2046,11,9,84.49
2046,11,10,83.18
2046,11,11,83.15
2046,11,12,82.07
2046,11,13,81.34
2046,11,14,80.43
2046,11,15,79.80
2046,11,16,79.25
2046,11,17,78.65
2046,11,18,78.27
2046,11,19,95.20
2046,11,20,94.60
2046,11,21,94.10
2046,11,22,93.52
2046,11,23,92.85
2046,11,24,93.41
2046,11,25,95.20
2046,11,26,95.20
2046,11,27,94.38
2046,11,28,95.20
2046,11,29,95.20
2046,11,30,94.68
2046,12,1,94.24
2046,12,2,95.20
2046,12,3,95.20
2046,12,4,94.80
2046,12,5,94.37
2046,12,6,93.93
2046,12,7,93.58
2046,12,8,93.32
2046,12,9,92.97
2046,12,10,92.31
2046,12,11,95.20
2046,12,12,95.20
2046,12,13,95.20
2046,12,14,94.65
2046,12,15,94.06
2046,12,16,93.12
2046,12,17,92.19
2046,12,18,91.49
2046,12,19,90.98
2046,12,20,95.20
2046,12,21,95.20
2046,12,22,94.49
2046,12,23,95.20
2046,12,24,95.20
2046,12,25,94.80
2046,12,26,94.43
2046,12,27,94.03
2046,12,28,93.59
2046,12,29,93.20
2046,12,30,92.81
2046,12,31,92.43
2047,1,1,92.02
2047,1,2,91.47
2047,1,3,90.98
2047,1,4,90.73
2047,1,5,90.21
2047,1,6,89.67
2047,1,7,89.23
2047,1,8,88.87
2047,1,9,88.45
2047,1,10,87.86
2047,1,11,87.43
2047,1,12,87.07
2047,1,13,86.76
2047,1,14,86.44
2047,1,15,86.22
2047,1,16,86.00
2047,1,17,85.76
2047,1,18,95.20
2047,1,19,94.61
2047,1,20,94.38
2047,1,21,94.17
2047,1,22,93.86
2047,1,23,93.49
2047,1,24,93.19
2047,1,25,92.69
2047,1,26,92.12
2047,1,27,91.69
2047,1,28,91.47
2047,1,29,91.30
2047,1,30,91.00
2047,1,31,90.55
2047,2,1,90.08
2047,2,2,89.85
2047,2,3,89.60
2047,2,4,89.30
2047,2,5,89.03
2047,2,6,88.86
2047,2,7,88.62
2047,2,8,88.18
2047,2,9,93.33
2047,2,10,92.73
2047,2,11,92.40
2047,2,12,92.11
2047,2,13,91.57
2047,2,14,95.20
2047,2,15,95.20
2047,2,16,95.20
2047,2,17,94.62
2047,2,18,94.25
2047,2,19,93.72
2047,2,20,95.20
2047,2,21,95.20
2047,2,22,95.20
2047,2,23,95.20
2047,2,24,94.53
2047,2,25,94.13
2047,2,26,93.68
2047,2,27,92.98
2047,2,28,92.21
2047,3,1,95.20
2047,3,2,95.20
2047,3,3,95.20
2047,3,4,94.54
2047,3,5,93.54
2047,3,6,92.55
2047,3,7,93.26
2047,3,8,95.20
2047,3,9,95.20
2047,3,10,94.23
2047,3,11,93.53
2047,3,12,92.93
2047,3,13,95.20
2047,3,14,95.20
2047,3,15,95.20
2047,3,16,94.36
2047,3,17,93.78
2047,3,18,93.21
2047,3,19,92.53
2047,3,20,95.20
2047,3,21,95.20
2047,3,22,95.20
2047,3,23,95.20
2047,3,24,95.20
2047,3,25,95.20
2047,3,26,95.20
2047,3,27,95.20
2047,3,28,94.10
2047,3,29,93.65
2047,3,30,92.52
2047,3,31,91.92
2047,4,1,91.12
2047,4,2,95.20
2047,4,3,95.20
2047,4,4,93.80
2047,4,5,92.45
2047,4,6,90.39
2047,4,7,93.17
2047,4,8,91.31
2047,4,9,89.79
2047,4,10,88.73
2047,4,11,87.57
2047,4,12,88.54
2047,4,13,87.39
2047,4,14,87.49
2047,4,15,87.10
2047,4,16,87.03
2047,4,17,84.93
2047,4,18,83.39
2047,4,19,82.57
2047,4,20,81.60
2047,4,21,78.22
2047,4,22,76.50
2047,4,23,74.31
2047,4,24,70.74
2047,4,25,68.29
2047,4,26,66.94
2047,4,27,65.83
2047,4,28,64.43
2047,4,29,62.05
2047,4,30,59.33
2047,5,1,56.07
2047,5,2,52.23
2047,5,3,49.06
2047,5,4,51.62
2047,5,5,54.49
2047,5,6,52.59
2047,5,7,49.90
2047,5,8,60.54
2047,5,9,60.95
2047,5,10,57.39
2047,5,11,54.67
2047,5,12,51.83
2047,5,13,48.06
2047,5,14,46.24
2047,5,15,44.36
2047,5,16,42.33
2047,5,17,40.32
2047,5,18,37.78
2047,5,19,35.73
2047,5,20,34.21
2047,5,21,34.31
2047,5,22,39.22
2047,5,23,36.28
2047,5,24,32.66
2047,5,25,29.16
2047,5,26,27.88
2047,5,27,25.83
2047,5,28,24.32
2047,5,29,31.27
2047,5,30,37.28
2047,5,31,34.09
2047,6,1,32.21
2047,6,2,55.38
2047,6,3,95.20
2047,6,4,92.68
2047,6,5,91.63
2047,6,6,95.20
2047,6,7,95.20
2047,6,8,95.20
2047,6,9,92.60
2047,6,10,91.59
2047,6,11,89.30
2047,6,12,86.82
2047,6,13,84.22
2047,6,14,82.88
2047,6,15,84.49
2047,6,16,95.20
2047,6,17,95.20
2047,6,18,91.92
2047,6,19,91.06
2047,6,20,86.81
2047,6,21,82.94
2047,6,22,78.47
2047,6,23,74.80
2047,6,24,71.15
2047,6,25,68.93
2047,6,26,65.33
2047,6,27,61.86
2047,6,28,59.75
2047,6,29,56.67
2047,6,30,55.83
2047,7,1,64.68
2047,7,2,67.46
2047,7,3,66.96
2047,7,4,63.69
2047,7,5,60.60
2047,7,6,58.83
2047,7,7,59.58
2047,7,8,56.49
2047,7,9,56.21
2047,7,10,53.14
2047,7,11,48.90
2047,7,12,44.91
2047,7,13,43.93
2047,7,14,45.02
2047,7,15,43.47
2047,7,16,40.00
2047,7,17,35.07
2047,7,18,32.09
2047,7,19,28.93
2047,7,20,26.16
2047,7,21,23.52
2047,7,22,33.75
2047,7,23,45.89
2047,7,24,46.08
2047,7,25,42.20
2047,7,26,38.81
2047,7,27,36.01
2047,7,28,33.73
2047,7,29,32.23
2047,7,30,31.43
2047,7,31,29.24
2047,8,1,29.72
2047,8,2,28.32
2047,8,3,25.99
2047,8,4,23.73
2047,8,5,22.73
2047,8,6,21.14
2047,8,7,19.21
2047,8,8,19.05
2047,8,9,24.35
2047,8,10,40.40
2047,8,11,40.68
2047,8,12,38.15
2047,8,13,37.66
2047,8,14,35.33
2047,8,15,33.20
2047,8,16,29.38
2047,8,17,26.33
2047,8,18,23.45
2047,8,19,20.12
2047,8,20,17.76
2047,8,21,15.59
2047,8,22,13.33
2047,8,23,13.33
2047,8,24,12.44
2047,8,25,10.96
2047,8,26,9.85
2047,8,27,8.76
2047,8,28,7.84
2047,8,29,7.80
2047,8,30,8.77
2047,8,31,12.75
2047,9,1,15.07
2047,9,2,15.15
2047,9,3,13.77
2047,9,4,12.51
2047,9,5,11.19
2047,9,6,10.97
2047,9,7,28.57
2047,9,8,26.31
2047,9,9,24.11
2047,9,10,21.86
2047,9,11,39.50
2047,9,12,47.45
2047,9,13,46.46
2047,9,14,44.83
2047,9,15,44.20
2047,9,16,79.48
2047,9,17,95.20
2047,9,18,92.26
2047,9,19,90.22
2047,9,20,88.17
2047,9,21,86.06
2047,9,22,84.00
2047,9,23,95.20
2047,9,24,95.20
2047,9,25,95.20
2047,9,26,93.93
2047,9,27,92.37
2047,9,28,90.42
2047,9,29,88.25
2047,9,30,85.62
2047,10,1,83.79
2047,10,2,91.00
2047,10,3,93.02
2047,10,4,95.20
2047,10,5,92.76
2047,10,6,89.66
2047,10,7,87.55
2047,10,8,90.45
2047,10,9,94.56
2047,10,10,95.20
2047,10,11,93.03
2047,10,12,91.61
2047,10,13,90.09
2047,10,14,88.54
2047,10,15,86.72
2047,10,16,84.77
2047,10,17,82.72
2047,10,18,80.62
2047,10,19,79.42
2047,10,20,78.40
2047,10,21,77.37
2047,10,22,76.07
2047,10,23,74.63
2047,10,24,73.63
2047,10,25,72.64
2047,10,26,71.54
2047,10,27,69.89
2047,10,28,67.89
2047,10,29,66.09
2047,10,30,64.30
2047,10,31,62.69
2047,11,1,62.18
2047,11,2,65.00
2047,11,3,64.61
2047,11,4,63.49
2047,11,5,62.35
2047,11,6,61.51
2047,11,7,59.42
2047,11,8,57.45
2047,11,9,58.01
2047,11,10,62.36
2047,11,11,69.18
2047,11,12,72.72
2047,11,13,72.06
2047,11,14,71.10
2047,11,15,95.20
2047,11,16,95.20
2047,11,17,94.32
2047,11,18,93.51
2047,11,19,92.42
2047,11,20,90.73
2047,11,21,88.93
2047,11,22,87.43
2047,11,23,88.89
2047,11,24,95.20
2047,11,25,94.71
2047,11,26,94.12
2047,11,27,94.74
2047,11,28,94.09
2047,11,29,95.20
2047,11,30,95.20
2047,12,1,95.20
2047,12,2,94.78
2047,12,3,94.31
2047,12,4,95.20
2047,12,5,94.70
2047,12,6,94.15
2047,12,7,95.20
2047,12,8,95.20
2047,12,9,94.50
2047,12,10,94.08
2047,12,11,93.75
2047,12,12,93.17
2047,12,13,92.40
2047,12,14,91.70
2047,12,15,91.06
2047,12,16,90.46
2047,12,17,89.98
2047,12,18,89.58
2047,12,19,88.88
2047,12,20,90.05
2047,12,21,89.49
2047,12,22,88.88
2047,12,23,95.20
2047,12,24,95.20
2047,12,25,94.83
2047,12,26,95.20
2047,12,27,94.18
2047,12,28,95.20
2047,12,29,95.20
2047,12,30,94.58
2047,12,31,94.14
2048,1,1,93.76
2048,1,2,93.27
2048,1,3,92.73
2048,1,4,93.31
2048,1,5,95.20
2048,1,6,95.20
2048,1,7,94.68
2048,1,8,94.17
2048,1,9,93.84
2048,1,10,93.55
2048,1,11,93.29
2048,1,12,92.89
2048,1,13,92.61
2048,1,14,92.39
2048,1,15,92.18
2048,1,16,91.96
2048,1,17,91.59
2048,1,18,91.20
2048,1,19,90.83
2048,1,20,90.59
2048,1,21,90.41
2048,1,22,90.22
2048,1,23,89.88
2048,1,24,89.35
2048,1,25,88.89
2048,1,26,88.52
2048,1,27,88.23
2048,1,28,88.08
2048,1,29,87.84
2048,1,30,87.52
2048,1,31,87.12
2048,2,1,86.74
2048,2,2,86.43
2048,2,3,85.94
2048,2,4,85.45
2048,2,5,85.15
2048,2,6,84.91
2048,2,7,84.65
2048,2,8,84.25
2048,2,9,95.20
2048,2,10,95.20
2048,2,11,94.62
2048,2,12,94.33
2048,2,13,93.89
2048,2,14,95.20
2048,2,15,95.20
2048,2,16,95.20
2048,2,17,95.20
2048,2,18,95.20
2048,2,19,95.20
2048,2,20,95.20
2048,2,21,95.20
2048,2,22,94.46
2048,2,23,94.11
2048,2,24,93.62
2048,2,25,95.20
2048,2,26,95.16
2048,2,27,95.20
2048,2,28,94.38
2048,2,29,95.20
2048,3,1,95.20
2048,3,2,95.20
2048,3,3,94.58
2048,3,4,95.20
2048,3,5,95.20
2048,3,6,94.38
2048,3,7,95.20
2048,3,8,95.20
2048,3,9,95.20
2048,3,10,95.09
2048,3,11,95.20
2048,3,12,94.34
2048,3,13,95.20
2048,3,14,95.20
2048,3,15,94.23
2048,3,16,95.20
2048,3,17,95.20
2048,3,18,94.22
2048,3,19,93.36
2048,3,20,92.17
2048,3,21,91.03
2048,3,22,89.98
2048,3,23,89.94
2048,3,24,89.11
2048,3,25,88.35
2048,3,26,89.58
2048,3,27,95.20
2048,3,28,94.60
2048,3,29,95.20
2048,3,30,95.20
2048,3,31,94.72
2048,4,1,93.62
2048,4,2,95.20
2048,4,3,95.20
2048,4,4,94.45
2048,4,5,93.23
2048,4,6,95.20
2048,4,7,95.08
2048,4,8,93.94
2048,4,9,95.20
2048,4,10,93.57
2048,4,11,92.12
2048,4,12,90.01
2048,4,13,93.59
2048,4,14,92.17
2048,4,15,90.25
2048,4,16,89.19
2048,4,17,95.20
2048,4,18,95.20
2048,4,19,95.20
2048,4,20,95.20
2048,4,21,93.42
2048,4,22,91.67
2048,4,23,90.28
2048,4,24,95.20
2048,4,25,94.55
2048,4,26,93.20
2048,4,27,91.48
2048,4,28,88.44
2048,4,29,85.74
2048,4,30,95.20
2048,5,1,95.20
2048,5,2,95.20
2048,5,3,95.20
2048,5,4,93.30
2048,5,5,91.26
2048,5,6,89.19
2048,5,7,87.62
2048,5,8,86.41
2048,5,9,84.40
2048,5,10,95.20
2048,5,11,95.20
2048,5,12,95.20
2048,5,13,93.17
2048,5,14,90.22
2048,5,15,85.76
2048,5,16,81.76
2048,5,17,78.65
2048,5,18,74.05
2048,5,19,70.23
2048,5,20,68.50
2048,5,21,64.50
2048,5,22,60.79
2048,5,23,55.26
2048,5,24,51.32
2048,5,25,48.17
2048,5,26,53.54
2048,5,27,71.21
2048,5,28,69.39
2048,5,29,67.02
2048,5,30,90.55
2048,5,31,86.81
2048,6,1,83.95
2048,6,2,81.08
2048,6,3,79.16
2048,6,4,79.21
2048,6,5,83.71
2048,6,6,90.57
2048,6,7,87.65
2048,6,8,84.81
2048,6,9,83.28
2048,6,10,80.99
2048,6,11,78.00
2048,6,12,75.43
2048,6,13,72.87
2048,6,14,70.19
2048,6,15,67.49
2048,6,16,76.34
2048,6,17,95.20
2048,6,18,90.46
2048,6,19,86.88
2048,6,20,84.05
2048,6,21,88.63
2048,6,22,84.86
2048,6,23,81.05
2048,6,24,78.46
2048,6,25,80.58
2048,6,26,76.73
2048,6,27,72.92
2048,6,28,68.85
2048,6,29,64.78
2048,6,30,62.36
2048,7,1,68.55
2048,7,2,69.84
2048,7,3,66.06
2048,7,4,62.44
2048,7,5,58.01
2048,7,6,52.96
2048,7,7,49.39
2048,7,8,46.93
2048,7,9,43.54
2048,7,10,39.41
2048,7,11,35.62
2048,7,12,31.84
2048,7,13,29.56
2048,7,14,27.31
2048,7,15,25.30
2048,7,16,22.35
2048,7,17,20.12
2048,7,18,27.77
2048,7,19,29.18
2048,7,20,26.67
2048,7,21,25.93
2048,7,22,34.79
2048,7,23,30.25
2048,7,24,25.79
2048,7,25,21.90
2048,7,26,18.82
2048,7,27,30.12
2048,7,28,26.84
2048,7,29,27.25
2048,7,30,27.55
2048,7,31,38.16
2048,8,1,38.93
2048,8,2,35.43
2048,8,3,31.19
2048,8,4,26.84
2048,8,5,26.63
2048,8,6,32.89
2048,8,7,30.18
2048,8,8,27.41
2048,8,9,25.02
2048,8,10,22.76
2048,8,11,20.53
2048,8,12,18.20
2048,8,13,15.83
2048,8,14,16.27
2048,8,15,25.27
2048,8,16,22.79
2048,8,17,20.88
2048,8,18,19.08
2048,8,19,17.08
2048,8,20,15.89
2048,8,21,29.03
2048,8,22,30.21
2048,8,23,28.05
2048,8,24,25.95
2048,8,25,23.32
2048,8,26,29.46
2048,8,27,27.01
2048,8,28,24.02
2048,8,29,22.00
2048,8,30,20.15
2048,8,31,18.44
2048,9,1,16.72
2048,9,2,16.39
2048,9,3,17.19
2048,9,4,15.99
2048,9,5,14.87
2048,9,6,13.07
2048,9,7,11.04
2048,9,8,9.72
2048,9,9,8.24
2048,9,10,6.96
2048,9,11,5.80
2048,9,12,4.79
2048,9,13,4.19
2048,9,14,27.23
2048,9,15,52.54
2048,9,16,56.17
2048,9,17,55.94
2048,9,18,60.29
2048,9,19,76.52
2048,9,20,89.70
2048,9,21,95.20
2048,9,22,95.20
2048,9,23,92.56
2048,9,24,90.18
2048,9,25,87.47
2048,9,26,92.52
2048,9,27,91.70
2048,9,28,89.14
2048,9,29,88.30
2048,9,30,90.73
2048,10,1,88.96
2048,10,2,87.34
2048,10,3,85.53
2048,10,4,83.33
2048,10,5,81.14
2048,10,6,80.85
2048,10,7,78.38
2048,10,8,77.14
2048,10,9,95.20
2048,10,10,95.20
2048,10,11,95.20
2048,10,12,93.35
2048,10,13,95.20
2048,10,14,95.20
2048,10,15,93.49
2048,10,16,92.08
2048,10,17,90.27
2048,10,18,88.41
2048,10,19,95.20
2048,10,20,95.20
2048,10,21,93.83
2048,10,22,93.56
2048,10,23,95.20
2048,10,24,95.20
2048,10,25,93.70
2048,10,26,92.12
2048,10,27,90.32
2048,10,28,88.99
2048,10,29,87.78
2048,10,30,87.41
2048,10,31,95.20
2048,11,1,95.20
2048,11,2,93.72
2048,11,3,92.23
2048,11,4,92.08
2048,11,5,95.20
2048,11,6,95.20
2048,11,7,95.20
2048,11,8,95.20
2048,11,9,95.20
2048,11,10,95.20
2048,11,11,94.49
2048,11,12,93.69
2048,11,13,92.98
2048,11,14,92.00
2048,11,15,90.85
2048,11,16,89.42
2048,11,17,88.22
2048,11,18,88.35
2048,11,19,87.83
2048,11,20,87.32
2048,11,21,86.72
2048,11,22,86.12
2048,11,23,85.36
2048,11,24,84.43
2048,11,25,88.10
2048,11,26,95.20
2048,11,27,94.19
2048,11,28,93.02
2048,11,29,91.88
2048,11,30,90.62
2048,12,1,91.50
2048,12,2,95.20
2048,12,3,95.20
2048,12,4,94.29
2048,12,5,93.37
2048,12,6,92.62
2048,12,7,93.12
2048,12,8,93.56
2048,12,9,92.89
2048,12,10,92.32
2048,12,11,91.68
2048,12,12,95.20
2048,12,13,95.20
2048,12,14,95.20
2048,12,15,95.20
2048,12,16,94.52
2048,12,17,93.74
2048,12,18,94.44
2048,12,19,93.88
2048,12,20,93.47
2048,12,21,93.06
2048,12,22,92.61
2048,12,23,92.80
2048,12,24,95.20
2048,12,25,94.35
2048,12,26,95.20
2048,12,27,95.20
2048,12,28,94.46
2048,12,29,93.82
2048,12,30,93.05
2048,12,31,92.29
2049,1,1,91.75
2049,1,2,91.40
2049,1,3,91.08
2049,1,4,90.72
2049,1,5,95.20
2049,1,6,94.60
2049,1,7,94.22
2049,1,8,93.78
2049,1,9,95.20
2049,1,10,94.86
2049,1,11,94.43
2049,1,12,95.20
2049,1,13,95.20
2049,1,14,95.20
2049,1,15,95.20
2049,1,16,95.20
2049,1,17,94.68
2049,1,18,94.25
2049,1,19,93.85
2049,1,20,93.47
2049,1,21,92.95
2049,1,22,92.48
2049,1,23,95.20
2049,1,24,94.88
2049,1,25,95.20
2049,1,26,94.83
2049,1,27,94.56
2049,1,28,95.20
2049,1,29,95.20
2049,1,30,95.20
2049,1,31,95.20
2049,2,1,94.47
2049,2,2,95.20
2049,2,3,93.90
2049,2,4,95.20
2049,2,5,95.20
2049,2,6,94.58
2049,2,7,94.06
2049,2,8,95.20
2049,2,9,94.58
2049,2,10,94.10
2049,2,11,93.64
2049,2,12,93.21
2049,2,13,92.69
2049,2,14,95.20
2049,2,15,95.20
2049,2,16,94.45
2049,2,17,93.91
2049,2,18,94.62
2049,2,19,95.20
2049,2,20,94.25
2049,2,21,93.29
2049,2,22,92.76
2049,2,23,92.18
2049,2,24,95.20
2049,2,25,95.20
2049,2,26,94.46
2049,2,27,93.96
2049,2,28,93.30
2049,3,1,95.20
2049,3,2,95.20
2049,3,3,95.20
2049,3,4,95.20
2049,3,5,94.33
2049,3,6,95.20
2049,3,7,95.20
2049,3,8,95.20
2049,3,9,94.54
2049,3,10,95.20
2049,3,11,95.20
2049,3,12,95.20
2049,3,13,95.20
2049,3,14,93.68
2049,3,15,92.32
2049,3,16,91.11
2049,3,17,94.14
2049,3,18,93.33
2049,3,19,92.47
2049,3,20,95.20
2049,3,21,95.20
2049,3,22,95.20
2049,3,23,95.20
2049,3,24,93.70
2049,3,25,91.73
2049,3,26,95.20
2049,3,27,95.20
2049,3,28,95.20
2049,3,29,93.91
2049,3,30,92.50
2049,3,31,91.76
2049,4,1,90.89
2049,4,2,89.29
2049,4,3,86.80
2049,4,4,84.79
2049,4,5,83.63
2049,4,6,82.68
2049,4,7,84.04
2049,4,8,95.20
2049,4,9,95.20
2049,4,10,94.78
2049,4,11,92.75
2049,4,12,95.20
2049,4,13,95.20
2049,4,14,95.20
2049,4,15,93.96
2049,4,16,94.12
2049,4,17,95.20
2049,4,18,95.20
2049,4,19,95.20
2049,4,20,95.20
2049,4,21,93.72
2049,4,22,92.30
2049,4,23,91.23
2049,4,24,90.01
2049,4,25,88.74
2049,4,26,87.62
2049,4,27,95.20
2049,4,28,95.20
2049,4,29,93.76
2049,4,30,92.50
2049,5,1,90.37
2049,5,2,88.13
2049,5,3,86.53
2049,5,4,84.45
2049,5,5,95.20
2049,5,6,95.20
2049,5,7,93.32
2049,5,8,91.38
2049,5,9,89.58
2049,5,10,89.11
2049,5,11,87.18
2049,5,12,86.15
2049,5,13,84.45
2049,5,14,81.68
2049,5,15,94.85
2049,5,16,95.20
2049,5,17,94.02
2049,5,18,92.10
2049,5,19,95.20
2049,5,20,95.20
2049,5,21,92.86
2049,5,22,89.82
2049,5,23,86.63
2049,5,24,95.20
2049,5,25,95.20
2049,5,26,93.37
2049,5,27,91.03
2049,5,28,95.20
2049,5,29,95.07
2049,5,30,94.88
2049,5,31,92.75
2049,6,1,90.86
2049,6,2,95.20
2049,6,3,92.86
2049,6,4,90.15
2049,6,5,85.98
2049,6,6,82.86
2049,6,7,88.03
2049,6,8,91.61
2049,6,9,88.88
2049,6,10,84.73
2049,6,11,82.31
2049,6,12,79.47
2049,6,13,95.20
2049,6,14,95.20
2049,6,15,91.18
2049,6,16,88.11
2049,6,17,84.49
2049,6,18,81.48
2049,6,19,89.66
2049,6,20,85.00
2049,6,21,81.20
2049,6,22,86.92
2049,6,23,95.20
2049,6,24,95.20
2049,6,25,95.20
2049,6,26,91.19
2049,6,27,86.10
2049,6,28,95.20
2049,6,29,95.20
2049,6,30,92.11
2049,7,1,88.88
2049,7,2,87.21
2049,7,3,89.23
2049,7,4,87.18
2049,7,5,83.69
2049,7,6,81.55
2049,7,7,79.66
2049,7,8,95.20
2049,7,9,95.20
2049,7,10,91.37
2049,7,11,86.94
2049,7,12,82.57
2049,7,13,80.45
2049,7,14,76.64
2049,7,15,84.16
2049,7,16,79.74
2049,7,17,76.37
2049,7,18,72.85
2049,7,19,69.59
2049,7,20,67.24
2049,7,21,68.09
2049,7,22,66.99
2049,7,23,63.10
2049,7,24,59.02
2049,7,25,55.69
2049,7,26,53.73
2049,7,27,51.34
2049,7,28,46.89
2049,7,29,42.66
2049,7,30,41.72
2049,7,31,37.75
2049,8,1,33.59
2049,8,2,42.21
2049,8,3,41.61
2049,8,4,45.98
2049,8,5,68.31
2049,8,6,66.83
2049,8,7,64.98
2049,8,8,74.94
2049,8,9,77.00
2049,8,10,75.85
2049,8,11,72.08
2049,8,12,67.85
2049,8,13,66.88
2049,8,14,64.32
2049,8,15,59.92
2049,8,16,55.88
2049,8,17,52.57
2049,8,18,48.44
2049,8,19,45.22
2049,8,20,42.20
2049,8,21,39.08
2049,8,22,44.45
2049,8,23,62.40
2049,8,24,59.39
2049,8,25,56.58
2049,8,26,53.72
2049,8,27,51.00
2049,8,28,58.12
2049,8,29,54.91
2049,8,30,51.43
2049,8,31,48.93
2049,9,1,45.36
2049,9,2,50.35
2049,9,3,57.98
2049,9,4,55.45
2049,9,5,52.58
2049,9,6,50.75
2049,9,7,47.55
2049,9,8,44.27
2049,9,9,43.65
2049,9,10,39.66
2049,9,11,35.96
2049,9,12,32.76
2049,9,13,29.49
2049,9,14,26.42
2049,9,15,22.99
2049,9,16,19.91
2049,9,17,17.72
2049,9,18,16.28
2049,9,19,14.96
2049,9,20,17.06
2049,9,21,20.04
2049,9,22,22.95
2049,9,23,39.13
2049,9,24,59.28
2049,9,25,79.87
2049,9,26,85.02
2049,9,27,87.69
2049,9,28,85.43
2049,9,29,83.06
2049,9,30,84.99
2049,10,1,83.40
2049,10,2,92.26
2049,10,3,93.49
2049,10,4,92.30
2049,10,5,90.80
2049,10,6,88.92
2049,10,7,86.60
2049,10,8,84.06
2049,10,9,81.60
2049,10,10,79.26
2049,10,11,85.18
2049,10,12,89.34
2049,10,13,88.19
2049,10,14,87.04
2049,10,15,85.79
2049,10,16,84.21
2049,10,17,82.52
2049,10,18,82.80
2049,10,19,81.30
2049,10,20,80.31
2049,10,21,79.38
2049,10,22,89.53
2049,10,23,95.20
2049,10,24,95.20
2049,10,25,95.20
2049,10,26,95.20
2049,10,27,95.20
2049,10,28,93.61
2049,10,29,91.74
2049,10,30,89.90
2049,10,31,88.17
2049,11,1,86.27
2049,11,2,93.79
2049,11,3,95.20
2049,11,4,93.94
2049,11,5,92.61
2049,11,6,91.67
2049,11,7,93.17
2049,11,8,93.45
2049,11,9,92.03
2049,11,10,95.20
2049,11,11,94.64
2049,11,12,94.08
2049,11,13,95.20
2049,11,14,95.20
2049,11,15,94.01
2049,11,16,92.78
2049,11,17,91.12
2049,11,18,89.66
2049,11,19,88.57
2049,11,20,87.66
2049,11,21,91.70
2049,11,22,95.20
2049,11,23,95.20
2049,11,24,94.49
2049,11,25,93.84
2049,11,26,93.15
2049,11,27,92.40
2049,11,28,91.66
2049,11,29,91.01
2049,11,30,94.21
2049,12,1,95.20
2049,12,2,95.20
2049,12,3,94.66
2049,12,4,94.16
2049,12,5,93.74
2049,12,6,93.27
2049,12,7,92.76
2049,12,8,95.20
2049,12,9,95.20
2049,12,10,95.20
2049,12,11,94.60
2049,12,12,94.17
2049,12,13,93.78
2049,12,14,93.19
2049,12,15,93.43
2049,12,16,93.75
2049,12,17,95.20
2049,12,18,94.71
2049,12,19,94.73
2049,12,20,94.18
2049,12,21,93.64
2049,12,22,93.21
2049,12,23,95.20
2049,12,24,94.73
2049,12,25,94.32
2049,12,26,93.91
2049,12,27,95.20
2049,12,28,95.20
2049,12,29,95.20
2049,12,30,95.20
2049,12,31,94.43
2050,1,1,93.63
2050,1,2,93.19
2050,1,3,92.81
2050,1,4,92.47
2050,1,5,91.90
2050,1,6,95.20
2050,1,7,94.62
2050,1,8,94.19
2050,1,9,93.71
2050,1,10,93.87
2050,1,11,94.92
2050,1,12,95.20
2050,1,13,94.62
2050,1,14,95.20
2050,1,15,94.65
2050,1,16,93.90
2050,1,17,92.95
2050,1,18,92.32
2050,1,19,91.74
2050,1,20,95.20
2050,1,21,95.20
2050,1,22,94.66
2050,1,23,94.46
2050,1,24,95.13
2050,1,25,95.09
2050,1,26,93.94
2050,1,27,93.44
2050,1,28,92.89
2050,1,29,92.49
2050,1,30,95.20
2050,1,31,95.20
2050,2,1,94.34
2050,2,2,93.43
2050,2,3,92.82
2050,2,4,92.58
2050,2,5,92.25
2050,2,6,91.72
2050,2,7,91.02
2050,2,8,89.93
2050,2,9,88.88
2050,2,10,88.28
2050,2,11,92.00
2050,2,12,91.34
2050,2,13,90.84
2050,2,14,90.29
2050,2,15,89.66
2050,2,16,89.25
2050,2,17,88.72
2050,2,18,94.80
2050,2,19,94.26
2050,2,20,93.67
2050,2,21,95.20
2050,2,22,95.20
2050,2,23,94.59
2050,2,24,94.23
2050,2,25,93.92
2050,2,26,93.46
2050,2,27,92.94
2050,2,28,92.25
2050,3,1,91.66
2050,3,2,91.16
2050,3,3,95.20
2050,3,4,95.20
2050,3,5,94.48
2050,3,6,93.88
2050,3,7,93.12
2050,3,8,92.50
2050,3,9,91.93
2050,3,10,95.20
2050,3,11,95.20
2050,3,12,95.20
2050,3,13,94.46
2050,3,14,93.74
2050,3,15,93.01
2050,3,16,95.20
2050,3,17,95.20
2050,3,18,95.20
2050,3,19,95.20
2050,3,20,95.20
2050,3,21,95.20
2050,3,22,94.02
2050,3,23,92.99
2050,3,24,94.16
2050,3,25,93.59
2050,3,26,92.91
2050,3,27,92.12
2050,3,28,91.42
2050,3,29,95.20
2050,3,30,95.20
2050,3,31,93.99
2050,4,1,95.20
2050,4,2,95.20
2050,4,3,93.69
2050,4,4,92.57
2050,4,5,95.20
2050,4,6,95.20
2050,4,7,93.83
2050,4,8,92.26
2050,4,9,90.78
2050,4,10,88.66
2050,4,11,91.35
2050,4,12,89.78
2050,4,13,92.06
2050,4,14,91.15
2050,4,15,89.41
2050,4,16,95.20
2050,4,17,95.20
2050,4,18,95.20
2050,4,19,93.46
2050,4,20,95.20
2050,4,21,93.99
2050,4,22,91.60
2050,4,23,90.14
2050,4,24,88.65
2050,4,25,87.28
2050,4,26,95.20
2050,4,27,93.61
2050,4,28,91.89
2050,4,29,90.23
2050,4,30,88.34
2050,5,1,95.20
2050,5,2,95.20
2050,5,3,95.20
2050,5,4,93.03
2050,5,5,91.33
2050,5,6,89.46
2050,5,7,87.46
2050,5,8,87.57
2050,5,9,86.54
2050,5,10,85.33
2050,5,11,84.35
2050,5,12,83.51
2050,5,13,90.69
2050,5,14,95.20
2050,5,15,95.20
2050,5,16,92.74
2050,5,17,90.85
2050,5,18,89.19
2050,5,19,87.29
2050,5,20,84.98
2050,5,21,95.20
2050,5,22,95.20
2050,5,23,95.20
2050,5,24,95.20
2050,5,25,91.83
2050,5,26,90.41
2050,5,27,90.34
2050,5,28,87.23
2050,5,29,84.24
2050,5,30,80.75
2050,5,31,83.22
2050,6,1,82.40
2050,6,2,79.41
2050,6,3,76.48
2050,6,4,73.78
2050,6,5,71.11
2050,6,6,67.89
2050,6,7,63.96
2050,6,8,59.94
2050,6,9,56.22
2050,6,10,53.55
2050,6,11,50.06
2050,6,12,46.55
2050,6,13,43.28
2050,6,14,40.27
2050,6,15,36.71
2050,6,16,33.30
2050,6,17,31.23
2050,6,18,27.64
2050,6,19,24.15
2050,6,20,20.42
2050,6,21,16.78
2050,6,22,14.20
2050,6,23,12.27
2050,6,24,11.02
2050,6,25,9.78
2050,6,26,8.67
2050,6,27,7.17
2050,6,28,6.82
2050,6,29,5.92
2050,6,30,4.99
2050,7,1,4.28
2050,7,2,15.85
2050,7,3,33.90
2050,7,4,46.88
2050,7,5,55.00
2050,7,6,60.31
2050,7,7,56.55
2050,7,8,52.48
2050,7,9,48.21
2050,7,10,44.08
2050,7,11,42.80
2050,7,12,38.93
2050,7,13,33.98
2050,7,14,29.40
2050,7,15,25.42
2050,7,16,23.17
2050,7,17,26.81
2050,7,18,23.98
2050,7,19,21.43
2050,7,20,19.44
2050,7,21,38.13
2050,7,22,39.40
2050,7,23,34.50
2050,7,24,31.00
2050,7,25,28.08
2050,7,26,28.56
2050,7,27,24.74
2050,7,28,21.55
2050,7,29,18.78
2050,7,30,16.28
2050,7,31,13.96
2050,8,1,12.54
2050,8,2,14.97
2050,8,3,12.44
2050,8,4,10.16
2050,8,5,8.20
2050,8,6,6.55
2050,8,7,5.27
2050,8,8,4.94
2050,8,9,4.09
2050,8,10,3.28
2050,8,11,2.80
2050,8,12,2.42
2050,8,13,2.08
2050,8,14,6.26
2050,8,15,35.14
2050,8,16,57.77
2050,8,17,53.83
2050,8,18,50.60
2050,8,19,46.80
2050,8,20,43.40
2050,8,21,44.94
2050,8,22,44.40
2050,8,23,40.19
2050,8,24,36.27
2050,8,25,32.63
2050,8,26,28.93
2050,8,27,25.20
2050,8,28,22.99
2050,8,29,20.45
2050,8,30,18.41
2050,8,31,16.64
2050,9,1,14.90
2050,9,2,13.37
2050,9,3,11.56
2050,9,4,9.87
2050,9,5,12.83
2050,9,6,15.56
2050,9,7,20.38
2050,9,8,40.85
2050,9,9,95.20
2050,9,10,95.20
2050,9,11,91.34
2050,9,12,88.18
2050,9,13,85.12
2050,9,14,94.92
2050,9,15,95.20
2050,9,16,95.20
2050,9,17,92.28
2050,9,18,91.35
2050,9,19,95.20
2050,9,20,95.20
2050,9,21,93.84
2050,9,22,92.30
2050,9,23,89.91
2050,9,24,87.20
2050,9,25,85.07
2050,9,26,82.96
2050,9,27,81.86
2050,9,28,79.80
2050,9,29,77.68
2050,9,30,74.69
2050,10,1,74.23
2050,10,2,72.68
2050,10,3,71.10
2050,10,4,70.28
2050,10,5,68.35
2050,10,6,66.52
2050,10,7,64.27
2050,10,8,62.33
2050,10,9,62.83
2050,10,10,61.01
2050,10,11,59.29
2050,10,12,58.19
2050,10,13,74.36
2050,10,14,73.21
2050,10,15,72.05
2050,10,16,70.23
2050,10,17,68.72
2050,10,18,67.38
2050,10,19,66.25
2050,10,20,65.44
2050,10,21,65.98
2050,10,22,74.05
2050,10,23,90.76
2050,10,24,89.81
2050,10,25,88.83
2050,10,26,93.02
2050,10,27,95.20
2050,10,28,95.20
2050,10,29,95.20
2050,10,30,94.32
2050,10,31,93.35
2050,11,1,92.47
2050,11,2,91.59
2050,11,3,90.49
2050,11,4,89.37
2050,11,5,95.20
2050,11,6,95.20
2050,11,7,95.20
2050,11,8,95.20
2050,11,9,95.20
2050,11,10,95.20
2050,11,11,93.67
2050,11,12,92.19
2050,11,13,95.20
2050,11,14,93.91
2050,11,15,92.75
2050,11,16,92.03
2050,11,17,91.13
2050,11,18,91.34
2050,11,19,95.20
2050,11,20,94.06
2050,11,21,93.06
2050,11,22,95.20
2050,11,23,95.20
2050,11,24,95.10
2050,11,25,94.48
2050,11,26,95.04
2050,11,27,95.20
2050,11,28,95.20
2050,11,29,95.20
2050,11,30,95.20
2050,12,1,95.20
2050,12,2,94.81
2050,12,3,95.20
2050,12,4,94.79
2050,12,5,94.45
2050,12,6,94.05
2050,12,7,93.69
2050,12,8,93.22
2050,12,9,95.20
2050,12,10,94.65
2050,12,11,94.24
2050,12,12,93.79
2050,12,13,95.20
2050,12,14,95.20
2050,12,15,95.20
2050,12,16,94.55
2050,12,17,95.20
2050,12,18,94.49
2050,12,19,95.20
2050,12,20,95.20
2050,12,21,95.20
2050,12,22,94.69
2050,12,23,94.23
2050,12,24,93.72
2050,12,25,93.28
2050,12,26,95.20
2050,12,27,95.20
2050,12,28,94.61
2050,12,29,94.08
2050,12,30,93.61
2050,12,31,93.09
2051,1,1,92.54
2051,1,2,92.06
2051,1,3,91.53
2051,1,4,90.98
2051,1,5,90.57
2051,1,6,90.13
2051,1,7,94.15
2051,1,8,95.20
2051,1,9,94.70
2051,1,10,94.22
2051,1,11,93.77
2051,1,12,95.20
2051,1,13,95.20
2051,1,14,94.69
2051,1,15,94.24
2051,1,16,93.70
2051,1,17,93.21
2051,1,18,92.71
2051,1,19,92.13
2051,1,20,91.48
2051,1,21,90.95
2051,1,22,95.20
2051,1,23,94.38
2051,1,24,94.32
2051,1,25,93.85
2051,1,26,93.29
2051,1,27,92.58
2051,1,28,93.13
2051,1,29,92.64
2051,1,30,92.08
2051,1,31,95.03
2051,2,1,95.20
2051,2,2,94.63
2051,2,3,94.19
2051,2,4,93.68
2051,2,5,95.20
2051,2,6,95.20
2051,2,7,94.67
2051,2,8,94.32
2051,2,9,93.86
2051,2,10,93.39
2051,2,11,92.88
2051,2,12,92.39
2051,2,13,91.98
2051,2,14,91.48
2051,2,15,92.48
2051,2,16,92.94
2051,2,17,95.20
2051,2,18,95.20
2051,2,19,95.20
2051,2,20,94.54
2051,2,21,93.91
2051,2,22,93.13
2051,2,23,93.25
2051,2,24,94.91
2051,2,25,95.20
2051,2,26,94.91
2051,2,27,94.28
2051,2,28,93.63
2051,3,1,92.97
2051,3,2,92.25
2051,3,3,95.20
2051,3,4,95.20
2051,3,5,95.20
2051,3,6,94.33
2051,3,7,95.20
2051,3,8,95.20
2051,3,9,94.25
2051,3,10,93.32
2051,3,11,92.28
2051,3,12,91.22
2051,3,13,90.56
2051,3,14,90.11
2051,3,15,89.50
2051,3,16,88.81
2051,3,17,88.02
2051,3,18,87.27
2051,3,19,87.25
2051,3,20,86.98
2051,3,21,86.58
2051,3,22,95.20
2051,3,23,94.38
2051,3,24,93.64
2051,3,25,92.69
2051,3,26,91.40
2051,3,27,90.86
2051,3,28,89.76
2051,3,29,88.73
2051,3,30,87.79
2051,3,31,86.71
2051,4,1,95.20
2051,4,2,95.20
2051,4,3,94.12
2051,4,4,93.12
2051,4,5,92.00
2051,4,6,91.03
2051,4,7,90.19
2051,4,8,89.30
2051,4,9,88.14
2051,4,10,86.89
2051,4,11,85.53
2051,4,12,83.76
2051,4,13,84.63
2051,4,14,94.73
2051,4,15,95.20
2051,4,16,92.27
2051,4,17,89.28
2051,4,18,93.49
2051,4,19,91.08
2051,4,20,89.12
2051,4,21,88.87
2051,4,22,87.38
2051,4,23,85.97
2051,4,24,84.48
2051,4,25,82.95
2051,4,26,81.49
2051,4,27,79.96
2051,4,28,78.63
2051,4,29,93.70
2051,4,30,91.87
2051,5,1,90.71
2051,5,2,88.93
2051,5,3,87.07
2051,5,4,86.40
2051,5,5,95.20
2051,5,6,93.34
2051,5,7,91.22
2051,5,8,89.19
2051,5,9,87.00
2051,5,10,84.77
2051,5,11,81.66
2051,5,12,78.13
2051,5,13,74.18
2051,5,14,80.85
2051,5,15,93.44
2051,5,16,95.20
2051,5,17,93.90
2051,5,18,90.17
2051,5,19,87.26
2051,5,20,87.82
2051,5,21,91.56
2051,5,22,94.33
2051,5,23,91.73
2051,5,24,93.20
2051,5,25,93.72
2051,5,26,91.32
2051,5,27,95.20
2051,5,28,91.50
2051,5,29,87.71
2051,5,30,84.31
2051,5,31,81.72
2051,6,1,78.87
2051,6,2,95.20
2051,6,3,95.20
2051,6,4,90.87
2051,6,5,87.55
2051,6,6,84.72
2051,6,7,81.35
2051,6,8,77.81
2051,6,9,78.02
2051,6,10,74.16
2051,6,11,71.15
2051,6,12,68.62
2051,6,13,75.35
2051,6,14,95.20
2051,6,15,95.20
2051,6,16,92.45
2051,6,17,89.76
2051,6,18,87.05
2051,6,19,85.34
2051,6,20,82.65
2051,6,21,78.26
2051,6,22,72.65
2051,6,23,67.07
2051,6,24,61.94
2051,6,25,57.71
2051,6,26,57.81
2051,6,27,59.84
2051,6,28,67.21
2051,6,29,62.52
2051,6,30,59.67
2051,7,1,64.44
2051,7,2,72.85
2051,7,3,68.37
2051,7,4,70.56
2051,7,5,69.29
2051,7,6,66.31
2051,7,7,62.60
2051,7,8,59.41
2051,7,9,55.85
2051,7,10,53.50
2051,7,11,49.52
2051,7,12,45.73
2051,7,13,42.20
2051,7,14,37.65
2051,7,15,35.32
2051,7,16,31.78
2051,7,17,28.18
2051,7,18,24.69
2051,7,19,21.92
2051,7,20,19.24
2051,7,21,17.27
2051,7,22,15.36
2051,7,23,13.15
2051,7,24,11.28
2051,7,25,9.43
2051,7,26,7.72
2051,7,27,6.33
2051,7,28,5.01
2051,7,29,4.23
2051,7,30,6.50
2051,7,31,14.50
2051,8,1,12.50
2051,8,2,11.12
2051,8,3,9.79
2051,8,4,19.31
2051,8,5,51.02
2051,8,6,49.07
2051,8,7,46.07
2051,8,8,42.84
2051,8,9,39.55
2051,8,10,37.30
2051,8,11,33.48
2051,8,12,29.40
2051,8,13,26.16
2051,8,14,22.93
2051,8,15,19.89
2051,8,16,17.34
2051,8,17,15.26
2051,8,18,14.06
2051,8,19,12.16
2051,8,20,10.24
2051,8,21,9.11
2051,8,22,8.17
2051,8,23,7.28
2051,8,24,6.58
2051,8,25,5.83
2051,8,26,9.79
2051,8,27,14.97
2051,8,28,13.27
2051,8,29,11.42
2051,8,30,9.72
2051,8,31,8.04
2051,9,1,6.74
2051,9,2,7.43
2051,9,3,6.50
2051,9,4,5.80
2051,9,5,8.64
2051,9,6,20.20
2051,9,7,43.13
2051,9,8,41.47
2051,9,9,48.35
2051,9,10,75.98
2051,9,11,94.39
2051,9,12,92.56
2051,9,13,88.92
2051,9,14,86.34
2051,9,15,83.63
2051,9,16,81.08
2051,9,17,78.26
2051,9,18,75.22
2051,9,19,72.54
2051,9,20,70.50
2051,9,21,68.64
2051,9,22,66.81
2051,9,23,64.74
2051,9,24,63.71
2051,9,25,70.22
2051,9,26,67.58
2051,9,27,64.87
2051,9,28,62.10
2051,9,29,59.73
2051,9,30,56.96
2051,10,1,56.72
2051,10,2,55.28
2051,10,3,58.02
2051,10,4,58.36
2051,10,5,60.09
2051,10,6,62.99
2051,10,7,61.29
2051,10,8,58.82
2051,10,9,58.05
2051,10,10,61.35
2051,10,11,72.34
2051,10,12,75.19
2051,10,13,88.82
2051,10,14,95.20
2051,10,15,95.20
2051,10,16,95.20
2051,10,17,93.53
2051,10,18,92.41
2051,10,19,94.08
2051,10,20,93.23
2051,10,21,92.39
2051,10,22,91.73
2051,10,23,89.32
2051,10,24,88.22
2051,10,25,89.15
2051,10,26,93.19
2051,10,27,95.20
2051,10,28,95.20
2051,10,29,95.20
2051,10,30,93.49
2051,10,31,92.01
2051,11,1,91.14
2051,11,2,89.71
2051,11,3,88.28
2051,11,4,87.43
2051,11,5,86.34
2051,11,6,85.57
2051,11,7,84.56
2051,11,8,83.37
2051,11,9,81.50
2051,11,10,80.14
2051,11,11,78.74
2051,11,12,77.11
2051,11,13,74.96
2051,11,14,76.39
2051,11,15,75.21
2051,11,16,76.80
2051,11,17,83.11
2051,11,18,82.97
2051,11,19,82.55
2051,11,20,81.80
2051,11,21,81.03
2051,11,22,80.00
2051,11,23,79.24
2051,11,24,78.54
2051,11,25,95.20
2051,11,26,95.20
2051,11,27,94.43
2051,11,28,95.20
2051,11,29,95.20
2051,11,30,95.20
2051,12,1,95.20
2051,12,2,95.20
2051,12,3,94.19
2051,12,4,93.37
2051,12,5,95.20
2051,12,6,95.20
2051,12,7,95.20
2051,12,8,95.20
2051,12,9,93.77
2051,12,10,93.00
2051,12,11,92.44
2051,12,12,91.89
2051,12,13,95.20
2051,12,14,95.20
2051,12,15,94.59
2051,12,16,94.16
2051,12,17,93.67
2051,12,18,93.30
2051,12,19,92.98
2051,12,20,92.59
2051,12,21,92.10
2051,12,22,91.64
2051,12,23,91.10
2051,12,24,90.56
2051,12,25,90.25
2051,12,26,89.97
2051,12,27,89.51
2051,12,28,89.16
2051,12,29,88.81
2051,12,30,93.63
2051,12,31,92.83
2052,1,1,92.19
2052,1,2,91.36
2052,1,3,90.69
2052,1,4,90.16
2052,1,5,89.76
2052,1,6,89.15
2052,1,7,88.60
2052,1,8,88.19
2052,1,9,87.89
2052,1,10,87.48
2052,1,11,86.93
2052,1,12,86.47
2052,1,13,86.19
2052,1,14,85.87
2052,1,15,85.54
2052,1,16,85.11
2052,1,17,84.63
2052,1,18,84.30
2052,1,19,83.95
2052,1,20,83.32
2052,1,21,82.74
2052,1,22,82.15
2052,1,23,90.83
2052,1,24,90.24
2052,1,25,89.71
2052,1,26,89.39
2052,1,27,89.15
2052,1,28,88.77
2052,1,29,95.20
2052,1,30,95.20
2052,1,31,94.75
2052,2,1,94.42
2052,2,2,94.12
2052,2,3,93.61
2052,2,4,93.13
2052,2,5,95.20
2052,2,6,94.49
2052,2,7,93.91
2052,2,8,93.32
2052,2,9,95.20
2052,2,10,95.20
2052,2,11,94.71
2052,2,12,94.27
2052,2,13,93.64
2052,2,14,95.20
2052,2,15,95.20
2052,2,16,95.20
2052,2,17,95.20
2052,2,18,94.69
2052,2,19,94.03
2052,2,20,93.45
2052,2,21,93.21
2052,2,22,92.94
2052,2,23,92.48
2052,2,24,92.74
2052,2,25,95.20
2052,2,26,95.20
2052,2,27,95.12
2052,2,28,95.20
2052,2,29,95.20
2052,3,1,95.20
2052,3,2,95.20
2052,3,3,95.20
2052,3,4,94.18
2052,3,5,94.74
2052,3,6,95.20
2052,3,7,95.20
2052,3,8,95.20
2052,3,9,95.20
2052,3,10,94.61
2052,3,11,93.86
2052,3,12,93.38
2052,3,13,92.63
2052,3,14,91.92
2052,3,15,91.40
2052,3,16,90.82
2052,3,17,95.20
2052,3,18,95.20
2052,3,19,94.08
2052,3,20,95.14
2052,3,21,95.20
2052,3,22,92.93
2052,3,23,91.72
2052,3,24,95.20
2052,3,25,93.80
2052,3,26,92.84
2052,3,27,92.00
2052,3,28,90.95
2052,3,29,95.20
2052,3,30,95.20
2052,3,31,95.20
2052,4,1,95.20
2052,4,2,94.34
2052,4,3,93.57
2052,4,4,95.20
2052,4,5,94.12
2052,4,6,95.20
2052,4,7,95.20
2052,4,8,95.20
2052,4,9,95.20
2052,4,10,95.20
2052,4,11,94.05
2052,4,12,92.93
2052,4,13,95.20
2052,4,14,95.20
2052,4,15,94.57
2052,4,16,92.95
2052,4,17,94.18
2052,4,18,91.36
2052,4,19,89.97
2052,4,20,88.50
2052,4,21,86.25
2052,4,22,83.55
2052,4,23,81.64
2052,4,24,85.82
2052,4,25,86.89
2052,4,26,84.44
2052,4,27,82.58
2052,4,28,81.20
2052,4,29,79.44
2052,4,30,77.36
2052,5,1,76.02
2052,5,2,73.85
2052,5,3,73.51
2052,5,4,71.59
2052,5,5,69.82
2052,5,6,82.96
2052,5,7,91.65
2052,5,8,95.01
2052,5,9,94.44
2052,5,10,93.38
2052,5,11,92.74
2052,5,12,91.17
2052,5,13,89.27
2052,5,14,87.64
2052,5,15,84.75
2052,5,16,83.80
2052,5,17,82.35
2052,5,18,80.88
2052,5,19,79.04
2052,5,20,76.63
2052,5,21,79.00
2052,5,22,78.47
2052,5,23,75.99
2052,5,24,73.81
2052,5,25,74.31
2052,5,26,76.03
2052,5,27,74.05
2052,5,28,71.61
2052,5,29,71.37
2052,5,30,71.29
2052,5,31,68.39
2052,6,1,64.52
2052,6,2,61.64
2052,6,3,68.81
2052,6,4,89.72
2052,6,5,95.19
2052,6,6,91.91
2052,6,7,88.94
2052,6,8,85.69
2052,6,9,82.95
2052,6,10,83.11
2052,6,11,94.58
2052,6,12,92.17
2052,6,13,88.96
2052,6,14,86.12
2052,6,15,84.59
2052,6,16,82.83
2052,6,17,80.39
2052,6,18,77.93
2052,6,19,83.09
2052,6,20,95.20
2052,6,21,91.95
2052,6,22,92.73
2052,6,23,92.47
2052,6,24,88.91
2052,6,25,95.20
2052,6,26,95.20
2052,6,27,89.62
2052,6,28,85.20
2052,6,29,82.00
2052,6,30,80.24
2052,7,1,77.09
2052,7,2,73.66
2052,7,3,69.80
2052,7,4,65.75
2052,7,5,61.56
2052,7,6,57.90
2052,7,7,55.68
2052,7,8,64.22
2052,7,9,63.89
2052,7,10,58.41
2052,7,11,53.99
2052,7,12,49.99
2052,7,13,46.58
2052,7,14,42.43
2052,7,15,38.42
2052,7,16,35.04
2052,7,17,50.02
2052,7,18,47.85
2052,7,19,43.46
2052,7,20,40.02
2052,7,21,36.83
2052,7,22,34.05
2052,7,23,31.31
2052,7,24,28.59
2052,7,25,25.75
2052,7,26,25.13
2052,7,27,29.50
2052,7,28,26.41
2052,7,29,23.27
2052,7,30,20.49
2052,7,31,17.86
2052,8,1,15.63
2052,8,2,14.27
2052,8,3,20.51
2052,8,4,32.69
2052,8,5,37.63
2052,8,6,34.64
2052,8,7,32.00
2052,8,8,32.58
2052,8,9,42.19
2052,8,10,38.62
2052,8,11,35.56
2052,8,12,33.02
2052,8,13,30.23
2052,8,14,27.31
2052,8,15,23.94
2052,8,16,20.81
2052,8,17,19.40
2052,8,18,16.29
2052,8,19,13.99
2052,8,20,15.18
2052,8,21,12.83
2052,8,22,10.91
2052,8,23,9.84
2052,8,24,8.32
2052,8,25,8.02
2052,8,26,6.56
2052,8,27,7.45
2052,8,28,6.38
2052,8,29,5.47
2052,8,30,4.69
2052,8,31,38.85
2052,9,1,46.70
2052,9,2,43.26
2052,9,3,39.95
2052,9,4,36.51
2052,9,5,32.82
2052,9,6,29.33
2052,9,7,28.52
2052,9,8,25.70
2052,9,9,38.68
2052,9,10,55.41
2052,9,11,52.63
2052,9,12,49.57
2052,9,13,69.38
2052,9,14,72.78
2052,9,15,70.11
2052,9,16,67.34
2052,9,17,64.70
2052,9,18,61.48
2052,9,19,58.18
2052,9,20,54.84
2052,9,21,55.50
2052,9,22,59.96
2052,9,23,65.39
2052,9,24,62.99
2052,9,25,60.50
2052,9,26,59.25
2052,9,27,58.23
2052,9,28,57.00
2052,9,29,63.45
2052,9,30,71.61
2052,10,1,71.92
2052,10,2,70.90
2052,10,3,69.65
2052,10,4,72.29
2052,10,5,79.62
2052,10,6,80.80
2052,10,7,79.69
2052,10,8,78.40
2052,10,9,76.88
2052,10,10,75.00
2052,10,11,73.23
2052,10,12,72.24
2052,10,13,69.75
2052,10,14,68.34
2052,10,15,70.94
2052,10,16,69.72
2052,10,17,68.22
2052,10,18,67.11
2052,10,19,65.66
2052,10,20,67.89
2052,10,21,90.49
2052,10,22,95.20
2052,10,23,93.67
2052,10,24,91.76
2052,10,25,89.89
2052,10,26,87.93
2052,10,27,86.83
2052,10,28,90.37
2052,10,29,95.20
2052,10,30,95.20
2052,10,31,93.42
2052,11,1,92.09
2052,11,2,91.18
2052,11,3,90.15
2052,11,4,89.83
2052,11,5,88.89
2052,11,6,87.32
2052,11,7,85.87
2052,11,8,84.75
2052,11,9,87.19
2052,11,10,86.55
2052,11,11,86.08
2052,11,12,85.45
2052,11,13,86.99
2052,11,14,87.58
2052,11,15,86.75
2052,11,16,87.69
2052,11,17,94.01
2052,11,18,93.21
2052,11,19,95.20
2052,11,20,95.20
2052,11,21,94.75
2052,11,22,95.20
2052,11,23,95.20
2052,11,24,94.32
2052,11,25,93.61
2052,11,26,92.96
2052,11,27,92.43
2052,11,28,91.87
2052,11,29,91.27
2052,11,30,90.67
2052,12,1,90.04
2052,12,2,89.42
2052,12,3,88.51
2052,12,4,92.82
2052,12,5,95.20
2052,12,6,94.77
2052,12,7,94.35
2052,12,8,94.16
2052,12,9,94.25
2052,12,10,93.61
2052,12,11,94.93
2052,12,12,94.23
2052,12,13,93.57
2052,12,14,92.88
2052,12,15,92.13
2052,12,16,91.50
2052,12,17,90.91
2052,12,18,90.21
2052,12,19,89.91
2052,12,20,90.07
2052,12,21,89.60
2052,12,22,89.42
2052,12,23,89.08
2052,12,24,88.67
2052,12,25,88.22
2052,12,26,95.20
2052,12,27,94.46
2052,12,28,95.20
2052,12,29,94.63
2052,12,30,94.11
2052,12,31,93.65
2053,1,1,93.24
2053,1,2,92.88
2053,1,3,92.41
2053,1,4,95.20
2053,1,5,94.53
2053,1,6,94.12
2053,1,7,93.64
2053,1,8,93.00
2053,1,9,92.61
2053,1,10,92.30
2053,1,11,92.02
2053,1,12,91.68
2053,1,13,91.23
2053,1,14,90.59
2053,1,15,90.21
2053,1,16,89.91
2053,1,17,89.46
2053,1,18,89.16
2053,1,19,88.89
2053,1,20,88.48
2053,1,21,88.12
2053,1,22,87.77
2053,1,23,87.29
2053,1,24,90.22
2053,1,25,89.53
2053,1,26,90.30
2053,1,27,89.63
2053,1,28,89.09
2053,1,29,95.20
2053,1,30,94.63
2053,1,31,94.22
2053,2,1,93.65
2053,2,2,93.05
2053,2,3,92.66
2053,2,4,92.36
2053,2,5,92.06
2053,2,6,91.53
2053,2,7,90.98
2053,2,8,90.55
2053,2,9,89.92
2053,2,10,93.77
2053,2,11,95.20
2053,2,12,95.20
2053,2,13,94.44
2053,2,14,93.79
2053,2,15,95.20
2053,2,16,94.33
2053,2,17,93.54
2053,2,18,93.16
2053,2,19,92.76
2053,2,20,92.12
2053,2,21,91.64
2053,2,22,91.22
2053,2,23,90.52
2053,2,24,95.20
2053,2,25,94.61
2053,2,26,94.18
2053,2,27,93.63
2053,2,28,95.20
2053,3,1,94.39
2053,3,2,95.20
2053,3,3,95.20
2053,3,4,95.20
2053,3,5,95.20
2053,3,6,95.20
2053,3,7,94.24
2053,3,8,93.35
2053,3,9,92.11
2053,3,10,90.95
2053,3,11,90.76
2053,3,12,89.94
2053,3,13,89.63
2053,3,14,88.77
2053,3,15,87.44
2053,3,16,87.58
2053,3,17,86.74
2053,3,18,86.00
2053,3,19,95.20
2053,3,20,95.20
2053,3,21,94.33
2053,3,22,93.40
2053,3,23,92.15
2053,3,24,90.83
2053,3,25,90.98
2053,3,26,94.56
2053,3,27,94.70
2053,3,28,95.20
2053,3,29,95.20
2053,3,30,95.20
2053,3,31,95.20
2053,4,1,95.20
2053,4,2,95.20
2053,4,3,94.25
2053,4,4,92.87
2053,4,5,91.46
2053,4,6,89.85
2053,4,7,88.87
2053,4,8,86.57
2053,4,9,84.72
2053,4,10,83.15
2053,4,11,81.36
2053,4,12,79.84
2053,4,13,78.23
2053,4,14,75.47
2053,4,15,72.90
2053,4,16,71.31
2053,4,17,69.59
2053,4,18,72.23
2053,4,19,70.56
2053,4,20,74.79
2053,4,21,89.96
2053,4,22,95.20
2053,4,23,93.28
2053,4,24,91.77
2053,4,25,95.20
2053,4,26,95.20
2053,4,27,93.40
2053,4,28,91.94
2053,4,29,89.98
2053,4,30,88.74
2053,5,1,87.52
2053,5,2,85.94
2053,5,3,84.32
2053,5,4,82.65
2053,5,5,80.96
2053,5,6,78.99
2053,5,7,80.69
2053,5,8,78.40
2053,5,9,77.55
2053,5,10,79.17
2053,5,11,83.64
2053,5,12,84.58
2053,5,13,83.00
2053,5,14,78.48
2053,5,15,74.05
2053,5,16,70.42
2053,5,17,68.04
2053,5,18,66.24
2053,5,19,64.43
2053,5,20,62.36
2053,5,21,64.24
2053,5,22,63.97
2053,5,23,61.97
2053,5,24,59.60
2053,5,25,56.99
2053,5,26,55.85
2053,5,27,55.06
2053,5,28,54.50
2053,5,29,51.53
2053,5,30,49.25
2053,5,31,45.62
2053,6,1,47.68
2053,6,2,50.89
2053,6,3,61.26
2053,6,4,62.64
2053,6,5,59.67
2053,6,6,57.25
2053,6,7,54.26
2053,6,8,51.77
2053,6,9,49.47
2053,6,10,47.23
2053,6,11,45.72
2053,6,12,52.80
2053,6,13,49.58
2053,6,14,45.89
2053,6,15,43.12
2053,6,16,43.28
2053,6,17,40.18
2053,6,18,38.95
2053,6,19,48.99
2053,6,20,57.46
2053,6,21,55.32
2053,6,22,50.94
2053,6,23,49.21
2053,6,24,56.57
2053,6,25,68.35
2053,6,26,83.00
2053,6,27,95.20
2053,6,28,93.28
2053,6,29,89.08
2053,6,30,87.00
2053,7,1,84.88
2053,7,2,86.65
2053,7,3,84.45
2053,7,4,81.44
2053,7,5,78.18
2053,7,6,95.20
2053,7,7,95.20
2053,7,8,95.20
2053,7,9,91.45
2053,7,10,87.67
2053,7,11,86.21
2053,7,12,92.05
2053,7,13,88.68
2053,7,14,87.84
2053,7,15,88.26
2053,7,16,84.54
2053,7,17,81.14
2053,7,18,77.79
2053,7,19,86.04
2053,7,20,81.87
2053,7,21,79.40
2053,7,22,82.91
2053,7,23,78.78
2053,7,24,74.33
2053,7,25,69.95
2053,7,26,66.59
2053,7,27,62.44
2053,7,28,57.45
2053,7,29,54.44
2053,7,30,52.06
2053,7,31,47.96
2053,8,1,44.70
2053,8,2,41.18
2053,8,3,37.88
2053,8,4,34.64
2053,8,5,31.12
2053,8,6,27.52
2053,8,7,24.74
2053,8,8,22.11
2053,8,9,19.35
2053,8,10,26.81
2053,8,11,23.57
2053,8,12,20.63
2053,8,13,20.12
2053,8,14,18.79
2053,8,15,16.56
2053,8,16,14.28
2053,8,17,12.74
2053,8,18,15.76
2053,8,19,13.50
2053,8,20,12.38
2053,8,21,10.86
2053,8,22,9.53
2053,8,23,7.81
2053,8,24,7.44
2053,8,25,6.30
2053,8,26,5.54
2053,8,27,5.44
2053,8,28,4.39
2053,8,29,8.31
2053,8,30,22.06
2053,8,31,25.75
2053,9,1,23.07
2053,9,2,21.23
2053,9,3,19.77
2053,9,4,19.13
2053,9,5,29.08
2053,9,6,27.42
2053,9,7,25.18
2053,9,8,32.21
2053,9,9,30.32
2053,9,10,28.15
2053,9,11,25.97
2053,9,12,29.32
2053,9,13,44.03
2053,9,14,42.31
2053,9,15,40.41
2053,9,16,39.03
2053,9,17,37.31
2053,9,18,35.41
2053,9,19,33.44
2053,9,20,31.92
2053,9,21,30.84
2053,9,22,29.42
2053,9,23,27.76
2053,9,24,26.00
2053,9,25,24.07
2053,9,26,22.51
2053,9,27,20.78
2053,9,28,26.07
2053,9,29,54.53
2053,9,30,95.20
2053,10,1,95.20
2053,10,2,93.23
2053,10,3,91.62
2053,10,4,89.97
2053,10,5,90.27
2053,10,6,95.20
2053,10,7,95.20
2053,10,8,95.20
2053,10,9,94.13
2053,10,10,92.58
2053,10,11,90.61
2053,10,12,89.84
2053,10,13,95.20
2053,10,14,95.20
2053,10,15,93.20
2053,10,16,91.61
2053,10,17,89.92
2053,10,18,90.81
2053,10,19,95.20
2053,10,20,95.20
2053,10,21,93.60
2053,10,22,92.16
2053,10,23,92.08
2053,10,24,95.20
2053,10,25,95.20
2053,10,26,95.20
2053,10,27,94.15
2053,10,28,92.90
2053,10,29,91.47
2053,10,30,89.86
2053,10,31,88.38
2053,11,1,87.42
2053,11,2,86.55
2053,11,3,85.45
2053,11,4,84.22
2053,11,5,82.76
2053,11,6,87.30
2053,11,7,85.77
2053,11,8,84.50
2053,11,9,85.29
2053,11,10,87.93
2053,11,11,87.09
2053,11,12,86.34
2053,11,13,87.34
2053,11,14,94.62
2053,11,15,93.63
2053,11,16,93.51
2053,11,17,92.41
2053,11,18,91.61
2053,11,19,92.03
2053,11,20,92.48
2053,11,21,91.21
2053,11,22,92.23
2053,11,23,95.20
2053,11,24,94.56
2053,11,25,94.01
2053,11,26,95.20
2053,11,27,94.51
2053,11,28,93.70
2053,11,29,93.06
2053,11,30,92.34
2053,12,1,91.65
2053,12,2,95.20
2053,12,3,95.20
2053,12,4,94.48
2053,12,5,95.06
2053,12,6,94.05
2053,12,7,93.22
2053,12,8,92.66
2053,12,9,95.20
2053,12,10,94.37
2053,12,11,93.78
2053,12,12,92.99
2053,12,13,92.01
2053,12,14,94.48
2053,12,15,93.78
2053,12,16,95.20
2053,12,17,94.86
2053,12,18,94.36
2053,12,19,93.70
2053,12,20,93.04
2053,12,21,92.54
2053,12,22,92.01
2053,12,23,91.50
2053,12,24,91.01
2053,12,25,90.62
2053,12,26,90.15
2053,12,27,89.72
2053,12,28,89.23
2053,12,29,88.81
2053,12,30,88.42
2053,12,31,87.91
2054,1,1,90.88
2054,1,2,95.20
2054,1,3,94.74
2054,1,4,94.43
2054,1,5,94.06
2054,1,6,93.69
2054,1,7,93.44
2054,1,8,93.04
2054,1,9,95.20
2054,1,10,95.20
2054,1,11,94.75
2054,1,12,94.46
2054,1,13,94.11
2054,1,14,95.20
2054,1,15,95.20
2054,1,16,95.20
2054,1,17,95.20
2054,1,18,95.20
2054,1,19,95.20
2054,1,20,94.75
2054,1,21,94.29
2054,1,22,93.71
2054,1,23,93.07
2054,1,24,92.43
2054,1,25,91.74
2054,1,26,95.20
2054,1,27,95.20
2054,1,28,94.62
2054,1,29,94.04
2054,1,30,93.10
2054,1,31,91.75
2054,2,1,95.20
2054,2,2,94.76
2054,2,3,94.24
2054,2,4,93.79
2054,2,5,93.43
2054,2,6,93.00
2054,2,7,92.58
2054,2,8,92.01
2054,2,9,95.20
2054,2,10,94.67
2054,2,11,94.32
2054,2,12,93.85
2054,2,13,93.23
2054,2,14,95.20
2054,2,15,94.61
2054,2,16,94.06
2054,2,17,93.40
2054,2,18,92.80
2054,2,19,95.20
2054,2,20,95.20
2054,2,21,94.17
2054,2,22,93.61
2054,2,23,95.20
2054,2,24,94.54
2054,2,25,93.98
2054,2,26,93.31
2054,2,27,92.80
2054,2,28,92.37
2054,3,1,91.84
2054,3,2,93.66
2054,3,3,92.96
2054,3,4,95.20
2054,3,5,95.20
2054,3,6,94.64
2054,3,7,95.20
2054,3,8,94.51
2054,3,9,94.06
2054,3,10,95.20
2054,3,11,95.20
2054,3,12,94.42
2054,3,13,93.84
2054,3,14,93.34
2054,3,15,92.90
2054,3,16,92.24
2054,3,17,91.56
2054,3,18,95.20
2054,3,19,95.20
2054,3,20,95.20
2054,3,21,94.40
2054,3,22,93.53
2054,3,23,95.20
2054,3,24,95.20
2054,3,25,93.80
2054,3,26,92.24
2054,3,27,91.00
2054,3,28,90.21
2054,3,29,95.20
2054,3,30,94.43
2054,3,31,95.20
2054,4,1,93.89
2054,4,2,92.51
2054,4,3,95.20
2054,4,4,95.20
2054,4,5,95.20
2054,4,6,95.20
2054,4,7,93.50
2054,4,8,95.20
2054,4,9,94.33
2054,4,10,92.29
2054,4,11,94.04
2054,4,12,95.20
2054,4,13,95.20
2054,4,14,95.20
2054,4,15,93.96
2054,4,16,95.20
2054,4,17,95.20
2054,4,18,95.20
2054,4,19,93.77
2054,4,20,91.76
2054,4,21,95.20
2054,4,22,95.20
2054,4,23,93.26
2054,4,24,91.82
2054,4,25,90.46
2054,4,26,88.69
2054,4,27,88.26
2054,4,28,92.35
2054,4,29,95.20
2054,4,30,95.20
2054,5,1,93.85
2054,5,2,92.46
2054,5,3,91.21
2054,5,4,89.40
2054,5,5,87.08
2054,5,6,84.52
2054,5,7,81.65
2054,5,8,81.84
2054,5,9,81.43
2054,5,10,95.20
2054,5,11,95.20
2054,5,12,95.20
2054,5,13,93.19
2054,5,14,90.66
2054,5,15,88.03
2054,5,16,86.10
2054,5,17,90.15
2054,5,18,87.41
2054,5,19,85.47
2054,5,20,83.73
2054,5,21,81.12
2054,5,22,78.36
2054,5,23,75.43
2054,5,24,77.41
2054,5,25,79.96
2054,5,26,92.27
2054,5,27,88.04
2054,5,28,90.24
2054,5,29,95.20
2054,5,30,95.20
2054,5,31,91.07
2054,6,1,86.94
2054,6,2,83.47
2054,6,3,80.74
2054,6,4,79.18
2054,6,5,94.04
2054,6,6,95.20
2054,6,7,91.03
2054,6,8,89.64
2054,6,9,91.43
2054,6,10,89.59
2054,6,11,86.06
2054,6,12,82.74
2054,6,13,78.63
2054,6,14,88.46
2054,6,15,95.20
2054,6,16,91.24
2054,6,17,87.88
2054,6,18,84.32
2054,6,19,80.27
2054,6,20,76.43
2054,6,21,76.79
2054,6,22,70.70
2054,6,23,69.33
2054,6,24,70.46
2054,6,25,76.11
2054,6,26,72.95
2054,6,27,69.76
2054,6,28,65.69
2054,6,29,62.00
2054,6,30,84.52
2054,7,1,86.48
2054,7,2,81.90
2054,7,3,77.67
2054,7,4,72.39
2054,7,5,67.25
2054,7,6,62.36
2054,7,7,57.74
2054,7,8,71.60
2054,7,9,80.68
2054,7,10,77.06
2054,7,11,76.01
2054,7,12,72.81
2054,7,13,67.77
2054,7,14,62.85
2054,7,15,60.86
2054,7,16,57.33
2054,7,17,53.35
2054,7,18,50.12
2054,7,19,67.24
2054,7,20,65.80
2054,7,21,61.85
2054,7,22,61.58
2054,7,23,57.35
2054,7,24,53.54
2054,7,25,49.71
2054,7,26,75.01
2054,7,27,83.18
2054,7,28,82.88
2054,7,29,79.24
2054,7,30,75.52
2054,7,31,72.18
2054,8,1,68.92
2054,8,2,65.75
2054,8,3,60.70
2054,8,4,55.09
2054,8,5,54.06
2054,8,6,63.13
2054,8,7,60.90
2054,8,8,59.65
2054,8,9,54.84
2054,8,10,50.26
2054,8,11,45.65
2054,8,12,40.06
2054,8,13,36.25
2054,8,14,32.78
2054,8,15,30.44
2054,8,16,28.19
2054,8,17,25.88
2054,8,18,23.52
2054,8,19,21.11
2054,8,20,18.81
2054,8,21,16.49
2054,8,22,14.45
2054,8,23,13.20
2054,8,24,11.95
2054,8,25,12.89
2054,8,26,16.33
2054,8,27,15.44
2054,8,28,13.50
2054,8,29,23.55
2054,8,30,25.26
2054,8,31,23.11
2054,9,1,28.48
2054,9,2,31.79
2054,9,3,29.71
2054,9,4,30.43
2054,9,5,34.39
2054,9,6,33.24
2054,9,7,35.64
2054,9,8,44.94
2054,9,9,43.94
2054,9,10,41.61
2054,9,11,44.22
2054,9,12,45.11
2054,9,13,42.21
2054,9,14,39.94
2054,9,15,39.76
2054,9,16,37.55
2054,9,17,35.47
2054,9,18,34.54
2054,9,19,32.11
2054,9,20,29.22
2054,9,21,26.86
2054,9,22,25.30
2054,9,23,37.83
2054,9,24,58.63
2054,9,25,56.10
2054,9,26,53.56
2054,9,27,52.75
2054,9,28,52.01
2054,9,29,50.64
2054,9,30,49.39
2054,10,1,48.06
2054,10,2,46.15
2054,10,3,43.90
2054,10,4,41.49
2054,10,5,40.17
2054,10,6,39.11
2054,10,7,38.03
2054,10,8,36.75
2054,10,9,35.19
2054,10,10,34.01
2054,10,11,38.37
2054,10,12,57.05
2054,10,13,58.70
2054,10,14,57.38
2054,10,15,56.00
2054,10,16,54.60
2054,10,17,53.31
2054,10,18,51.89
2054,10,19,50.52
2054,10,20,55.91
2054,10,21,59.16
2054,10,22,58.11
2054,10,23,56.99
2054,10,24,55.65
2054,10,25,54.14
2054,10,26,63.08
2054,10,27,66.74
2054,10,28,65.28
2054,10,29,63.81
2054,10,30,62.32
2054,10,31,68.05
2054,11,1,87.36
2054,11,2,86.40
2054,11,3,85.65
2054,11,4,84.99
2054,11,5,92.29
2054,11,6,95.20
2054,11,7,95.20
2054,11,8,94.20
2054,11,9,93.38
2054,11,10,92.59
2054,11,11,91.82
2054,11,12,95.20
2054,11,13,95.20
2054,11,14,94.36
2054,11,15,93.75
2054,11,16,93.13
2054,11,17,95.20
2054,11,18,95.20
2054,11,19,95.20
2054,11,20,95.08
2054,11,21,95.20
2054,11,22,95.20
2054,11,23,94.46
2054,11,24,95.05
2054,11,25,94.57
2054,11,26,93.81
2054,11,27,93.00
2054,11,28,92.12
2054,11,29,95.20
2054,11,30,95.20
2054,12,1,95.20
2054,12,2,94.11
2054,12,3,95.20
2054,12,4,95.20
2054,12,5,94.63
2054,12,6,93.99
2054,12,7,93.29
2054,12,8,92.16
2054,12,9,92.54
2054,12,10,94.64
2054,12,11,93.66
2054,12,12,93.10
2054,12,13,92.74
2054,12,14,92.23
2054,12,15,95.01
2054,12,16,94.55
2054,12,17,94.45
2054,12,18,93.66
2054,12,19,92.67
2054,12,20,91.28
2054,12,21,90.19
2054,12,22,91.32
2054,12,23,95.20
2054,12,24,94.60
2054,12,25,94.40
2054,12,26,95.20
2054,12,27,95.20
2054,12,28,95.20
2054,12,29,94.57
2054,12,30,94.05
2054,12,31,93.66
2055,1,1,93.16
2055,1,2,95.20
2055,1,3,95.20
2055,1,4,94.63
2055,1,5,94.18
2055,1,6,93.84
2055,1,7,93.55
2055,1,8,93.16
2055,1,9,92.67
2055,1,10,92.10
2055,1,11,91.58
2055,1,12,95.20
2055,1,13,95.20
2055,1,14,94.95
2055,1,15,94.70
2055,1,16,94.31
2055,1,17,93.80
2055,1,18,93.27
2055,1,19,92.77
2055,1,20,92.35
2055,1,21,91.91
2055,1,22,91.52
2055,1,23,95.20
2055,1,24,94.67
2055,1,25,94.30
2055,1,26,93.88
2055,1,27,93.33
2055,1,28,92.68
2055,1,29,92.08
2055,1,30,95.20
2055,1,31,94.34
2055,2,1,93.69
2055,2,2,93.19
2055,2,3,92.69
2055,2,4,92.40
2055,2,5,92.05
2055,2,6,95.20
2055,2,7,95.20
2055,2,8,95.20
2055,2,9,94.45
2055,2,10,93.76
2055,2,11,95.20
2055,2,12,94.93
2055,2,13,95.20
2055,2,14,94.58
2055,2,15,94.04
2055,2,16,93.56
2055,2,17,92.95
2055,2,18,95.20
2055,2,19,94.66
2055,2,20,94.13
2055,2,21,93.89
2055,2,22,93.52
2055,2,23,92.99
2055,2,24,92.53
2055,2,25,92.01
2055,2,26,91.40
2055,2,27,95.20
2055,2,28,95.20
2055,3,1,95.20
2055,3,2,95.20
2055,3,3,94.46
2055,3,4,95.20
2055,3,5,95.20
2055,3,6,95.20
2055,3,7,94.69
2055,3,8,94.04
2055,3,9,93.32
2055,3,10,94.56
2055,3,11,93.83
2055,3,12,93.26
2055,3,13,92.62
2055,3,14,95.20
2055,3,15,95.20
2055,3,16,95.20
2055,3,17,95.20
2055,3,18,95.20
2055,3,19,94.23
2055,3,20,94.23
2055,3,21,94.34
2055,3,22,93.14
2055,3,23,93.64
2055,3,24,92.71
2055,3,25,91.84
2055,3,26,90.90
2055,3,27,92.87
2055,3,28,95.20
2055,3,29,95.20
2055,3,30,93.68
2055,3,31,95.20
2055,4,1,95.19
2055,4,2,94.07
2055,4,3,95.20
2055,4,4,95.20
2055,4,5,95.20
2055,4,6,93.96
2055,4,7,92.49
2055,4,8,91.15
2055,4,9,89.66
2055,4,10,90.00
2055,4,11,95.20
2055,4,12,94.44
2055,4,13,93.03
2055,4,14,91.61
2055,4,15,91.02
2055,4,16,95.20
2055,4,17,95.20
2055,4,18,92.54
2055,4,19,90.49
2055,4,20,87.70
2055,4,21,84.76
2055,4,22,89.82
2055,4,23,87.31
2055,4,24,85.43
2055,4,25,94.05
2055,4,26,92.29
2055,4,27,90.32
2055,4,28,91.48
2055,4,29,90.43
2055,4,30,92.36
2055,5,1,89.47
2055,5,2,87.25
2055,5,3,84.92
2055,5,4,83.93
2055,5,5,87.02
2055,5,6,85.02
2055,5,7,82.89
2055,5,8,95.20
2055,5,9,95.20
2055,5,10,94.38
2055,5,11,92.06
2055,5,12,91.35
2055,5,13,87.88
2055,5,14,90.23
2055,5,15,89.96
2055,5,16,87.78
2055,5,17,86.12
2055,5,18,83.75
2055,5,19,80.56
2055,5,20,76.70
2055,5,21,72.19
2055,5,22,70.35
2055,5,23,80.67
2055,5,24,88.90
2055,5,25,86.30
2055,5,26,82.73
2055,5,27,79.33
2055,5,28,75.79
2055,5,29,71.90
2055,5,30,68.53
2055,5,31,65.88
2055,6,1,63.24
2055,6,2,60.34
2055,6,3,57.32
2055,6,4,53.88
2055,6,5,51.37
2055,6,6,48.94
2055,6,7,46.27
2055,6,8,44.01
2055,6,9,41.76
2055,6,10,38.68
2055,6,11,35.07
2055,6,12,32.91
2055,6,13,30.43
2055,6,14,26.69
2055,6,15,24.29
2055,6,16,22.37
2055,6,17,22.07
2055,6,18,18.46
2055,6,19,16.07
2055,6,20,13.29
2055,6,21,11.27
2055,6,22,10.55
2055,6,23,9.03
2055,6,24,7.59
2055,6,25,15.76
2055,6,26,13.53
2055,6,27,11.27
2055,6,28,10.53
2055,6,29,14.91
2055,6,30,13.33
2055,7,1,11.74
2055,7,2,10.05
2055,7,3,8.51
2055,7,4,7.17
2055,7,5,5.98
2055,7,6,4.39
2055,7,7,3.35
2055,7,8,2.53
2055,7,9,2.26
2055,7,10,1.87
2055,7,11,1.54
2055,7,12,1.17
2055,7,13,0.88
2055,7,14,0.69
2055,7,15,0.49
2055,7,16,0.38
2055,7,17,0.30
2055,7,18,0.25
2055,7,19,1.31
2055,7,20,1.06
2055,7,21,0.81
2055,7,22,0.64
2055,7,23,0.50
2055,7,24,0.40
2055,7,25,0.34
2055,7,26,7.20
2055,7,27,10.24
2055,7,28,15.72
2055,7,29,18.68
2055,7,30,18.31
2055,7,31,15.95
2055,8,1,18.58
2055,8,2,23.45
2055,8,3,21.35
2055,8,4,18.88
2055,8,5,16.96
2055,8,6,13.86
2055,8,7,11.59
2055,8,8,13.24
2055,8,9,13.22
2055,8,10,17.25
2055,8,11,14.87
2055,8,12,12.52
2055,8,13,10.82
2055,8,14,9.50
2055,8,15,8.16
2055,8,16,7.18
2055,8,17,6.13
2055,8,18,5.09
2055,8,19,4.15
2055,8,20,3.35
2055,8,21,2.57
2055,8,22,2.15
2055,8,23,1.75
2055,8,24,2.06
2055,8,25,1.73
2055,8,26,1.50
2055,8,27,1.23
2055,8,28,7.77
2055,8,29,9.26
2055,8,30,8.01
2055,8,31,7.00
2055,9,1,6.19
2055,9,2,7.60
2055,9,3,6.75
2055,9,4,6.36
2055,9,5,14.89
2055,9,6,14.25
2055,9,7,17.67
2055,9,8,20.54
2055,9,9,25.49
2055,9,10,23.69
2055,9,11,20.91
2055,9,12,21.54
2055,9,13,22.05
2055,9,14,25.48
2055,9,15,23.31
2055,9,16,21.28
2055,9,17,21.98
2055,9,18,23.49
2055,9,19,24.29
2055,9,20,29.14
2055,9,21,28.02
2055,9,22,34.17
2055,9,23,77.17
2055,9,24,83.44
2055,9,25,81.01
2055,9,26,78.27
2055,9,27,75.52
2055,9,28,72.85
2055,9,29,70.39
2055,9,30,67.88
2055,10,1,66.03
2055,10,2,70.86
2055,10,3,68.56
2055,10,4,66.43
2055,10,5,64.72
2055,10,6,66.20
2055,10,7,64.78
2055,10,8,63.50
2055,10,9,62.19
2055,10,10,60.13
2055,10,11,59.33
2055,10,12,78.86
2055,10,13,95.20
2055,10,14,95.20
2055,10,15,94.11
2055,10,16,95.20
2055,10,17,94.15
2055,10,18,93.04
2055,10,19,92.02
2055,10,20,90.98
2055,10,21,89.78
2055,10,22,88.64
2055,10,23,87.80
2055,10,24,86.96
2055,10,25,86.00
2055,10,26,84.70
2055,10,27,83.21
2055,10,28,81.59
2055,10,29,80.00
2055,10,30,78.51
2055,10,31,76.95
2055,11,1,85.42
2055,11,2,95.20
2055,11,3,94.76
2055,11,4,93.83
2055,11,5,92.77
2055,11,6,92.00
2055,11,7,91.04
2055,11,8,95.20
2055,11,9,95.20
2055,11,10,94.73
2055,11,11,93.60
2055,11,12,92.60
2055,11,13,91.86
2055,11,14,91.32
2055,11,15,95.20
2055,11,16,95.20
2055,11,17,95.20
2055,11,18,95.20
2055,11,19,94.01
2055,11,20,95.20
2055,11,21,95.20
2055,11,22,94.61
2055,11,23,93.78
2055,11,24,95.20
2055,11,25,94.31
2055,11,26,94.03
2055,11,27,94.97
2055,11,28,95.08
2055,11,29,94.84
2055,11,30,95.20
2055,12,1,94.25
2055,12,2,93.49
2055,12,3,92.45
2055,12,4,94.12
2055,12,5,95.20
2055,12,6,94.16
2055,12,7,94.70
2055,12,8,94.11
2055,12,9,93.68
2055,12,10,93.26
2055,12,11,92.82
2055,12,12,92.37
2055,12,13,91.87
2055,12,14,91.41
2055,12,15,90.94
2055,12,16,90.52
2055,12,17,90.13
2055,12,18,89.58
2055,12,19,95.20
2055,12,20,95.20
2055,12,21,95.20
2055,12,22,95.20
2055,12,23,94.61
2055,12,24,94.08
2055,12,25,93.62
2055,12,26,93.13
2055,12,27,95.20
2055,12,28,95.17
2055,12,29,95.20
2055,12,30,95.20
2055,12,31,95.20
2056,1,1,95.20
2056,1,2,94.52
2056,1,3,94.03
2056,1,4,93.54
2056,1,5,93.08
2056,1,6,92.63
2056,1,7,92.14
2056,1,8,91.71
2056,1,9,91.07
2056,1,10,95.20
2056,1,11,94.62
2056,1,12,94.20
2056,1,13,93.81
2056,1,14,93.27
2056,1,15,95.20
2056,1,16,94.75
2056,1,17,94.48
2056,1,18,94.05
2056,1,19,95.20
2056,1,20,95.20
2056,1,21,94.39
2056,1,22,93.75
2056,1,23,93.20
2056,1,24,92.66
2056,1,25,92.33
2056,1,26,91.95
2056,1,27,91.56
2056,1,28,91.18
2056,1,29,90.66
2056,1,30,89.99
2056,1,31,89.40
2056,2,1,88.75
2056,2,2,93.93
2056,2,3,93.25
2056,2,4,95.20
2056,2,5,95.20
2056,2,6,95.20
2056,2,7,94.61
2056,2,8,94.30
2056,2,9,93.65
2056,2,10,93.06
2056,2,11,92.58
2056,2,12,92.25
2056,2,13,91.80
2056,2,14,95.20
2056,2,15,95.20
2056,2,16,94.61
2056,2,17,94.30
2056,2,18,93.93
2056,2,19,93.38
2056,2,20,95.20
2056,2,21,94.45
2056,2,22,93.78
2056,2,23,93.01
2056,2,24,92.64
2056,2,25,95.20
2056,2,26,95.20
2056,2,27,95.20
2056,2,28,93.97
2056,2,29,92.76
2056,3,1,91.74
2056,3,2,90.72
2056,3,3,89.76
2056,3,4,88.78
2056,3,5,88.05
2056,3,6,86.68
2056,3,7,85.55
2056,3,8,84.56
2056,3,9,84.87
2056,3,10,85.27
2056,3,11,88.58
2056,3,12,95.20
2056,3,13,95.20
2056,3,14,94.93
2056,3,15,95.20
2056,3,16,95.20
2056,3,17,95.20
2056,3,18,94.49
2056,3,19,93.76
2056,3,20,92.92
2056,3,21,92.09
2056,3,22,95.20
2056,3,23,95.20
2056,3,24,93.67
2056,3,25,92.10
2056,3,26,90.64
2056,3,27,89.36
2056,3,28,88.40
2056,3,29,95.20
2056,3,30,95.20
2056,3,31,95.20
2056,4,1,93.32
2056,4,2,91.74
2056,4,3,93.19
2056,4,4,92.02
2056,4,5,90.92
2056,4,6,89.67
2056,4,7,88.17
2056,4,8,86.11
2056,4,9,83.66
2056,4,10,86.90
2056,4,11,89.11
2056,4,12,87.51
2056,4,13,86.22
2056,4,14,84.60
2056,4,15,82.08
2056,4,16,79.12
2056,4,17,82.03
2056,4,18,80.69
2056,4,19,79.83
2056,4,20,78.04
2056,4,21,76.29
2056,4,22,74.79
2056,4,23,81.11
2056,4,24,95.20
2056,4,25,92.21
2056,4,26,90.04
2056,4,27,87.56
2056,4,28,85.78
2056,4,29,84.13
2056,4,30,81.79
2056,5,1,80.43
2056,5,2,91.42
2056,5,3,95.20
2056,5,4,95.20
2056,5,5,93.62
2056,5,6,92.25
2056,5,7,89.94
2056,5,8,87.58
2056,5,9,85.14
2056,5,10,83.40
2056,5,11,80.86
2056,5,12,78.40
2056,5,13,76.40
2056,5,14,86.46
2056,5,15,84.92
2056,5,16,83.92
2056,5,17,81.32
2056,5,18,80.72
2056,5,19,82.99
2056,5,20,78.96
2056,5,21,75.75
2056,5,22,70.94
2056,5,23,69.00
2056,5,24,68.36
2056,5,25,67.28
2056,5,26,65.72
2056,5,27,63.59
2056,5,28,60.78
2056,5,29,65.60
2056,5,30,78.78
2056,5,31,75.44
2056,6,1,72.51
2056,6,2,73.93
2056,6,3,80.53
2056,6,4,78.27
2056,6,5,77.34
2056,6,6,78.48
2056,6,7,76.94
2056,6,8,74.80
2056,6,9,72.54
2056,6,10,69.92
2056,6,11,66.67
2056,6,12,95.20
2056,6,13,95.20
2056,6,14,92.39
2056,6,15,88.98
2056,6,16,86.48
2056,6,17,82.52
2056,6,18,79.55
2056,6,19,76.79
2056,6,20,72.79
2056,6,21,70.43
2056,6,22,66.22
2056,6,23,62.65
2056,6,24,58.98
2056,6,25,55.28
2056,6,26,51.48
2056,6,27,47.22
2056,6,28,42.27
2056,6,29,38.08
2056,6,30,35.20
2056,7,1,31.55
2056,7,2,27.90
2056,7,3,24.83
2056,7,4,22.82
2056,7,5,18.74
2056,7,6,21.37
2056,7,7,20.33
2056,7,8,17.73
2056,7,9,15.34
2056,7,10,14.72
2056,7,11,28.71
2056,7,12,46.64
2056,7,13,54.81
2056,7,14,50.61
2056,7,15,47.08
2056,7,16,43.89
2056,7,17,40.76
2056,7,18,37.34
2056,7,19,37.75
2056,7,20,35.70
2056,7,21,34.40
2056,7,22,31.26
2056,7,23,28.09
2056,7,24,25.28
2056,7,25,22.42
2056,7,26,19.59
2056,7,27,16.77
2056,7,28,15.97
2056,7,29,14.26
2056,7,30,20.95
2056,7,31,34.84
2056,8,1,41.01
2056,8,2,38.81
2056,8,3,37.76
2056,8,4,37.77
2056,8,5,54.28
2056,8,6,70.01
2056,8,7,69.86
2056,8,8,65.96
2056,8,9,62.19
2056,8,10,58.34
2056,8,11,56.67
2056,8,12,62.28
2056,8,13,58.36
2056,8,14,56.14
2056,8,15,55.21
2056,8,16,51.74
2056,8,17,47.91
2056,8,18,49.48
2056,8,19,49.15
2056,8,20,45.22
2056,8,21,41.68
2056,8,22,37.97
2056,8,23,36.52
2056,8,24,50.84
2056,8,25,45.98
2056,8,26,41.32
2056,8,27,41.56
2056,8,28,38.82
2056,8,29,35.87
2056,8,30,33.80
2056,8,31,31.17
2056,9,1,28.50
2056,9,2,30.70
2056,9,3,33.33
2056,9,4,30.72
2056,9,5,28.05
2056,9,6,25.72
2056,9,7,25.30
2056,9,8,27.98
2056,9,9,25.04
2056,9,10,28.35
2056,9,11,25.31
2056,9,12,22.89
2056,9,13,21.20
2056,9,14,19.26
2056,9,15,17.46
2056,9,16,15.56
2056,9,17,32.04
2056,9,18,55.41
2056,9,19,77.10
2056,9,20,75.55
2056,9,21,72.56
2056,9,22,69.53
2056,9,23,67.86
2056,9,24,68.71
2056,9,25,66.98
2056,9,26,65.19
2056,9,27,68.96
2056,9,28,72.75
2056,9,29,70.37
2056,9,30,67.93
2056,10,1,67.05
2056,10,2,65.46
2056,10,3,63.47
2056,10,4,61.29
2056,10,5,59.29
2056,10,6,57.19
2056,10,7,55.69
2056,10,8,54.82
2056,10,9,56.70
2056,10,10,55.09
2056,10,11,53.68
2056,10,12,51.52
2056,10,13,49.71
2056,10,14,68.58
2056,10,15,89.59
2056,10,16,91.43
2056,10,17,90.17
2056,10,18,88.47
2056,10,19,86.51
2056,10,20,84.15
2056,10,21,81.60
2056,10,22,81.37
2056,10,23,95.20
2056,10,24,95.20
2056,10,25,95.20
2056,10,26,93.53
2056,10,27,95.20
2056,10,28,94.02
2056,10,29,92.17
2056,10,30,90.24
2056,10,31,88.37
2056,11,1,87.64
2056,11,2,89.55
2056,11,3,88.71
2056,11,4,91.80
2056,11,5,95.20
2056,11,6,95.20
2056,11,7,95.20
2056,11,8,94.07
2056,11,9,95.20
2056,11,10,95.20
2056,11,11,95.20
2056,11,12,94.10
2056,11,13,92.91
2056,11,14,92.28
2056,11,15,91.47
2056,11,16,90.66
2056,11,17,95.20
2056,11,18,94.91
2056,11,19,94.24
2056,11,20,93.71
2056,11,21,93.08
2056,11,22,92.40
2056,11,23,91.72
2056,11,24,93.69
2056,11,25,94.61
2056,11,26,93.61
2056,11,27,92.67
2056,11,28,91.87
2056,11,29,95.20
2056,11,30,95.20
2056,12,1,94.49
2056,12,2,93.97
2056,12,3,93.55
2056,12,4,93.14
2056,12,5,92.71
2056,12,6,92.19
2056,12,7,91.70
2056,12,8,91.15
2056,12,9,90.71
2056,12,10,94.08
2056,12,11,93.57
2056,12,12,93.19
2056,12,13,92.77
2056,12,14,92.28
2056,12,15,94.33
2056,12,16,95.20
2056,12,17,95.20
2056,12,18,94.59
2056,12,19,94.18
2056,12,20,93.76
2056,12,21,95.20
2056,12,22,95.20
2056,12,23,95.20
2056,12,24,95.20
2056,12,25,95.20
2056,12,26,94.43
2056,12,27,93.93
2056,12,28,93.60
2056,12,29,93.17
2056,12,30,92.62
2056,12,31,92.05
2057,1,1,94.23
2057,1,2,93.78
2057,1,3,93.26
2057,1,4,95.20
2057,1,5,95.20
2057,1,6,94.62
2057,1,7,94.75
2057,1,8,94.25
2057,1,9,93.82
2057,1,10,93.32
2057,1,11,92.73
2057,1,12,92.16
2057,1,13,91.80
2057,1,14,91.35
2057,1,15,90.80
2057,1,16,90.22
2057,1,17,92.50
2057,1,18,95.20
2057,1,19,94.79
2057,1,20,94.42
2057,1,21,94.15
2057,1,22,93.86
2057,1,23,93.47
2057,1,24,92.98
2057,1,25,92.71
2057,1,26,92.47
2057,1,27,92.03
2057,1,28,92.61
2057,1,29,95.20
2057,1,30,95.20
2057,1,31,95.20
2057,2,1,94.71
2057,2,2,95.20
2057,2,3,94.35
2057,2,4,93.76
2057,2,5,93.15
2057,2,6,95.20
2057,2,7,95.20
2057,2,8,95.20
2057,2,9,95.20
2057,2,10,94.72
2057,2,11,93.96
2057,2,12,95.20
2057,2,13,95.20
2057,2,14,95.20
2057,2,15,94.58
2057,2,16,93.82
2057,2,17,93.34
2057,2,18,92.82
2057,2,19,93.23
2057,2,20,92.61
2057,2,21,92.01
2057,2,22,92.17
2057,2,23,91.33
2057,2,24,93.70
2057,2,25,93.01
2057,2,26,92.47
2057,2,27,91.85
2057,2,28,92.80
2057,3,1,92.60
2057,3,2,93.96
2057,3,3,94.11
2057,3,4,93.61
2057,3,5,93.02
2057,3,6,92.46
2057,3,7,91.64
2057,3,8,95.20
2057,3,9,95.20
2057,3,10,95.20
2057,3,11,94.27
2057,3,12,95.20
2057,3,13,95.20
2057,3,14,94.44
2057,3,15,95.20
2057,3,16,94.11
2057,3,17,93.15
2057,3,18,95.20
2057,3,19,95.20
2057,3,20,94.24
2057,3,21,93.25
2057,3,22,95.20
2057,3,23,95.20
2057,3,24,95.20
2057,3,25,95.20
2057,3,26,94.16
2057,3,27,95.20
2057,3,28,95.20
2057,3,29,94.29
2057,3,30,93.50
2057,3,31,95.20
2057,4,1,94.35
2057,4,2,93.49
2057,4,3,92.60
2057,4,4,91.65
2057,4,5,91.58
2057,4,6,90.22
2057,4,7,88.98
2057,4,8,87.82
2057,4,9,86.75
2057,4,10,85.59
2057,4,11,95.20
2057,4,12,95.20
2057,4,13,95.20
2057,4,14,94.78
2057,4,15,95.20
2057,4,16,93.93
2057,4,17,94.75
2057,4,18,95.20
2057,4,19,93.11
2057,4,20,91.50
2057,4,21,89.90
2057,4,22,88.13
2057,4,23,86.29
2057,4,24,84.64
2057,4,25,95.20
2057,4,26,95.20
2057,4,27,95.20
2057,4,28,95.20
2057,4,29,94.62
2057,4,30,94.40
2057,5,1,94.65
2057,5,2,91.24
2057,5,3,88.18
2057,5,4,85.62
2057,5,5,83.03
2057,5,6,80.88
2057,5,7,78.63
2057,5,8,75.63
2057,5,9,74.79
2057,5,10,73.94
2057,5,11,74.36
2057,5,12,95.20
2057,5,13,95.20
2057,5,14,95.20
2057,5,15,92.34
2057,5,16,90.04
2057,5,17,87.08
2057,5,18,83.17
2057,5,19,79.06
2057,5,20,76.37
2057,5,21,74.90
2057,5,22,77.06
2057,5,23,72.58
2057,5,24,68.39
2057,5,25,71.46
2057,5,26,66.74
2057,5,27,61.93
2057,5,28,57.22
2057,5,29,54.27
2057,5,30,51.18
2057,5,31,57.57
2057,6,1,54.05
2057,6,2,51.22
2057,6,3,48.59
2057,6,4,45.84
2057,6,5,42.89
2057,6,6,62.15
2057,6,7,89.25
2057,6,8,94.74
2057,6,9,95.20
2057,6,10,93.50
2057,6,11,91.00
2057,6,12,87.77
2057,6,13,84.18
2057,6,14,81.09
2057,6,15,78.11
2057,6,16,76.79
2057,6,17,94.30
2057,6,18,95.20
2057,6,19,95.20
2057,6,20,95.20
2057,6,21,95.20
2057,6,22,94.43
2057,6,23,95.20
2057,6,24,93.27
2057,6,25,89.97
2057,6,26,84.23
2057,6,27,80.23
2057,6,28,82.65
2057,6,29,94.29
2057,6,30,91.00
2057,7,1,87.05
2057,7,2,86.03
2057,7,3,84.99
2057,7,4,79.92
2057,7,5,74.18
2057,7,6,82.51
2057,7,7,93.45
2057,7,8,95.20
2057,7,9,95.20
2057,7,10,95.20
2057,7,11,91.02
2057,7,12,86.75
2057,7,13,95.20
2057,7,14,95.20
2057,7,15,91.43
2057,7,16,95.20
2057,7,17,92.21
2057,7,18,88.11
2057,7,19,85.11
2057,7,20,81.42
2057,7,21,79.32
2057,7,22,75.95
2057,7,23,72.98
2057,7,24,72.01
2057,7,25,68.45
2057,7,26,64.02
2057,7,27,59.94
2057,7,28,57.69
2057,7,29,53.87
2057,7,30,50.07
2057,7,31,47.28
2057,8,1,44.21
2057,8,2,40.75
2057,8,3,37.61
2057,8,4,59.44
2057,8,5,56.87
2057,8,6,52.54
2057,8,7,49.41
2057,8,8,49.25
2057,8,9,46.57
2057,8,10,42.88
2057,8,11,40.24
2057,8,12,41.81
2057,8,13,38.52
2057,8,14,35.49
2057,8,15,32.20
2057,8,16,29.00
2057,8,17,28.24
2057,8,18,25.56
2057,8,19,30.79
2057,8,20,34.27
2057,8,21,45.99
2057,8,22,59.95
2057,8,23,55.51
2057,8,24,51.70
2057,8,25,47.47
2057,8,26,43.01
2057,8,27,39.14
2057,8,28,36.31
2057,8,29,33.01
2057,8,30,36.47
2057,8,31,39.17
2057,9,1,40.48
2057,9,2,38.77
2057,9,3,35.95
2057,9,4,32.62
2057,9,5,29.63
2057,9,6,27.87
2057,9,7,25.40
2057,9,8,24.06
2057,9,9,21.33
2057,9,10,19.31
2057,9,11,21.49
2057,9,12,19.24
2057,9,13,21.29
2057,9,14,19.84
2057,9,15,18.78
2057,9,16,21.64
2057,9,17,35.46
2057,9,18,34.41
2057,9,19,32.63
2057,9,20,31.00
2057,9,21,29.71
2057,9,22,28.06
2057,9,23,26.51
2057,9,24,26.20
2057,9,25,36.45
2057,9,26,34.83
2057,9,27,33.33
2057,9,28,31.67
2057,9,29,46.29
2057,9,30,50.53
2057,10,1,49.25
2057,10,2,48.98
2057,10,3,80.37
2057,10,4,95.20
2057,10,5,95.20
2057,10,6,93.76
2057,10,7,91.80
2057,10,8,89.96
2057,10,9,88.12
2057,10,10,86.17
2057,10,11,84.38
2057,10,12,84.44
2057,10,13,86.22
2057,10,14,84.42
2057,10,15,82.23
2057,10,16,80.62
2057,10,17,78.96
2057,10,18,77.71
2057,10,19,76.69
2057,10,20,78.17
2057,10,21,84.85
2057,10,22,86.06
2057,10,23,84.16
2057,10,24,82.88
2057,10,25,81.43
2057,10,26,79.29
2057,10,27,87.09
2057,10,28,89.07
2057,10,29,88.11
2057,10,30,86.92
2057,10,31,84.96
2057,11,1,83.10
2057,11,2,81.57
2057,11,3,80.37
2057,11,4,79.38
2057,11,5,78.23
2057,11,6,76.76
2057,11,7,74.67
2057,11,8,82.74
2057,11,9,82.14
2057,11,10,81.52
2057,11,11,80.87
2057,11,12,80.25
2057,11,13,82.34
2057,11,14,83.88
2057,11,15,83.53
2057,11,16,82.74
2057,11,17,82.00
2057,11,18,81.86
2057,11,19,81.61
2057,11,20,83.54
2057,11,21,82.72
2057,11,22,82.44
2057,11,23,93.44
2057,11,24,95.20
2057,11,25,94.64
2057,11,26,95.20
2057,11,27,94.54
2057,11,28,93.97
2057,11,29,94.28
2057,11,30,95.20
2057,12,1,95.20
2057,12,2,94.39
2057,12,3,93.36
2057,12,4,94.82
2057,12,5,93.95
2057,12,6,95.20
2057,12,7,95.20
2057,12,8,94.52
2057,12,9,93.83
2057,12,10,93.19
2057,12,11,92.57
2057,12,12,92.41
2057,12,13,91.87
2057,12,14,95.20
2057,12,15,95.20
2057,12,16,94.49
2057,12,17,93.75
2057,12,18,93.75
2057,12,19,93.02
2057,12,20,95.20
2057,12,21,94.46
2057,12,22,95.01
2057,12,23,95.20
2057,12,24,95.20
2057,12,25,94.68
2057,12,26,94.15
2057,12,27,93.75
2057,12,28,93.37
2057,12,29,92.93
2057,12,30,92.50
2057,12,31,92.21
2058,1,1,91.90
2058,1,2,95.20
2058,1,3,95.20
2058,1,4,94.67
2058,1,5,94.08
2058,1,6,93.52
2058,1,7,95.20
2058,1,8,95.20
2058,1,9,94.63
2058,1,10,94.02
2058,1,11,93.10
2058,1,12,93.88
2058,1,13,95.20
2058,1,14,95.20
2058,1,15,94.51
2058,1,16,95.08
2058,1,17,95.20
2058,1,18,95.20
2058,1,19,95.20
2058,1,20,94.67
2058,1,21,94.22
2058,1,22,93.59
2058,1,23,93.23
2058,1,24,93.06
2058,1,25,92.75
2058,1,26,92.20
2058,1,27,91.57
2058,1,28,95.20
2058,1,29,94.58
2058,1,30,94.15
2058,1,31,93.72
2058,2,1,93.45
2058,2,2,92.96
2058,2,3,92.38
2058,2,4,95.09
2058,2,5,95.20
2058,2,6,95.20
2058,2,7,95.20
2058,2,8,94.64
2058,2,9,94.14
2058,2,10,93.71
2058,2,11,93.20
2058,2,12,92.90
2058,2,13,92.72
2058,2,14,92.46
2058,2,15,91.98
2058,2,16,92.04
2058,2,17,95.20
2058,2,18,95.20
2058,2,19,94.45
2058,2,20,93.83
2058,2,21,93.22
2058,2,22,92.69
2058,2,23,92.08
2058,2,24,95.20
2058,2,25,94.15
2058,2,26,93.17
2058,2,27,92.17
2058,2,28,94.69
2058,3,1,94.00
2058,3,2,93.41
2058,3,3,93.02
2058,3,4,92.64
2058,3,5,92.19
2058,3,6,91.71
2058,3,7,91.21
2058,3,8,90.51
2058,3,9,89.83
2058,3,10,89.15
2058,3,11,88.36
2058,3,12,87.56
2058,3,13,93.15
2058,3,14,95.20
2058,3,15,95.20
2058,3,16,95.20
2058,3,17,95.20
2058,3,18,95.20
2058,3,19,94.19
2058,3,20,93.18
2058,3,21,91.80
2058,3,22,90.39
2058,3,23,88.40
2058,3,24,86.70
2058,3,25,85.27
2058,3,26,88.69
2058,3,27,93.21
2058,3,28,94.12
2058,3,29,95.20
2058,3,30,95.20
2058,3,31,94.26
2058,4,1,93.48
2058,4,2,92.62
2058,4,3,91.57
2058,4,4,93.52
2058,4,5,93.09
2058,4,6,91.51
2058,4,7,92.02
2058,4,8,95.20
2058,4,9,95.20
2058,4,10,93.10
2058,4,11,91.21
2058,4,12,90.91
2058,4,13,88.94
2058,4,14,87.95
2058,4,15,92.44
2058,4,16,91.24
2058,4,17,90.01
2058,4,18,88.79
2058,4,19,87.71
2058,4,20,95.20
2058,4,21,95.20
2058,4,22,95.20
2058,4,23,95.20
2058,4,24,92.84
2058,4,25,95.20
2058,4,26,95.20
2058,4,27,92.85
2058,4,28,90.48
2058,4,29,86.89
2058,4,30,85.36
2058,5,1,83.33
2058,5,2,81.63
2058,5,3,80.02
2058,5,4,78.35
2058,5,5,79.04
2058,5,6,95.20
2058,5,7,95.20
2058,5,8,95.20
2058,5,9,92.39
2058,5,10,89.54
2058,5,11,87.31
2058,5,12,85.05
2058,5,13,82.65
2058,5,14,80.00
2058,5,15,76.78
2058,5,16,74.44
2058,5,17,74.38
2058,5,18,76.44
2058,5,19,80.63
2058,5,20,84.57
2058,5,21,83.51
2058,5,22,81.93
2058,5,23,79.69
2058,5,24,77.37
2058,5,25,75.54
2058,5,26,73.48
2058,5,27,74.68
2058,5,28,80.31
2058,5,29,77.23
2058,5,30,82.67
2058,5,31,86.81
2058,6,1,88.07
2058,6,2,85.92
2058,6,3,83.82
2058,6,4,80.99
2058,6,5,78.61
2058,6,6,75.87
2058,6,7,73.93
2058,6,8,74.16
2058,6,9,75.10
2058,6,10,74.52
2058,6,11,70.15
2058,6,12,69.64
2058,6,13,65.76
2058,6,14,62.59
2058,6,15,59.84
2058,6,16,56.62
2058,6,17,54.34
2058,6,18,50.73
2058,6,19,46.93
2058,6,20,43.11
2058,6,21,41.43
2058,6,22,37.91
2058,6,23,34.61
2058,6,24,31.30
2058,6,25,28.21
2058,6,26,28.20
2058,6,27,28.25
2058,6,28,24.93
2058,6,29,21.32
2058,6,30,24.74
2058,7,1,21.88
2058,7,2,19.65
2058,7,3,18.04
2058,7,4,15.99
2058,7,5,13.83
2058,7,6,22.38
2058,7,7,33.88
2058,7,8,30.91
2058,7,9,27.17
2058,7,10,27.87
2058,7,11,25.03
2058,7,12,27.71
2058,7,13,30.27
2058,7,14,38.31
2058,7,15,50.88
2058,7,16,71.94
2058,7,17,69.43
2058,7,18,65.61
2058,7,19,63.82
2058,7,20,62.66
2058,7,21,60.39
2058,7,22,59.90
2058,7,23,57.20
2058,7,24,53.07
2058,7,25,49.38
2058,7,26,48.56
2058,7,27,45.00
2058,7,28,41.37
2058,7,29,36.70
2058,7,30,32.39
2058,7,31,28.89
2058,8,1,42.76
2058,8,2,62.03
2058,8,3,69.95
2058,8,4,95.20
2058,8,5,95.20
2058,8,6,91.47
2058,8,7,87.49
2058,8,8,83.60
2058,8,9,79.60
2058,8,10,76.53
2058,8,11,72.69
2058,8,12,68.62
2058,8,13,64.26
2058,8,14,59.80
2058,8,15,63.03
2058,8,16,88.82
2058,8,17,85.57
2058,8,18,89.33
2058,8,19,84.53
2058,8,20,81.10
2058,8,21,78.53
2058,8,22,75.79
2058,8,23,72.95
2058,8,24,74.61
2058,8,25,72.11
2058,8,26,75.53
2058,8,27,73.47
2058,8,28,70.82
2058,8,29,68.06
2058,8,30,84.66
2058,8,31,95.20
2058,9,1,95.20
2058,9,2,95.20
2058,9,3,95.20
2058,9,4,91.89
2058,9,5,88.21
2058,9,6,84.74
2058,9,7,88.83
2058,9,8,89.59
2058,9,9,87.53
2058,9,10,86.84
2058,9,11,94.56
2058,9,12,95.20
2058,9,13,95.20
2058,9,14,94.45
2058,9,15,92.58
2058,9,16,90.36
2058,9,17,87.34
2058,9,18,84.82
2058,9,19,81.12
2058,9,20,77.85
2058,9,21,74.69
2058,9,22,84.00
2058,9,23,95.20
2058,9,24,95.20
2058,9,25,95.20
2058,9,26,92.76
2058,9,27,90.13
2058,9,28,87.62
2058,9,29,86.19
2058,9,30,93.44
2058,10,1,92.21
2058,10,2,91.17
2058,10,3,93.14
2058,10,4,95.20
2058,10,5,95.20
2058,10,6,95.20
2058,10,7,93.97
2058,10,8,92.78
2058,10,9,91.62
2058,10,10,90.44
2058,10,11,89.26
2058,10,12,88.22
2058,10,13,86.98
2058,10,14,85.48
2058,10,15,83.89
2058,10,16,85.61
2058,10,17,95.20
2058,10,18,94.78
2058,10,19,92.98
2058,10,20,91.50
2058,10,21,90.52
2058,10,22,89.22
2058,10,23,87.48
2058,10,24,85.40
2058,10,25,95.20
2058,10,26,95.20
2058,10,27,95.20
2058,10,28,94.27
2058,10,29,93.59
2058,10,30,92.84
2058,10,31,91.98
2058,11,1,90.97
2058,11,2,89.75
2058,11,3,88.53
2058,11,4,93.05
2058,11,5,95.20
2058,11,6,95.20
2058,11,7,93.84
2058,11,8,95.20
2058,11,9,95.20
2058,11,10,95.20
2058,11,11,95.20
2058,11,12,95.20
2058,11,13,95.20
2058,11,14,95.03
2058,11,15,94.29
2058,11,16,95.20
2058,11,17,95.20
2058,11,18,94.19
2058,11,19,93.37
2058,11,20,94.24
2058,11,21,95.20
2058,11,22,95.20
2058,11,23,95.20
2058,11,24,95.20
2058,11,25,94.17
2058,11,26,93.21
2058,11,27,92.19
2058,11,28,91.58
2058,11,29,91.16
2058,11,30,90.69
2058,12,1,90.19
2058,12,2,89.65
2058,12,3,95.20
2058,12,4,94.30
2058,12,5,92.99
2058,12,6,92.04
2058,12,7,91.56
2058,12,8,91.02
2058,12,9,95.20
2058,12,10,95.20
2058,12,11,95.20
2058,12,12,94.56
2058,12,13,94.05
2058,12,14,95.20
2058,12,15,95.20
2058,12,16,95.20
2058,12,17,95.20
2058,12,18,95.20
2058,12,19,94.29
2058,12,20,93.76
2058,12,21,93.26
2058,12,22,92.55
2058,12,23,94.25
2058,12,24,93.45
2058,12,25,93.46
2058,12,26,94.54
2058,12,27,94.10
2058,12,28,95.20
2058,12,29,95.20
2058,12,30,94.63
2058,12,31,94.08
2059,1,1,93.53
2059,1,2,93.15
2059,1,3,92.75
2059,1,4,92.26
2059,1,5,91.72
2059,1,6,91.27
2059,1,7,90.91
2059,1,8,90.52
2059,1,9,89.92
2059,1,10,95.20
2059,1,11,95.20
2059,1,12,95.20
2059,1,13,94.42
2059,1,14,95.05
2059,1,15,94.36
2059,1,16,93.74
2059,1,17,95.20
2059,1,18,95.20
2059,1,19,94.14
2059,1,20,95.20
2059,1,21,94.31
2059,1,22,93.53
2059,1,23,92.50
2059,1,24,95.20
2059,1,25,95.20
2059,1,26,95.20
2059,1,27,95.20
2059,1,28,95.20
2059,1,29,95.20
2059,1,30,94.87
2059,1,31,94.21
2059,2,1,93.79
2059,2,2,93.29
2059,2,3,92.61
2059,2,4,94.75
2059,2,5,94.39
2059,2,6,93.88
2059,2,7,93.41
2059,2,8,93.06
2059,2,9,92.63
2059,2,10,92.00
2059,2,11,94.20
2059,2,12,93.04
2059,2,13,92.39
2059,2,14,91.86
2059,2,15,91.27
2059,2,16,90.72
2059,2,17,92.42
2059,2,18,91.93
2059,2,19,91.44
2059,2,20,90.82
2059,2,21,90.16
2059,2,22,89.51
2059,2,23,88.99
2059,2,24,88.44
2059,2,25,94.54
2059,2,26,93.88
2059,2,27,93.37
2059,2,28,95.20
2059,3,1,95.20
2059,3,2,95.20
2059,3,3,95.20
2059,3,4,94.18
2059,3,5,93.05
2059,3,6,93.79
2059,3,7,95.20
2059,3,8,95.20
2059,3,9,95.20
2059,3,10,94.49
2059,3,11,95.20
2059,3,12,95.20
2059,3,13,94.27
2059,3,14,93.43
2059,3,15,95.20
2059,3,16,95.20
2059,3,17,94.19
2059,3,18,93.09
2059,3,19,93.77
2059,3,20,95.20
2059,3,21,93.85
2059,3,22,92.84
2059,3,23,91.93
2059,3,24,91.28
2059,3,25,90.40
2059,3,26,89.42
2059,3,27,88.23
2059,3,28,87.00
2059,3,29,85.92
2059,3,30,84.43
2059,3,31,84.82
2059,4,1,95.20
2059,4,2,94.21
2059,4,3,93.09
2059,4,4,92.90
2059,4,5,92.03
2059,4,6,90.86
2059,4,7,91.75
2059,4,8,93.79
2059,4,9,95.20
2059,4,10,95.20
2059,4,11,93.80
2059,4,12,93.46
2059,4,13,95.20
2059,4,14,95.20
2059,4,15,94.30
2059,4,16,92.67
2059,4,17,95.20
2059,4,18,95.20
2059,4,19,93.89
2059,4,20,92.46
2059,4,21,91.35
2059,4,22,89.63
2059,4,23,91.86
2059,4,24,89.87
2059,4,25,87.13
2059,4,26,84.68
2059,4,27,91.09
2059,4,28,95.20
2059,4,29,95.20
2059,4,30,95.20
2059,5,1,95.09
2059,5,2,92.79
2059,5,3,90.92
2059,5,4,89.04
2059,5,5,86.88
2059,5,6,85.79
2059,5,7,90.68
2059,5,8,88.64
2059,5,9,86.29
2059,5,10,87.69
2059,5,11,87.10
2059,5,12,85.06
2059,5,13,82.97
2059,5,14,80.71
2059,5,15,77.57
2059,5,16,79.74
2059,5,17,86.58
2059,5,18,89.76
2059,5,19,86.00
2059,5,20,88.89
2059,5,21,95.20
2059,5,22,95.20
2059,5,23,95.11
2059,5,24,91.38
2059,5,25,88.89
2059,5,26,90.11
2059,5,27,95.20
2059,5,28,91.28
2059,5,29,87.39
2059,5,30,85.54
2059,5,31,90.81
2059,6,1,91.04
2059,6,2,87.30
2059,6,3,84.23
2059,6,4,94.47
2059,6,5,95.20
2059,6,6,90.66
2059,6,7,87.02
2059,6,8,95.20
2059,6,9,91.96
2059,6,10,89.00
2059,6,11,85.38
2059,6,12,81.74
2059,6,13,78.57
2059,6,14,77.18
2059,6,15,74.79
2059,6,16,72.16
2059,6,17,69.47
2059,6,18,69.99
2059,6,19,81.80
2059,6,20,78.48
2059,6,21,75.55
2059,6,22,74.25
2059,6,23,71.25
2059,6,24,80.32
2059,6,25,83.62
2059,6,26,80.97
2059,6,27,76.90
2059,6,28,71.06
2059,6,29,65.69
2059,6,30,64.22
2059,7,1,67.08
2059,7,2,73.83
2059,7,3,72.48
2059,7,4,69.01
2059,7,5,65.06
2059,7,6,61.58
2059,7,7,59.70
2059,7,8,56.53
2059,7,9,52.18
2059,7,10,48.02
2059,7,11,44.13
2059,7,12,50.53
2059,7,13,44.69
2059,7,14,39.76
2059,7,15,36.15
2059,7,16,32.98
2059,7,17,28.29
2059,7,18,24.57
2059,7,19,21.32
2059,7,20,18.63
2059,7,21,16.21
2059,7,22,15.53
2059,7,23,19.17
2059,7,24,17.66
2059,7,25,15.10
2059,7,26,14.26
2059,7,27,12.94
2059,7,28,21.89
2059,7,29,17.80
2059,7,30,14.26
2059,7,31,10.89
2059,8,1,8.66
2059,8,2,7.46
2059,8,3,6.28
2059,8,4,5.26
2059,8,5,4.30
2059,8,6,3.44
2059,8,7,2.73
2059,8,8,2.08
2059,8,9,1.60
2059,8,10,1.22
2059,8,11,1.01
2059,8,12,0.84
2059,8,13,4.68
2059,8,14,3.88
2059,8,15,3.48
2059,8,16,3.74
2059,8,17,3.15
2059,8,18,2.66
2059,8,19,2.17
2059,8,20,1.75
2059,8,21,1.60
2059,8,22,1.48
2059,8,23,11.78
2059,8,24,11.26
2059,8,25,9.36
2059,8,26,8.28
2059,8,27,7.15
2059,8,28,6.22
2059,8,29,5.34
2059,8,30,4.37
2059,8,31,3.65
2059,9,1,7.19
2059,9,2,29.66
2059,9,3,30.02
2059,9,4,32.03
2059,9,5,28.59
2059,9,6,25.95
2059,9,7,23.57
2059,9,8,21.07
2059,9,9,28.23
2059,9,10,27.45
2059,9,11,25.23
2059,9,12,23.62
2059,9,13,20.95
2059,9,14,19.23
2059,9,15,17.95
2059,9,16,16.86
2059,9,17,15.82
2059,9,18,14.72
2059,9,19,13.49
2059,9,20,12.36
2059,9,21,11.05
2059,9,22,9.84
2059,9,23,8.66
2059,9,24,7.95
2059,9,25,7.61
2059,9,26,6.67
2059,9,27,13.58
2059,9,28,65.35
2059,9,29,95.20
2059,9,30,95.20
2059,10,1,93.52
2059,10,2,91.01
2059,10,3,88.40
2059,10,4,88.39
2059,10,5,89.40
2059,10,6,87.78
2059,10,7,86.35
2059,10,8,84.66
2059,10,9,82.54
2059,10,10,80.38
2059,10,11,79.10
2059,10,12,88.78
2059,10,13,95.20
2059,10,14,93.46
2059,10,15,94.79
2059,10,16,95.20
2059,10,17,95.20
2059,10,18,93.64
2059,10,19,93.59
2059,10,20,92.46
2059,10,21,90.95
2059,10,22,88.91
2059,10,23,86.77
2059,10,24,84.67
2059,10,25,82.68
2059,10,26,86.06
2059,10,27,86.10
2059,10,28,85.11
2059,10,29,83.64
2059,10,30,82.30
2059,10,31,80.80
2059,11,1,78.53
2059,11,2,95.20
2059,11,3,95.20
2059,11,4,93.95
2059,11,5,92.65
2059,11,6,92.89
2059,11,7,95.20
2059,11,8,95.20
2059,11,9,94.17
2059,11,10,93.21
2059,11,11,95.20
2059,11,12,95.20
2059,11,13,94.24
2059,11,14,93.05
2059,11,15,92.21
2059,11,16,91.36
2059,11,17,90.51
2059,11,18,89.23
2059,11,19,88.34
2059,11,20,87.82
2059,11,21,86.71
2059,11,22,85.74
2059,11,23,84.86
2059,11,24,93.93
2059,11,25,95.20
2059,11,26,95.20
2059,11,27,95.20
2059,11,28,94.12
2059,11,29,93.30
2059,11,30,92.32
2059,12,1,90.93
2059,12,2,95.20
2059,12,3,95.20
2059,12,4,94.65
2059,12,5,94.08
2059,12,6,95.20
2059,12,7,95.20
2059,12,8,95.20
2059,12,9,94.67
2059,12,10,94.20
2059,12,11,95.04
2059,12,12,94.36
2059,12,13,94.30
2059,12,14,95.20
2059,12,15,95.20
2059,12,16,95.20
2059,12,17,94.58
2059,12,18,94.18
2059,12,19,93.77
2059,12,20,95.20
2059,12,21,94.59
2059,12,22,94.00
2059,12,23,93.20
2059,12,24,92.52
2059,12,25,95.20
2059,12,26,94.34
2059,12,27,93.71
2059,12,28,93.31
2059,12,29,92.87
2059,12,30,92.41
2059,12,31,91.87
2060,1,1,91.28
2060,1,2,90.67
2060,1,3,89.95
2060,1,4,95.19
2060,1,5,95.20
2060,1,6,94.57
2060,1,7,94.09
2060,1,8,93.64
2060,1,9,95.20
2060,1,10,95.20
2060,1,11,95.20
2060,1,12,94.40
2060,1,13,95.20
2060,1,14,94.60
2060,1,15,94.09
2060,1,16,95.20
2060,1,17,95.02
2060,1,18,95.20
2060,1,19,95.20
2060,1,20,95.20
2060,1,21,94.60
2060,1,22,93.85
2060,1,23,92.71
2060,1,24,91.68
2060,1,25,90.94
2060,1,26,95.20
2060,1,27,95.20
2060,1,28,94.16
2060,1,29,93.58
2060,1,30,93.14
2060,1,31,95.20
2060,2,1,94.54
2060,2,2,94.01
2060,2,3,93.52
2060,2,4,93.09
2060,2,5,92.68
2060,2,6,95.20
2060,2,7,94.74
2060,2,8,94.55
2060,2,9,94.34
2060,2,10,93.88
2060,2,11,95.20
2060,2,12,95.20
2060,2,13,95.20
2060,2,14,95.20
2060,2,15,94.10
2060,2,16,92.65
2060,2,17,92.38
2060,2,18,91.40
2060,2,19,90.73
2060,2,20,90.08
2060,2,21,89.53
2060,2,22,95.20
2060,2,23,95.20
2060,2,24,95.20
2060,2,25,94.17
2060,2,26,93.51
2060,2,27,92.85
2060,2,28,92.32
2060,2,29,91.83
2060,3,1,91.35
2060,3,2,90.87
2060,3,3,95.20
2060,3,4,94.40
2060,3,5,93.80
2060,3,6,95.20
2060,3,7,95.20
2060,3,8,94.46
2060,3,9,95.20
2060,3,10,95.20
2060,3,11,95.20
2060,3,12,94.47
2060,3,13,95.20
2060,3,14,95.20
2060,3,15,95.20
2060,3,16,95.20
2060,3,17,94.31
2060,3,18,93.18
2060,3,19,92.42
2060,3,20,91.74
2060,3,21,90.93
2060,3,22,90.12
2060,3,23,95.20
2060,3,24,95.20
2060,3,25,95.20
2060,3,26,93.62
2060,3,27,92.59
2060,3,28,95.20
2060,3,29,95.20
2060,3,30,95.20
2060,3,31,95.20
2060,4,1,94.00
2060,4,2,92.23
2060,4,3,91.61
2060,4,4,91.60
2060,4,5,90.87
2060,4,6,90.01
2060,4,7,89.88
2060,4,8,88.73
2060,4,9,87.40
2060,4,10,85.98
2060,4,11,84.69
2060,4,12,83.50
2060,4,13,82.31
2060,4,14,81.11
2060,4,15,84.66
2060,4,16,90.18
2060,4,17,88.53
2060,4,18,86.98
2060,4,19,85.19
2060,4,20,83.80
2060,4,21,82.46
2060,4,22,80.58
2060,4,23,78.81
2060,4,24,76.91
2060,4,25,75.13
2060,4,26,74.60
2060,4,27,74.65
2060,4,28,74.99
2060,4,29,78.89
2060,4,30,77.98
2060,5,1,75.97
2060,5,2,77.57
2060,5,3,87.88
2060,5,4,88.93
2060,5,5,85.92
2060,5,6,87.26
2060,5,7,95.20
2060,5,8,95.20
2060,5,9,92.74
2060,5,10,90.84
2060,5,11,88.91
2060,5,12,86.62
2060,5,13,87.49
2060,5,14,84.27
2060,5,15,80.90
2060,5,16,78.15
2060,5,17,78.35
2060,5,18,95.20
2060,5,19,95.20
2060,5,20,95.20
2060,5,21,93.54
2060,5,22,92.08
2060,5,23,89.19
2060,5,24,88.14
2060,5,25,88.65
2060,5,26,86.15
2060,5,27,83.48
2060,5,28,79.98
2060,5,29,76.48
2060,5,30,71.50
2060,5,31,66.37
2060,6,1,62.30
2060,6,2,58.48
2060,6,3,55.89
2060,6,4,51.84
2060,6,5,47.71
2060,6,6,45.21
2060,6,7,41.77
2060,6,8,38.25
2060,6,9,33.39
2060,6,10,29.19
2060,6,11,38.10
2060,6,12,35.99
2060,6,13,33.41
2060,6,14,30.17
2060,6,15,48.55
2060,6,16,55.72
2060,6,17,52.34
2060,6,18,49.32
2060,6,19,45.95
2060,6,20,42.63
2060,6,21,39.06
2060,6,22,34.66
2060,6,23,30.70
2060,6,24,27.87
2060,6,25,27.36
2060,6,26,23.52
2060,6,27,21.80
2060,6,28,18.52
2060,6,29,15.47
2060,6,30,15.21
2060,7,1,15.82
2060,7,2,12.71
2060,7,3,10.56
2060,7,4,17.26
2060,7,5,15.51
2060,7,6,13.94
2060,7,7,12.26
2060,7,8,10.34
2060,7,9,8.22
2060,7,10,6.89
2060,7,11,5.87
2060,7,12,4.97
2060,7,13,4.15
2060,7,14,3.43
2060,7,15,2.87
2060,7,16,2.26
2060,7,17,1.91
2060,7,18,1.51
2060,7,19,1.13
2060,7,20,0.82
2060,7,21,0.61
2060,7,22,0.48
2060,7,23,0.38
2060,7,24,0.32
2060,7,25,0.24
2060,7,26,0.18
2060,7,27,0.15
2060,7,28,0.13
2060,7,29,0.12
2060,7,30,0.10
2060,7,31,0.08
2060,8,1,0.06
2060,8,2,1.63
2060,8,3,14.63
2060,8,4,17.78
2060,8,5,16.21
2060,8,6,14.54
2060,8,7,12.75
2060,8,8,13.22
2060,8,9,12.08
2060,8,10,10.56
2060,8,11,8.50
2060,8,12,6.99
2060,8,13,5.64
2060,8,14,4.67
2060,8,15,3.92
2060,8,16,3.54
2060,8,17,2.87
2060,8,18,2.33
2060,8,19,1.88
2060,8,20,1.49
2060,8,21,7.04
2060,8,22,23.14
2060,8,23,22.72
2060,8,24,19.46
2060,8,25,18.38
2060,8,26,17.31
2060,8,27,14.85
2060,8,28,12.78
2060,8,29,11.33
2060,8,30,9.78
2060,8,31,8.40
2060,9,1,7.02
2060,9,2,6.10
2060,9,3,10.07
2060,9,4,13.51
2060,9,5,11.71
2060,9,6,10.10
2060,9,7,9.18
2060,9,8,8.38
2060,9,9,18.17
2060,9,10,16.21
2060,9,11,14.30
2060,9,12,12.36
2060,9,13,12.02
2060,9,14,10.98
2060,9,15,10.04
2060,9,16,9.12
2060,9,17,8.59
2060,9,18,9.74
2060,9,19,9.00
2060,9,20,8.28
2060,9,21,7.33
2060,9,22,6.36
2060,9,23,5.61
2060,9,24,4.66
2060,9,25,3.93
2060,9,26,3.51
2060,9,27,4.55
2060,9,28,4.33
2060,9,29,4.09
2060,9,30,3.76
2060,10,1,3.43
2060,10,2,3.07
2060,10,3,2.71
2060,10,4,2.47
2060,10,5,2.23
2060,10,6,12.54
2060,10,7,11.80
2060,10,8,11.19
2060,10,9,10.58
2060,10,10,9.91
2060,10,11,9.39
2060,10,12,13.56
2060,10,13,12.66
2060,10,14,28.04
2060,10,15,95.20
2060,10,16,95.20
2060,10,17,95.20
2060,10,18,93.78
2060,10,19,92.35
2060,10,20,91.13
2060,10,21,90.26
2060,10,22,90.45
2060,10,23,89.22
2060,10,24,88.01
2060,10,25,86.88
2060,10,26,85.16
2060,10,27,83.32
2060,10,28,81.73
2060,10,29,82.37
2060,10,30,85.37
2060,10,31,95.20
2060,11,1,95.20
2060,11,2,95.20
2060,11,3,94.29
2060,11,4,93.54
2060,11,5,92.80
2060,11,6,95.20
2060,11,7,95.20
2060,11,8,95.20
2060,11,9,95.17
2060,11,10,94.19
2060,11,11,93.38
2060,11,12,92.73
2060,11,13,91.98
2060,11,14,91.77
2060,11,15,91.17
2060,11,16,90.49
2060,11,17,89.32
2060,11,18,88.09
2060,11,19,87.23
2060,11,20,86.57
2060,11,21,85.94
2060,11,22,85.30
2060,11,23,84.64
2060,11,24,84.02
2060,11,25,83.32
2060,11,26,82.61
2060,11,27,81.89
2060,11,28,83.48
2060,11,29,82.62
2060,11,30,89.08
2060,12,1,95.20
2060,12,2,95.20
2060,12,3,95.20
2060,12,4,94.71
2060,12,5,94.19
2060,12,6,93.70
2060,12,7,93.24
2060,12,8,92.78
2060,12,9,92.34
2060,12,10,91.80
2060,12,11,91.19
2060,12,12,90.71
2060,12,13,90.17
2060,12,14,89.79
2060,12,15,89.47
2060,12,16,89.20
2060,12,17,88.83
2060,12,18,88.28
2060,12,19,95.20
2060,12,20,95.20
2060,12,21,95.20
2060,12,22,95.20
2060,12,23,94.54
2060,12,24,93.92
2060,12,25,93.28
2060,12,26,92.55
2060,12,27,94.46
2060,12,28,93.90
2060,12,29,93.45
2060,12,30,93.01
2060,12,31,92.55
2061,1,1,92.03
2061,1,2,91.48
2061,1,3,91.14
2061,1,4,90.56
2061,1,5,90.17
2061,1,6,89.74
2061,1,7,95.20
2061,1,8,95.20
2061,1,9,95.20
2061,1,10,95.20
2061,1,11,95.20
2061,1,12,94.72
2061,1,13,94.21
2061,1,14,93.66
2061,1,15,93.18
2061,1,16,95.20
2061,1,17,95.20
2061,1,18,95.20
2061,1,19,94.30
2061,1,20,93.57
2061,1,21,92.95
2061,1,22,95.20
2061,1,23,94.62
2061,1,24,94.26
2061,1,25,94.01
2061,1,26,93.73
2061,1,27,93.39
2061,1,28,93.03
2061,1,29,92.55
2061,1,30,91.93
2061,1,31,91.33
2061,2,1,90.62
2061,2,2,91.34
2061,2,3,90.90
2061,2,4,90.13
2061,2,5,89.54
2061,2,6,89.11
2061,2,7,88.82
2061,2,8,88.33
2061,2,9,87.80
2061,2,10,87.26
2061,2,11,86.73
2061,2,12,86.28
2061,2,13,85.78
2061,2,14,85.25
2061,2,15,84.70
2061,2,16,84.24
2061,2,17,83.72
2061,2,18,83.14
2061,2,19,82.57
2061,2,20,82.13
2061,2,21,81.92
2061,2,22,81.62
2061,2,23,81.31
2061,2,24,80.76
2061,2,25,89.17
2061,2,26,95.20
2061,2,27,95.20
2061,2,28,94.32
2061,3,1,95.20
2061,3,2,95.20
2061,3,3,94.56
2061,3,4,93.75
2061,3,5,95.20
2061,3,6,95.20
2061,3,7,94.34
2061,3,8,93.38
2061,3,9,92.18
2061,3,10,90.96
2061,3,11,90.12
2061,3,12,89.37
2061,3,13,91.54
2061,3,14,95.20
2061,3,15,94.24
2061,3,16,93.58
2061,3,17,93.03
2061,3,18,92.18
2061,3,19,91.22
2061,3,20,92.33
2061,3,21,95.20
2061,3,22,95.20
2061,3,23,95.20
2061,3,24,95.20
2061,3,25,95.20
2061,3,26,95.20
2061,3,27,93.96
2061,3,28,91.78
2061,3,29,90.26
2061,3,30,93.22
2061,3,31,92.75
2061,4,1,91.79
2061,4,2,90.18
2061,4,3,88.93
2061,4,4,88.27
2061,4,5,86.61
2061,4,6,95.20
2061,4,7,95.20
2061,4,8,95.20
2061,4,9,93.77
2061,4,10,93.48
2061,4,11,92.61
2061,4,12,91.36
2061,4,13,90.24
2061,4,14,88.78
2061,4,15,95.20
2061,4,16,95.20
2061,4,17,93.13
2061,4,18,95.20
2061,4,19,95.20
2061,4,20,94.01
2061,4,21,92.19
2061,4,22,91.57
2061,4,23,89.56
2061,4,24,88.52
2061,4,25,86.57
2061,4,26,86.21
2061,4,27,85.78
2061,4,28,83.75
2061,4,29,82.42
2061,4,30,81.36
2061,5,1,80.17
2061,5,2,78.54
2061,5,3,76.04
2061,5,4,78.99
2061,5,5,77.79
2061,5,6,76.44
2061,5,7,74.29
2061,5,8,71.67
2061,5,9,69.13
2061,5,10,68.88
2061,5,11,66.01
2061,5,12,74.44
2061,5,13,82.95
2061,5,14,91.28
2061,5,15,88.08
2061,5,16,83.64
2061,5,17,79.99
2061,5,18,77.57
2061,5,19,77.35
2061,5,20,76.25
2061,5,21,73.67
2061,5,22,71.60
2061,5,23,69.50
2061,5,24,67.02
2061,5,25,63.72
2061,5,26,61.04
2061,5,27,58.59
2061,5,28,55.70
2061,5,29,52.15
2061,5,30,49.90
2061,5,31,47.83
2061,6,1,44.73
2061,6,2,40.81
2061,6,3,38.30
2061,6,4,35.08
2061,6,5,32.97
2061,6,6,30.77
2061,6,7,34.59
2061,6,8,31.41
2061,6,9,29.22
2061,6,10,26.48
2061,6,11,23.48
2061,6,12,20.75
2061,6,13,18.40
2061,6,14,16.03
2061,6,15,22.38
2061,6,16,20.94
2061,6,17,18.45
2061,6,18,16.22
2061,6,19,13.89
2061,6,20,11.79
2061,6,21,10.37
2061,6,22,12.44
2061,6,23,12.43
2061,6,24,10.47
2061,6,25,9.05
2061,6,26,8.20
2061,6,27,6.51
2061,6,28,6.30
2061,6,29,4.98
2061,6,30,3.98
2061,7,1,3.19
2061,7,2,2.66
2061,7,3,2.26
2061,7,4,1.93
2061,7,5,1.58
2061,7,6,1.28
2061,7,7,1.05
2061,7,8,0.84
2061,7,9,0.72
2061,7,10,0.55
2061,7,11,0.43
2061,7,12,0.34
2061,7,13,0.31
2061,7,14,24.34
2061,7,15,21.66
2061,7,16,19.19
2061,7,17,16.88
2061,7,18,14.95
2061,7,19,14.06
2061,7,20,13.97
2061,7,21,13.04
2061,7,22,10.98
2061,7,23,9.24
2061,7,24,7.88
2061,7,25,6.54
2061,7,26,5.92
2061,7,27,5.73
2061,7,28,11.54
2061,7,29,9.96
2061,7,30,8.40
2061,7,31,7.25
2061,8,1,6.19
2061,8,2,5.51
2061,8,3,5.29
2061,8,4,4.74
2061,8,5,3.69
2061,8,6,2.85
2061,8,7,2.23
2061,8,8,1.77
2061,8,9,1.39
2061,8,10,1.12
2061,8,11,0.89
2061,8,12,0.68
2061,8,13,0.57
2061,8,14,8.82
2061,8,15,7.93
2061,8,16,13.82
2061,8,17,18.17
2061,8,18,15.80
2061,8,19,14.90
2061,8,20,30.44
2061,8,21,32.71
2061,8,22,36.37
2061,8,23,54.86
2061,8,24,65.72
2061,8,25,80.02
2061,8,26,77.37
2061,8,27,72.80
2061,8,28,68.28
2061,8,29,64.22
2061,8,30,59.73
2061,8,31,61.47
2061,9,1,71.96
2061,9,2,69.55
2061,9,3,64.79
2061,9,4,60.33
2061,9,5,57.75
2061,9,6,54.89
2061,9,7,52.70
2061,9,8,60.22
2061,9,9,95.20
2061,9,10,93.52
2061,9,11,91.29
2061,9,12,89.15
2061,9,13,94.14
2061,9,14,95.20
2061,9,15,93.09
2061,9,16,91.35
2061,9,17,89.34
2061,9,18,87.36
2061,9,19,84.33
2061,9,20,82.12
2061,9,21,80.65
2061,9,22,79.02
2061,9,23,77.45
2061,9,24,75.81
2061,9,25,82.19
2061,9,26,81.39
2061,9,27,79.53
2061,9,28,78.51
2061,9,29,77.08
2061,9,30,78.01
2061,10,1,76.61
2061,10,2,74.34
2061,10,3,71.61
2061,10,4,73.54
2061,10,5,72.13
2061,10,6,70.48
2061,10,7,68.55
2061,10,8,65.88
2061,10,9,63.24
2061,10,10,60.76
2061,10,11,58.18
2061,10,12,60.23
2061,10,13,59.12
2061,10,14,57.61
2061,10,15,56.32
2061,10,16,55.25
2061,10,17,53.75
2061,10,18,51.65
2061,10,19,49.54
2061,10,20,47.75
2061,10,21,46.06
2061,10,22,44.64
2061,10,23,43.21
2061,10,24,41.47
2061,10,25,40.31
2061,10,26,39.49
2061,10,27,38.84
2061,10,28,37.92
2061,10,29,36.93
2061,10,30,35.63
2061,10,31,35.65
2061,11,1,34.58
2061,11,2,33.66
2061,11,3,47.80
2061,11,4,69.76
2061,11,5,85.16
2061,11,6,83.75
2061,11,7,82.55
2061,11,8,82.17
2061,11,9,81.47
2061,11,10,80.30
2061,11,11,79.07
2061,11,12,80.56
2061,11,13,95.20
2061,11,14,94.17
2061,11,15,93.00
2061,11,16,91.87
2061,11,17,91.06
2061,11,18,90.22
2061,11,19,89.39
2061,11,20,88.55
2061,11,21,88.04
2061,11,22,87.20
2061,11,23,86.16
2061,11,24,88.37
2061,11,25,88.86
2061,11,26,95.20
2061,11,27,94.24
2061,11,28,93.30
2061,11,29,92.32
2061,11,30,91.21
2061,12,1,90.48
2061,12,2,89.81
2061,12,3,89.07
2061,12,4,88.35
2061,12,5,87.52
2061,12,6,86.87
2061,12,7,86.32
2061,12,8,85.65
2061,12,9,85.11
2061,12,10,84.65
2061,12,11,84.24
2061,12,12,83.84
2061,12,13,83.31
2061,12,14,94.93
2061,12,15,95.20
2061,12,16,95.20
2061,12,17,94.65
2061,12,18,94.06
2061,12,19,93.57
2061,12,20,95.20
2061,12,21,95.20
2061,12,22,95.20
2061,12,23,95.20
2061,12,24,94.49
2061,12,25,93.82
2061,12,26,95.20
2061,12,27,95.20
2061,12,28,94.66
2061,12,29,94.21
2061,12,30,93.76
2061,12,31,93.20
2062,1,1,92.57
2062,1,2,92.05
2062,1,3,91.65
2062,1,4,91.31
2062,1,5,91.05
2062,1,6,90.79
2062,1,7,90.42
2062,1,8,89.87
2062,1,9,95.20
2062,1,10,95.20
2062,1,11,94.75
2062,1,12,94.31
2062,1,13,94.62
2062,1,14,94.24
2062,1,15,93.76
2062,1,16,95.17
2062,1,17,95.20
2062,1,18,94.74
2062,1,19,94.25
2062,1,20,93.90
2062,1,21,93.66
2062,1,22,93.22
2062,1,23,95.20
2062,1,24,94.75
2062,1,25,94.48
2062,1,26,93.98
2062,1,27,93.35
2062,1,28,92.94
2062,1,29,92.56
2062,1,30,95.20
2062,1,31,94.71
2062,2,1,94.17
2062,2,2,93.58
2062,2,3,93.05
2062,2,4,92.64
2062,2,5,92.09
2062,2,6,91.53
2062,2,7,94.92
2062,2,8,94.05
2062,2,9,93.51
2062,2,10,93.01
2062,2,11,92.40
2062,2,12,94.89
2062,2,13,95.17
2062,2,14,94.24
2062,2,15,93.14
2062,2,16,92.40
2062,2,17,91.74
2062,2,18,91.04
2062,2,19,95.20
2062,2,20,95.20
2062,2,21,95.20
2062,2,22,95.20
2062,2,23,94.11
2062,2,24,95.20
2062,2,25,95.20
2062,2,26,94.42
2062,2,27,93.91
2062,2,28,93.35
2062,3,1,95.20
2062,3,2,94.50
2062,3,3,95.20
2062,3,4,93.83
2062,3,5,93.40
2062,3,6,92.84
2062,3,7,91.93
2062,3,8,91.34
2062,3,9,90.76
2062,3,10,90.78
2062,3,11,90.02
2062,3,12,89.10
2062,3,13,88.37
2062,3,14,87.48
2062,3,15,87.53
2062,3,16,88.11
2062,3,17,87.08
2062,3,18,86.42
2062,3,19,85.96
2062,3,20,85.43
2062,3,21,84.56
2062,3,22,94.41
2062,3,23,95.20
2062,3,24,95.20
2062,3,25,94.20
2062,3,26,93.07
2062,3,27,92.00
2062,3,28,92.35
2062,3,29,90.54
2062,3,30,88.78
2062,3,31,92.04
2062,4,1,95.20
2062,4,2,95.20
2062,4,3,93.79
2062,4,4,91.83
2062,4,5,95.20
2062,4,6,93.96
2062,4,7,95.20
2062,4,8,93.51
2062,4,9,92.03
2062,4,10,90.70
2062,4,11,95.20
2062,4,12,95.20
2062,4,13,95.20
2062,4,14,95.20
2062,4,15,94.13
2062,4,16,92.94
2062,4,17,91.17
2062,4,18,88.29
2062,4,19,84.62
2062,4,20,80.51
2062,4,21,79.40
2062,4,22,87.67
2062,4,23,93.92
2062,4,24,92.52
2062,4,25,91.19
2062,4,26,89.19
2062,4,27,87.47
2062,4,28,85.93
2062,4,29,84.23
2062,4,30,81.64
2062,5,1,78.13
2062,5,2,74.63
2062,5,3,70.85
2062,5,4,67.54
2062,5,5,65.30
2062,5,6,63.05
2062,5,7,61.02
2062,5,8,78.38
2062,5,9,83.02
2062,5,10,80.69
2062,5,11,78.36
2062,5,12,74.82
2062,5,13,71.91
2062,5,14,71.90
2062,5,15,72.12
2062,5,16,68.26
2062,5,17,65.32
2062,5,18,63.00
2062,5,19,61.56
2062,5,20,59.93
2062,5,21,58.12
2062,5,22,56.13
2062,5,23,53.51
2062,5,24,57.51
2062,5,25,67.61
2062,5,26,64.11
2062,5,27,61.09
2062,5,28,58.61
2062,5,29,56.46
2062,5,30,54.38
2062,5,31,54.11
2062,6,1,51.27
2062,6,2,49.64
2062,6,3,47.62
2062,6,4,43.60
2062,6,5,39.49
2062,6,6,37.49
2062,6,7,43.06
2062,6,8,44.83
2062,6,9,42.35
2062,6,10,39.53
2062,6,11,36.83
2062,6,12,45.04
2062,6,13,44.84
2062,6,14,39.43
2062,6,15,35.31
2062,6,16,31.73
2062,6,17,29.30
2062,6,18,26.96
2062,6,19,24.45
2062,6,20,22.64
2062,6,21,18.95
2062,6,22,28.81
2062,6,23,35.24
2062,6,24,32.29
2062,6,25,29.28
2062,6,26,28.52
2062,6,27,26.06
2062,6,28,22.65
2062,6,29,20.67
2062,6,30,19.98
2062,7,1,18.57
2062,7,2,16.09
2062,7,3,15.92
2062,7,4,13.57
2062,7,5,11.22
2062,7,6,8.89
2062,7,7,7.24
2062,7,8,14.99
2062,7,9,13.68
2062,7,10,16.09
2062,7,11,14.13
2062,7,12,11.70
2062,7,13,10.40
2062,7,14,14.05
2062,7,15,11.13
2062,7,16,8.63
2062,7,17,6.84
2062,7,18,6.59
2062,7,19,18.14
2062,7,20,17.86
2062,7,21,17.14
2062,7,22,14.59
2062,7,23,12.13
2062,7,24,9.84
2062,7,25,7.86
2062,7,26,6.54
2062,7,27,4.65
2062,7,28,3.57
2062,7,29,2.94
2062,7,30,2.29
2062,7,31,7.35
2062,8,1,6.08
2062,8,2,5.40
2062,8,3,5.18
2062,8,4,13.55
2062,8,5,13.93
2062,8,6,13.62
2062,8,7,11.48
2062,8,8,9.89
2062,8,9,8.36
2062,8,10,13.90
2062,8,11,12.53
2062,8,12,11.34
2062,8,13,10.16
2062,8,14,8.60
2062,8,15,15.22
2062,8,16,20.55
2062,8,17,18.68
2062,8,18,16.83
2062,8,19,15.13
2062,8,20,13.18
2062,8,21,17.73
2062,8,22,15.32
2062,8,23,13.53
2062,8,24,11.99
2062,8,25,10.78
2062,8,26,10.00
2062,8,27,25.06
2062,8,28,43.77
2062,8,29,48.31
2062,8,30,45.45
2062,8,31,44.67
2062,9,1,57.45
2062,9,2,59.09
2062,9,3,55.94
2062,9,4,53.15
2062,9,5,49.99
2062,9,6,46.56
2062,9,7,43.53
2062,9,8,40.51
2062,9,9,38.51
2062,9,10,35.09
2062,9,11,37.00
2062,9,12,34.87
2062,9,13,31.31
2062,9,14,28.46
2062,9,15,26.39
2062,9,16,23.78
2062,9,17,20.96
2062,9,18,18.79
2062,9,19,16.72
2062,9,20,14.70
2062,9,21,18.08
2062,9,22,24.18
2062,9,23,45.21
2062,9,24,41.29
2062,9,25,36.77
2062,9,26,33.01
2062,9,27,34.56
2062,9,28,40.84
2062,9,29,40.32
2062,9,30,39.48
2062,10,1,37.14
2062,10,2,35.17
2062,10,3,35.50
2062,10,4,54.89
2062,10,5,75.70
2062,10,6,84.58
2062,10,7,82.90
2062,10,8,80.87
2062,10,9,79.14
2062,10,10,76.79
2062,10,11,74.69
2062,10,12,95.20
2062,10,13,95.20
2062,10,14,93.47
2062,10,15,91.16
2062,10,16,89.74
2062,10,17,88.18
2062,10,18,86.60
2062,10,19,86.91
2062,10,20,85.31
2062,10,21,85.23
2062,10,22,84.09
2062,10,23,84.21
2062,10,24,85.06
2062,10,25,83.44
2062,10,26,82.59
2062,10,27,81.75
2062,10,28,80.65
2062,10,29,79.04
2062,10,30,77.57
2062,10,31,76.16
2062,11,1,74.51
2062,11,2,73.22
2062,11,3,71.39
2062,11,4,69.51
2062,11,5,68.81
2062,11,6,67.36
2062,11,7,66.30
2062,11,8,71.33
2062,11,9,86.87
2062,11,10,94.42
2062,11,11,95.20
2062,11,12,95.20
2062,11,13,94.08
2062,11,14,92.94
2062,11,15,91.82
2062,11,16,90.92
2062,11,17,90.18
2062,11,18,89.27
2062,11,19,91.11
2062,11,20,89.70
2062,11,21,88.36
2062,11,22,90.31
2062,11,23,89.39
2062,11,24,93.90
2062,11,25,95.20
2062,11,26,94.50
2062,11,27,95.20
2062,11,28,95.20
2062,11,29,94.59
2062,11,30,93.91
2062,12,1,95.20
2062,12,2,95.11
2062,12,3,94.22
2062,12,4,93.42
2062,12,5,92.32
2062,12,6,91.07
2062,12,7,91.18
2062,12,8,95.20
2062,12,9,95.20
2062,12,10,94.34
2062,12,11,94.23
2062,12,12,93.41
2062,12,13,92.76
2062,12,14,93.14
2062,12,15,95.20
2062,12,16,94.46
2062,12,17,95.06
2062,12,18,95.20
2062,12,19,94.82
2062,12,20,94.92
2062,12,21,94.29
2062,12,22,93.58
2062,12,23,95.20
2062,12,24,95.20
2062,12,25,94.32
2062,12,26,95.20
2062,12,27,94.95
2062,12,28,94.36
2062,12,29,93.93
2062,12,30,93.41
2062,12,31,92.93
2063,1,1,95.20
2063,1,2,95.20
2063,1,3,94.77
2063,1,4,94.41
2063,1,5,94.06
2063,1,6,93.65
2063,1,7,93.33
2063,1,8,92.91
2063,1,9,92.40
2063,1,10,91.87
2063,1,11,91.44
2063,1,12,90.94
2063,1,13,94.05
2063,1,14,95.20
2063,1,15,95.20
2063,1,16,94.72
2063,1,17,94.23
2063,1,18,93.69
2063,1,19,95.20
2063,1,20,95.20
2063,1,21,94.80
2063,1,22,94.45
2063,1,23,94.17
2063,1,24,93.79
2063,1,25,93.37
2063,1,26,92.75
2063,1,27,92.12
2063,1,28,91.69
2063,1,29,91.30
2063,1,30,90.75
2063,1,31,90.63
2063,2,1,90.16
2063,2,2,89.86
2063,2,3,89.39
2063,2,4,88.72
2063,2,5,88.10
2063,2,6,87.51
2063,2,7,86.81
2063,2,8,92.83
2063,2,9,92.15
2063,2,10,95.20
2063,2,11,95.20
2063,2,12,95.20
2063,2,13,95.20
2063,2,14,95.20
2063,2,15,95.20
2063,2,16,94.45
2063,2,17,93.91
2063,2,18,93.14
2063,2,19,92.33
2063,2,20,95.20
2063,2,21,95.20
2063,2,22,94.46
2063,2,23,93.85
2063,2,24,93.23
2063,2,25,92.55
2063,2,26,91.87
2063,2,27,91.23
2063,2,28,90.46
2063,3,1,95.20
2063,3,2,95.20
2063,3,3,95.20
2063,3,4,95.20
2063,3,5,95.20
2063,3,6,95.20
2063,3,7,94.48
2063,3,8,95.20
2063,3,9,95.20
2063,3,10,94.57
2063,3,11,95.20
2063,3,12,95.20
2063,3,13,95.20
2063,3,14,94.09
2063,3,15,93.44
2063,3,16,92.67
2063,3,17,91.74
2063,3,18,90.64
2063,3,19,89.50
2063,3,20,88.19
2063,3,21,88.50
2063,3,22,93.63
2063,3,23,92.23
2063,3,24,90.80
2063,3,25,92.40
2063,3,26,92.35
2063,3,27,95.11
2063,3,28,95.20
2063,3,29,93.72
2063,3,30,94.59
2063,3,31,95.09
2063,4,1,93.28
2063,4,2,91.65
2063,4,3,89.40
2063,4,4,86.99
2063,4,5,85.61
2063,4,6,84.26
2063,4,7,82.73
2063,4,8,86.39
2063,4,9,84.58
2063,4,10,83.72
2063,4,11,82.38
2063,4,12,81.04
2063,4,13,79.82
2063,4,14,83.32
2063,4,15,94.07
2063,4,16,95.20
2063,4,17,93.58
2063,4,18,92.96
2063,4,19,90.93
2063,4,20,92.98
2063,4,21,91.50
2063,4,22,90.50
2063,4,23,86.87
2063,4,24,82.34
2063,4,25,80.05
2063,4,26,83.90
2063,4,27,83.05
2063,4,28,80.14
2063,4,29,78.21
2063,4,30,77.12
2063,5,1,75.71
2063,5,2,85.92
2063,5,3,84.47
2063,5,4,83.20
2063,5,5,81.75
2063,5,6,82.85
2063,5,7,93.87
2063,5,8,91.54
2063,5,9,88.49
2063,5,10,85.77
2063,5,11,83.55
2063,5,12,81.63
2063,5,13,79.22
2063,5,14,76.15
2063,5,15,75.57
2063,5,16,73.57
2063,5,17,69.04
2063,5,18,65.91
2063,5,19,72.37
2063,5,20,72.03
2063,5,21,68.66
2063,5,22,66.63
2063,5,23,74.99
2063,5,24,80.29
2063,5,25,75.53
2063,5,26,71.31
2063,5,27,68.44
2063,5,28,65.87
2063,5,29,62.92
2063,5,30,64.37
2063,5,31,62.27
2063,6,1,59.36
2063,6,2,57.08
2063,6,3,54.61
2063,6,4,52.05
2063,6,5,55.56
2063,6,6,55.76
2063,6,7,51.64
2063,6,8,53.98
2063,6,9,76.41
2063,6,10,78.18
2063,6,11,73.20
2063,6,12,69.03
2063,6,13,67.99
2063,6,14,69.85
2063,6,15,67.36
2063,6,16,63.07
2063,6,17,60.55
2063,6,18,60.53
2063,6,19,59.23
2063,6,20,66.67
2063,6,21,73.66
2063,6,22,72.37
2063,6,23,69.20
2063,6,24,65.08
2063,6,25,60.90
2063,6,26,56.49
2063,6,27,52.04
2063,6,28,46.94
2063,6,29,43.19
2063,6,30,38.36
2063,7,1,32.98
2063,7,2,27.87
2063,7,3,23.43
2063,7,4,20.58
2063,7,5,20.30
2063,7,6,17.79
2063,7,7,15.50
2063,7,8,13.30
2063,7,9,11.31
2063,7,10,9.53
2063,7,11,8.81
2063,7,12,10.90
2063,7,13,8.85
2063,7,14,7.44
2063,7,15,14.46
2063,7,16,15.06
2063,7,17,12.53
2063,7,18,10.71
2063,7,19,9.16
2063,7,20,7.35
2063,7,21,5.34
2063,7,22,3.75
2063,7,23,2.40
2063,7,24,1.53
2063,7,25,0.99
2063,7,26,0.76
2063,7,27,0.58
2063,7,28,0.40
2063,7,29,0.27
2063,7,30,0.19
2063,7,31,0.15
2063,8,1,0.13
2063,8,2,0.10
2063,8,3,0.07
2063,8,4,0.05
2063,8,5,0.04
2063,8,6,0.04
2063,8,7,0.03
2063,8,8,0.02
2063,8,9,0.02
2063,8,10,0.02
2063,8,11,0.01
2063,8,12,0.01
2063,8,13,0.01
2063,8,14,0.01
2063,8,15,0.01
2063,8,16,0.00
2063,8,17,0.00
2063,8,18,0.00
2063,8,19,0.00
2063,8,20,0.00
2063,8,21,0.00
2063,8,22,8.19
2063,8,23,18.82
2063,8,24,18.01
2063,8,25,18.65
2063,8,26,16.83
2063,8,27,14.02
2063,8,28,11.46
2063,8,29,9.64
2063,8,30,8.14
2063,8,31,6.97
2063,9,1,5.83
2063,9,2,5.05
2063,9,3,4.60
2063,9,4,3.97
2063,9,5,3.54
2063,9,6,3.00
2063,9,7,2.50
2063,9,8,5.12
2063,9,9,5.62
2063,9,10,4.95
2063,9,11,4.44
2063,9,12,3.97
2063,9,13,3.48
2063,9,14,5.10
2063,9,15,4.59
2063,9,16,4.11
2063,9,17,3.67
2063,9,18,3.25
2063,9,19,2.87
2063,9,20,2.46
2063,9,21,2.07
2063,9,22,1.76
2063,9,23,1.46
2063,9,24,1.32
2063,9,25,2.15
2063,9,26,1.87
2063,9,27,1.83
2063,9,28,1.67
2063,9,29,19.22
2063,9,30,55.91
2063,10,1,53.34
2063,10,2,51.14
2063,10,3,49.25
2063,10,4,47.53
2063,10,5,47.63
2063,10,6,46.33
2063,10,7,45.28
2063,10,8,47.06
2063,10,9,45.00
2063,10,10,43.46
2063,10,11,72.19
2063,10,12,95.20
2063,10,13,93.41
2063,10,14,91.28
2063,10,15,89.74
2063,10,16,88.46
2063,10,17,86.85
2063,10,18,85.45
2063,10,19,82.93
2063,10,20,80.51
2063,10,21,78.73
2063,10,22,80.09
2063,10,23,95.20
2063,10,24,95.20
2063,10,25,95.20
2063,10,26,93.77
2063,10,27,92.58
2063,10,28,95.20
2063,10,29,93.84
2063,10,30,92.17
2063,10,31,91.20
2063,11,1,92.12
2063,11,2,91.62
2063,11,3,90.47
2063,11,4,89.63
2063,11,5,88.91
2063,11,6,88.04
2063,11,7,95.20
2063,11,8,95.20
2063,11,9,95.20
2063,11,10,94.27
2063,11,11,95.20
2063,11,12,94.42
2063,11,13,93.37
2063,11,14,92.21
2063,11,15,92.10
2063,11,16,95.20
2063,11,17,94.74
2063,11,18,93.92
2063,11,19,93.12
2063,11,20,93.11
2063,11,21,95.20
2063,11,22,95.20
2063,11,23,95.20
2063,11,24,94.16
2063,11,25,93.17
2063,11,26,92.44
2063,11,27,95.20
2063,11,28,95.20
2063,11,29,94.59
2063,11,30,95.20
2063,12,1,95.20
2063,12,2,94.10
2063,12,3,95.20
2063,12,4,95.20
2063,12,5,94.37
2063,12,6,93.75
2063,12,7,92.94
2063,12,8,91.93
2063,12,9,95.20
2063,12,10,95.20
2063,12,11,94.35
2063,12,12,95.20
2063,12,13,94.45
2063,12,14,93.81
2063,12,15,93.20
2063,12,16,92.70
2063,12,17,95.20
2063,12,18,94.64
2063,12,19,94.04
2063,12,20,93.98
2063,12,21,95.20
2063,12,22,95.20
2063,12,23,94.60
2063,12,24,93.70
2063,12,25,95.20
2063,12,26,95.20
2063,12,27,94.62
2063,12,28,94.16
2063,12,29,93.60
2063,12,30,93.10
2063,12,31,95.20
2064,1,1,94.61
2064,1,2,94.01
2064,1,3,93.47
2064,1,4,92.90
2064,1,5,92.91
2064,1,6,95.20
2064,1,7,95.20
2064,1,8,94.50
2064,1,9,94.40
2064,1,10,93.77
2064,1,11,93.12
2064,1,12,92.44
2064,1,13,95.20
2064,1,14,95.20
2064,1,15,94.16
2064,1,16,93.31
2064,1,17,92.59
2064,1,18,95.20
2064,1,19,95.20
2064,1,20,93.93
2064,1,21,94.92
2064,1,22,94.33
2064,1,23,93.95
2064,1,24,93.55
2064,1,25,93.11
2064,1,26,92.35
2064,1,27,91.45
2064,1,28,90.64
2064,1,29,89.94
2064,1,30,89.28
2064,1,31,88.42
2064,2,1,87.54
2064,2,2,86.78
2064,2,3,88.46
2064,2,4,95.20
2064,2,5,94.27
2064,2,6,93.37
2064,2,7,92.67
2064,2,8,91.96
2064,2,9,91.16
2064,2,10,93.62
2064,2,11,93.42
2064,2,12,92.65
2064,2,13,95.20
2064,2,14,95.20
2064,2,15,93.69
2064,2,16,92.71
2064,2,17,91.65
2064,2,18,95.20
2064,2,19,94.58
2064,2,20,93.77
2064,2,21,93.00
2064,2,22,92.40
2064,2,23,95.20
2064,2,24,94.68
2064,2,25,93.99
2064,2,26,95.20
2064,2,27,95.20
2064,2,28,94.31
2064,2,29,95.20
2064,3,1,95.20
2064,3,2,95.20
2064,3,3,94.66
2064,3,4,94.17
2064,3,5,95.20
2064,3,6,94.43
2064,3,7,94.41
2064,3,8,93.66
2064,3,9,93.79
2064,3,10,92.64
2064,3,11,91.33
2064,3,12,89.90
2064,3,13,90.04
2064,3,14,95.20
2064,3,15,95.20
2064,3,16,94.22
2064,3,17,93.37
2064,3,18,92.53
2064,3,19,91.77
2064,3,20,95.20
2064,3,21,95.20
2064,3,22,94.22
2064,3,23,93.23
2064,3,24,92.53
2064,3,25,95.20
2064,3,26,94.10
2064,3,27,93.23
2064,3,28,92.15
2064,3,29,91.42
2064,3,30,95.20
2064,3,31,95.20
2064,4,1,93.39
2064,4,2,91.32
2064,4,3,89.35
2064,4,4,92.48
2064,4,5,95.20
2064,4,6,95.20
2064,4,7,94.08
2064,4,8,95.20
2064,4,9,94.46
2064,4,10,95.20
2064,4,11,95.20
2064,4,12,93.86
2064,4,13,92.44
2064,4,14,90.59
2064,4,15,88.92
2064,4,16,87.10
2064,4,17,84.54
2064,4,18,82.11
2064,4,19,80.31
2064,4,20,78.16
2064,4,21,75.40
2064,4,22,73.71
2064,4,23,74.91
2064,4,24,85.96
2064,4,25,83.48
2064,4,26,82.29
2064,4,27,81.35
2064,4,28,80.56
2064,4,29,82.72
2064,4,30,84.89
2064,5,1,83.99
2064,5,2,82.59
2064,5,3,81.01
2064,5,4,81.47
2064,5,5,87.64
2064,5,6,85.36
2064,5,7,84.41
2064,5,8,87.73
2064,5,9,85.81
2064,5,10,84.71
2064,5,11,83.03
2064,5,12,83.16
2064,5,13,82.53
2064,5,14,80.15
2064,5,15,77.90
2064,5,16,75.23
2064,5,17,72.28
2064,5,18,73.06
2064,5,19,70.54
2064,5,20,68.35
2064,5,21,68.40
2064,5,22,70.02
2064,5,23,68.34
2064,5,24,68.12
2064,5,25,95.20
2064,5,26,95.20
2064,5,27,92.29
2064,5,28,88.83
2064,5,29,83.89
2064,5,30,79.36
2064,5,31,75.37
2064,6,1,72.15
2064,6,2,69.11
2064,6,3,76.01
2064,6,4,86.80
2064,6,5,83.26
2064,6,6,79.82
2064,6,7,76.59
2064,6,8,72.88
2064,6,9,68.90
2064,6,10,66.13
2064,6,11,69.59
2064,6,12,66.47
2064,6,13,63.75
2064,6,14,60.61
2064,6,15,56.87
2064,6,16,51.99
2064,6,17,48.24
2064,6,18,45.62
2064,6,19,42.44
2064,6,20,39.52
2064,6,21,41.09
2064,6,22,41.04
2064,6,23,40.22
2064,6,24,38.13
2064,6,25,36.70
2064,6,26,33.59
2064,6,27,30.32
2064,6,28,27.55
2064,6,29,25.04
2064,6,30,22.17
2064,7,1,18.45
2064,7,2,14.92
2064,7,3,12.14
2064,7,4,11.22
2064,7,5,14.23
2064,7,6,12.57
2064,7,7,11.39
2064,7,8,14.86
2064,7,9,12.46
2064,7,10,10.40
2064,7,11,8.65
2064,7,12,14.18
2064,7,13,30.86
2064,7,14,30.50
2064,7,15,27.28
2064,7,16,24.95
2064,7,17,22.74
2064,7,18,21.21
2064,7,19,18.75
2064,7,20,16.10
2064,7,21,13.00
2064,7,22,13.07
2064,7,23,11.04
2064,7,24,8.65
2064,7,25,6.69
2064,7,26,5.23
2064,7,27,4.15
2064,7,28,3.03
2064,7,29,2.25
2064,7,30,1.78
2064,7,31,1.40
2064,8,1,1.12
2064,8,2,1.05
2064,8,3,1.02
2064,8,4,10.42
2064,8,5,28.12
2064,8,6,28.10
2064,8,7,23.82
2064,8,8,29.40
2064,8,9,32.95
2064,8,10,29.66
2064,8,11,26.42
2064,8,12,23.75
2064,8,13,20.85
2064,8,14,17.90
2064,8,15,15.32
2064,8,16,13.65
2064,8,17,12.05
2064,8,18,13.09
2064,8,19,13.46
2064,8,20,11.24
2064,8,21,9.45
2064,8,22,8.17
2064,8,23,7.19
2064,8,24,6.23
2064,8,25,14.63
2064,8,26,31.35
2064,8,27,33.66
2064,8,28,30.34
2064,8,29,27.72
2064,8,30,25.40
2064,8,31,25.07
2064,9,1,29.32
2064,9,2,29.35
2064,9,3,31.36
2064,9,4,54.21
2064,9,5,75.54
2064,9,6,90.42
2064,9,7,87.33
2064,9,8,95.20
2064,9,9,95.20
2064,9,10,95.20
2064,9,11,92.03
2064,9,12,89.30
2064,9,13,95.20
2064,9,14,95.20
2064,9,15,95.20
2064,9,16,91.22
2064,9,17,87.27
2064,9,18,84.86
2064,9,19,82.42
2064,9,20,83.51
2064,9,21,90.37
2064,9,22,88.68
2064,9,23,89.47
2064,9,24,87.16
2064,9,25,84.49
2064,9,26,82.45
2064,9,27,87.00
2064,9,28,90.41
2064,9,29,88.06
2064,9,30,86.30
2064,10,1,84.65
2064,10,2,82.73
2064,10,3,80.47
2064,10,4,78.59
2064,10,5,76.84
2064,10,6,74.93
2064,10,7,72.87
2064,10,8,71.09
2064,10,9,89.12
2064,10,10,90.40
2064,10,11,88.26
2064,10,12,95.20
2064,10,13,95.20
2064,10,14,94.16
2064,10,15,92.98
2064,10,16,91.16
2064,10,17,93.44
2064,10,18,95.20
2064,10,19,95.20
2064,10,20,95.20
2064,10,21,93.29
2064,10,22,91.54
2064,10,23,89.53
2064,10,24,87.66
2064,10,25,89.67
2064,10,26,95.20
2064,10,27,95.20
2064,10,28,93.98
2064,10,29,95.20
2064,10,30,95.20
2064,10,31,94.29
2064,11,1,92.69
2064,11,2,91.15
2064,11,3,89.46
2064,11,4,87.68
2064,11,5,88.19
2064,11,6,90.33
2064,11,7,95.20
2064,11,8,95.20
2064,11,9,94.35
2064,11,10,93.42
2064,11,11,92.33
2064,11,12,91.19
2064,11,13,89.73
2064,11,14,88.23
2064,11,15,87.26
2064,11,16,86.69
2064,11,17,88.80
2064,11,18,94.45
2064,11,19,95.20
2064,11,20,93.87
2064,11,21,92.93
2064,11,22,92.13
2064,11,23,92.27
2064,11,24,93.36
2064,11,25,92.49
2064,11,26,92.51
2064,11,27,91.57
2064,11,28,90.54
2064,11,29,94.57
2064,11,30,95.20
2064,12,1,94.53
2064,12,2,93.75
2064,12,3,93.04
2064,12,4,91.97
2064,12,5,92.26
2064,12,6,92.07
2064,12,7,91.37
2064,12,8,90.83
2064,12,9,90.32
2064,12,10,95.20
2064,12,11,94.66
2064,12,12,94.13
2064,12,13,93.64
2064,12,14,95.20
2064,12,15,95.20
2064,12,16,94.58
2064,12,17,93.97
2064,12,18,93.41
2064,12,19,95.20
2064,12,20,95.20
2064,12,21,94.95
2064,12,22,94.98
2064,12,23,93.94
2064,12,24,94.40
2064,12,25,93.56
2064,12,26,92.85
2064,12,27,92.32
2064,12,28,91.86
2064,12,29,91.25
2064,12,30,90.58
2064,12,31,95.20
2065,1,1,95.20
2065,1,2,95.20
2065,1,3,94.64
2065,1,4,94.18
2065,1,5,93.57
2065,1,6,92.94
2065,1,7,92.46
2065,1,8,91.97
2065,1,9,91.47
2065,1,10,90.90
2065,1,11,90.13
2065,1,12,89.53
2065,1,13,89.01
2065,1,14,88.41
2065,1,15,87.99
2065,1,16,87.54
2065,1,17,86.99
2065,1,18,86.41
2065,1,19,85.79
2065,1,20,85.22
2065,1,21,84.68
2065,1,22,85.40
2065,1,23,84.98
2065,1,24,84.54
2065,1,25,84.24
2065,1,26,83.88
2065,1,27,83.44
2065,1,28,82.99
2065,1,29,82.49
2065,1,30,82.03
2065,1,31,90.41
2065,2,1,90.99
2065,2,2,90.56
2065,2,3,90.14
2065,2,4,89.62
2065,2,5,94.75
2065,2,6,94.19
2065,2,7,95.20
2065,2,8,94.57
2065,2,9,94.13
2065,2,10,93.59
2065,2,11,93.05
2065,2,12,92.53
2065,2,13,92.13
2065,2,14,91.50
2065,2,15,91.10
2065,2,16,90.80
2065,2,17,90.61
2065,2,18,90.03
2065,2,19,89.64
2065,2,20,89.07
2065,2,21,89.11
2065,2,22,88.49
2065,2,23,87.84
2065,2,24,93.05
2065,2,25,95.20
2065,2,26,95.20
2065,2,27,94.47
2065,2,28,95.20
2065,3,1,95.20
2065,3,2,94.22
2065,3,3,95.20
2065,3,4,95.20
2065,3,5,94.50
2065,3,6,93.73
2065,3,7,92.90
2065,3,8,95.20
2065,3,9,95.20
2065,3,10,95.20
2065,3,11,94.00
2065,3,12,92.83
2065,3,13,91.87
2065,3,14,91.14
2065,3,15,90.46
2065,3,16,90.15
2065,3,17,89.36
2065,3,18,95.20
2065,3,19,95.20
2065,3,20,95.20
2065,3,21,94.00
2065,3,22,92.60
2065,3,23,91.61
2065,3,24,90.56
2065,3,25,95.20
2065,3,26,95.20
2065,3,27,95.20
2065,3,28,94.01
2065,3,29,92.72
2065,3,30,92.68
2065,3,31,92.44
2065,4,1,90.83
2065,4,2,89.50
2065,4,3,94.82
2065,4,4,93.40
2065,4,5,93.63
2065,4,6,93.52
2065,4,7,91.90
2065,4,8,91.90
2065,4,9,95.20
2065,4,10,93.94
2065,4,11,92.41
2065,4,12,90.65
2065,4,13,95.20
2065,4,14,95.17
2065,4,15,93.48
2065,4,16,92.56
2065,4,17,90.77
2065,4,18,89.11
2065,4,19,95.20
2065,4,20,95.20
2065,4,21,93.40
2065,4,22,95.20
2065,4,23,95.20
2065,4,24,95.20
2065,4,25,93.26
2065,4,26,91.55
2065,4,27,89.58
2065,4,28,95.20
2065,4,29,95.20
2065,4,30,95.20
2065,5,1,91.95
2065,5,2,87.76
2065,5,3,94.93
2065,5,4,95.20
2065,5,5,95.20
2065,5,6,93.24
2065,5,7,90.28
2065,5,8,87.79
2065,5,9,89.26
2065,5,10,87.88
2065,5,11,83.92
2065,5,12,80.13
2065,5,13,76.82
2065,5,14,72.25
2065,5,15,66.89
2065,5,16,62.90
2065,5,17,63.95
2065,5,18,60.07
2065,5,19,57.44
2065,5,20,54.92
2065,5,21,53.93
2065,5,22,51.79
2065,5,23,48.13
2065,5,24,44.78
2065,5,25,43.17
2065,5,26,46.04
2065,5,27,47.44
2065,5,28,46.79
2065,5,29,43.59
2065,5,30,40.87
2065,5,31,95.20
2065,6,1,95.20
2065,6,2,92.72
2065,6,3,90.53
2065,6,4,88.74
2065,6,5,89.31
2065,6,6,91.63
2065,6,7,90.23
2065,6,8,87.20
2065,6,9,94.03
2065,6,10,95.20
2065,6,11,92.50
2065,6,12,90.14
2065,6,13,90.66
2065,6,14,95.20
2065,6,15,95.20
2065,6,16,92.72
2065,6,17,89.35
2065,6,18,85.70
2065,6,19,82.13
2065,6,20,78.72
2065,6,21,75.50
2065,6,22,70.50
2065,6,23,68.42
2065,6,24,63.32
2065,6,25,59.80
2065,6,26,56.87
2065,6,27,53.54
2065,6,28,50.54
2065,6,29,47.50
2065,6,30,44.74
2065,7,1,43.49
2065,7,2,43.42
2065,7,3,42.96
2065,7,4,43.74
2065,7,5,39.64
2065,7,6,35.59
2065,7,7,31.78
2065,7,8,29.04
2065,7,9,26.39
2065,7,10,23.47
2065,7,11,20.89
2065,7,12,18.09
2065,7,13,15.45
2065,7,14,13.00
2065,7,15,26.56
2065,7,16,40.23
2065,7,17,36.73
2065,7,18,33.47
2065,7,19,31.57
2065,7,20,28.62
2065,7,21,25.67
2065,7,22,24.20
2065,7,23,21.62
2065,7,24,21.02
2065,7,25,32.73
2065,7,26,33.61
2065,7,27,30.24
2065,7,28,27.19
2065,7,29,24.44
2065,7,30,23.53
2065,7,31,39.52
2065,8,1,43.14
2065,8,2,42.03
2065,8,3,41.21
2065,8,4,37.98
2065,8,5,35.27
2065,8,6,31.75
2065,8,7,34.48
2065,8,8,37.62
2065,8,9,33.19
2065,8,10,28.44
2065,8,11,27.40
2065,8,12,47.98
2065,8,13,64.95
2065,8,14,65.23
2065,8,15,61.02
2065,8,16,57.70
2065,8,17,73.74
2065,8,18,69.79
2065,8,19,67.51
2065,8,20,63.63
2065,8,21,62.71
2065,8,22,57.33
2065,8,23,53.02
2065,8,24,53.23
2065,8,25,49.95
2065,8,26,46.87
2065,8,27,43.99
2065,8,28,41.23
2065,8,29,57.32
2065,8,30,80.58
2065,8,31,85.80
2065,9,1,91.36
2065,9,2,91.53
2065,9,3,88.06
2065,9,4,85.19
2065,9,5,81.28
2065,9,6,76.45
2065,9,7,71.67
2065,9,8,68.45
2065,9,9,65.25
2065,9,10,61.73
2065,9,11,58.11
2065,9,12,55.01
2065,9,13,52.52
2065,9,14,54.00
2065,9,15,53.35
2065,9,16,49.67
2065,9,17,49.29
2065,9,18,47.49
2065,9,19,47.01
2065,9,20,73.70
2065,9,21,81.54
2065,9,22,78.60
2065,9,23,76.60
2065,9,24,92.79
2065,9,25,95.20
2065,9,26,95.20
2065,9,27,92.67
2065,9,28,89.99
2065,9,29,87.15
2065,9,30,84.26
2065,10,1,85.74
2065,10,2,84.17
2065,10,3,81.76
2065,10,4,79.35
2065,10,5,77.08
2065,10,6,74.75
2065,10,7,72.88
2065,10,8,71.40
2065,10,9,69.95
2065,10,10,68.25
2065,10,11,66.46
2065,10,12,64.65
2065,10,13,63.02
2065,10,14,61.60
2065,10,15,60.19
2065,10,16,58.70
2065,10,17,57.87
2065,10,18,95.20
2065,10,19,95.20
2065,10,20,93.18
2065,10,21,90.90
2065,10,22,88.78
2065,10,23,87.23
2065,10,24,85.79
2065,10,25,84.25
2065,10,26,82.62
2065,10,27,81.11
2065,10,28,79.51
2065,10,29,77.68
2065,10,30,78.01
2065,10,31,76.95
2065,11,1,75.77
2065,11,2,73.59
2065,11,3,71.44
2065,11,4,70.36
2065,11,5,69.31
2065,11,6,68.74
2065,11,7,75.89
2065,11,8,83.53
2065,11,9,85.58
2065,11,10,84.38
2065,11,11,83.61
2065,11,12,82.80
2065,11,13,81.87
2065,11,14,80.87
2065,11,15,80.21
2065,11,16,79.18
2065,11,17,77.50
2065,11,18,75.85
2065,11,19,75.02
2065,11,20,76.54
2065,11,21,75.44
2065,11,22,75.68
2065,11,23,86.04
2065,11,24,88.99
2065,11,25,88.89
2065,11,26,95.20
2065,11,27,94.04
2065,11,28,95.15
2065,11,29,95.20
2065,11,30,95.20
2065,12,1,95.20
2065,12,2,95.20
2065,12,3,94.53
2065,12,4,94.08
2065,12,5,93.58
2065,12,6,93.04
2065,12,7,92.58
2065,12,8,92.16
2065,12,9,91.83
2065,12,10,91.47
2065,12,11,95.20
2065,12,12,95.20
2065,12,13,94.51
2065,12,14,94.03
2065,12,15,95.20
2065,12,16,94.65
2065,12,17,94.16
2065,12,18,93.61
2065,12,19,95.20
2065,12,20,94.74
2065,12,21,94.34
2065,12,22,93.92
2065,12,23,93.37
2065,12,24,92.94
2065,12,25,92.64
2065,12,26,92.35
2065,12,27,92.01
2065,12,28,91.69
2065,12,29,92.41
2065,12,30,95.20
2065,12,31,95.20
2066,1,1,94.67
2066,1,2,94.26
2066,1,3,93.77
2066,1,4,93.19
2066,1,5,95.20
2066,1,6,95.20
2066,1,7,95.20
2066,1,8,95.20
2066,1,9,94.92
2066,1,10,95.20
2066,1,11,95.20
2066,1,12,94.53
2066,1,13,94.91
2066,1,14,94.42
2066,1,15,93.88
2066,1,16,93.02
2066,1,17,92.57
2066,1,18,92.24
2066,1,19,91.76
2066,1,20,91.42
2066,1,21,91.01
2066,1,22,92.26
2066,1,23,94.20
2066,1,24,95.20
2066,1,25,95.20
2066,1,26,95.20
2066,1,27,94.72
2066,1,28,94.21
2066,1,29,93.74
2066,1,30,93.28
2066,1,31,93.03
2066,2,1,92.77
2066,2,2,92.36
2066,2,3,91.74
2066,2,4,95.20
2066,2,5,95.20
2066,2,6,94.72
2066,2,7,94.10
2066,2,8,93.52
2066,2,9,95.20
2066,2,10,95.20
2066,2,11,94.47
2066,2,12,94.35
2066,2,13,95.20
2066,2,14,95.20
2066,2,15,93.99
2066,2,16,93.10
2066,2,17,92.04
2066,2,18,95.20
2066,2,19,94.44
2066,2,20,93.89
2066,2,21,95.20
2066,2,22,95.20
2066,2,23,95.20
2066,2,24,95.20
2066,2,25,94.99
2066,2,26,94.20
2066,2,27,93.59
2066,2,28,93.01
2066,3,1,92.40
2066,3,2,91.72
2066,3,3,91.09
2066,3,4,90.41
2066,3,5,89.79
2066,3,6,95.20
2066,3,7,94.39
2066,3,8,93.81
2066,3,9,93.25
2066,3,10,92.61
2066,3,11,95.20
2066,3,12,95.20
2066,3,13,95.20
2066,3,14,94.16
2066,3,15,93.07
2066,3,16,91.92
2066,3,17,90.74
2066,3,18,89.92
2066,3,19,89.20
2066,3,20,87.57
2066,3,21,88.55
2066,3,22,95.20
2066,3,23,95.20
2066,3,24,95.20
2066,3,25,95.20
2066,3,26,95.20
2066,3,27,94.15
2066,3,28,95.20
2066,3,29,95.20
2066,3,30,95.20
2066,3,31,93.72
2066,4,1,95.20
2066,4,2,95.20
2066,4,3,95.20
2066,4,4,95.20
2066,4,5,95.20
2066,4,6,95.20
2066,4,7,93.87
2066,4,8,93.47
2066,4,9,91.60
2066,4,10,89.77
2066,4,11,90.34
2066,4,12,88.46
2066,4,13,86.66
2066,4,14,90.48
2066,4,15,89.19
2066,4,16,86.91
2066,4,17,85.13
2066,4,18,95.20
2066,4,19,94.30
2066,4,20,95.20
2066,4,21,93.48
2066,4,22,91.82
2066,4,23,90.13
2066,4,24,88.50
2066,4,25,86.83
2066,4,26,90.65
2066,4,27,91.71
2066,4,28,89.30
2066,4,29,87.22
2066,4,30,86.22
2066,5,1,85.69
2066,5,2,82.93
2066,5,3,85.39
2066,5,4,86.46
2066,5,5,82.13
2066,5,6,79.30
2066,5,7,89.65
2066,5,8,87.20
2066,5,9,84.65
2066,5,10,82.01
2066,5,11,95.20
2066,5,12,95.20
2066,5,13,95.20
2066,5,14,95.20
2066,5,15,94.32
2066,5,16,95.20
2066,5,17,95.20
2066,5,18,94.44
2066,5,19,92.10
2066,5,20,89.89
2066,5,21,86.97
2066,5,22,83.87
2066,5,23,80.25
2066,5,24,81.71
2066,5,25,85.01
2066,5,26,80.78
2066,5,27,75.63
2066,5,28,70.81
2066,5,29,71.32
2066,5,30,77.54
2066,5,31,83.12
2066,6,1,77.63
2066,6,2,75.29
2066,6,3,74.32
2066,6,4,71.38
2066,6,5,69.74
2066,6,6,67.14
2066,6,7,63.19
2066,6,8,58.61
2066,6,9,72.08
2066,6,10,82.88
2066,6,11,95.20
2066,6,12,90.76
2066,6,13,87.29
2066,6,14,83.88
2066,6,15,79.91
2066,6,16,76.91
2066,6,17,81.24
2066,6,18,95.20
2066,6,19,95.20
2066,6,20,94.71
2066,6,21,92.70
2066,6,22,88.34
2066,6,23,87.38
2066,6,24,85.40
2066,6,25,82.91
2066,6,26,79.48
2066,6,27,76.15
2066,6,28,71.19
2066,6,29,66.09
2066,6,30,60.08
2066,7,1,53.38
2066,7,2,47.95
2066,7,3,56.12
2066,7,4,51.50
2066,7,5,47.25
2066,7,6,43.09
2066,7,7,38.70
2066,7,8,34.65
2066,7,9,32.88
2066,7,10,27.49
2066,7,11,23.88
2066,7,12,20.69
2066,7,13,17.70
2066,7,14,14.56
2066,7,15,12.43
2066,7,16,10.36
2066,7,17,8.76
2066,7,18,7.32
2066,7,19,5.96
2066,7,20,4.67
2066,7,21,3.32
2066,7,22,2.39
2066,7,23,17.91
2066,7,24,22.05
2066,7,25,24.14
2066,7,26,21.01
2066,7,27,21.70
2066,7,28,37.52
2066,7,29,46.92
2066,7,30,43.13
2066,7,31,39.29
2066,8,1,37.35
2066,8,2,34.71
2066,8,3,30.27
2066,8,4,27.01
2066,8,5,22.99
2066,8,6,19.08
2066,8,7,17.21
2066,8,8,16.67
2066,8,9,14.18
2066,8,10,11.41
2066,8,11,9.33
2066,8,12,8.54
2066,8,13,7.62
2066,8,14,9.25
2066,8,15,7.78
2066,8,16,6.81
2066,8,17,5.97
2066,8,18,5.50
2066,8,19,11.16
2066,8,20,10.89
2066,8,21,9.13
2066,8,22,7.65
2066,8,23,6.30
2066,8,24,21.23
2066,8,25,18.99
2066,8,26,16.51
2066,8,27,14.32
2066,8,28,12.24
2066,8,29,10.64
2066,8,30,8.54
2066,8,31,7.78
2066,9,1,8.73
2066,9,2,7.51
2066,9,3,6.43
2066,9,4,5.24
2066,9,5,5.18
2066,9,6,4.07
2066,9,7,3.10
2066,9,8,2.57
2066,9,9,2.20
2066,9,10,2.19
2066,9,11,26.82
2066,9,12,40.89
2066,9,13,36.70
2066,9,14,33.80
2066,9,15,31.16
2066,9,16,27.63
2066,9,17,24.42
2066,9,18,29.19
2066,9,19,42.67
2066,9,20,48.75
2066,9,21,47.66
2066,9,22,44.15
2066,9,23,42.04
2066,9,24,44.45
2066,9,25,43.20
2066,9,26,40.49
2066,9,27,38.42
2066,9,28,36.45
2066,9,29,34.39
2066,9,30,32.15
2066,10,1,30.05
2066,10,2,28.64
2066,10,3,29.84
2066,10,4,32.94
2066,10,5,39.59
2066,10,6,40.80
2066,10,7,41.71
2066,10,8,39.41
2066,10,9,37.76
2066,10,10,37.15
2066,10,11,59.26
2066,10,12,63.98
2066,10,13,63.98
2066,10,14,65.71
2066,10,15,70.80
2066,10,16,91.06
2066,10,17,95.20
2066,10,18,95.20
2066,10,19,95.20
2066,10,20,95.20
2066,10,21,95.20
2066,10,22,93.50
2066,10,23,92.07
2066,10,24,91.16
2066,10,25,89.58
2066,10,26,91.26
2066,10,27,89.57
2066,10,28,88.61
2066,10,29,87.84
2066,10,30,87.18
2066,10,31,95.20
2066,11,1,95.20
2066,11,2,95.20
2066,11,3,94.17
2066,11,4,93.75
2066,11,5,92.68
2066,11,6,91.64
2066,11,7,90.46
2066,11,8,89.49
2066,11,9,93.28
2066,11,10,95.20
2066,11,11,95.20
2066,11,12,93.79
2066,11,13,92.59
2066,11,14,91.33
2066,11,15,90.10
2066,11,16,89.28
2066,11,17,88.31
2066,11,18,88.15
2066,11,19,88.08
2066,11,20,87.82
2066,11,21,86.60
2066,11,22,85.91
2066,11,23,95.20
2066,11,24,95.20
2066,11,25,95.20
2066,11,26,93.74
2066,11,27,92.27
2066,11,28,91.79
2066,11,29,95.20
2066,11,30,95.20
2066,12,1,95.20
2066,12,2,95.01
2066,12,3,94.14
2066,12,4,93.36
2066,12,5,93.75
2066,12,6,95.20
2066,12,7,95.20
2066,12,8,93.47
2066,12,9,95.20
2066,12,10,94.71
2066,12,11,94.23
2066,12,12,93.76
2066,12,13,95.20
2066,12,14,94.55
2066,12,15,94.02
2066,12,16,93.55
2066,12,17,93.01
2066,12,18,92.46
2066,12,19,95.20
2066,12,20,94.55
2066,12,21,95.20
2066,12,22,95.20
2066,12,23,95.20
2066,12,24,95.20
2066,12,25,95.20
2066,12,26,94.50
2066,12,27,93.96
2066,12,28,93.57
2066,12,29,93.18
2066,12,30,92.75
2066,12,31,95.20
2067,1,1,95.20
2067,1,2,94.70
2067,1,3,94.16
2067,1,4,93.75
2067,1,5,93.29
2067,1,6,92.81
2067,1,7,92.25
2067,1,8,91.75
2067,1,9,91.39
2067,1,10,90.87
2067,1,11,95.20
2067,1,12,95.20
2067,1,13,94.77
2067,1,14,94.22
2067,1,15,93.71
2067,1,16,93.35
2067,1,17,92.91
2067,1,18,92.41
2067,1,19,91.95
2067,1,20,91.62
2067,1,21,91.19
2067,1,22,90.75
2067,1,23,90.43
2067,1,24,89.89
2067,1,25,95.20
2067,1,26,95.20
2067,1,27,95.20
2067,1,28,95.20
2067,1,29,94.85
2067,1,30,94.30
2067,1,31,95.20
2067,2,1,94.83
2067,2,2,94.46
2067,2,3,93.87
2067,2,4,93.37
2067,2,5,92.85
2067,2,6,92.32
2067,2,7,91.63
2067,2,8,95.20
2067,2,9,95.20
2067,2,10,95.20
2067,2,11,94.47
2067,2,12,93.93
2067,2,13,93.43
2067,2,14,92.79
2067,2,15,95.20
2067,2,16,94.55
2067,2,17,93.91
2067,2,18,95.20
2067,2,19,95.20
2067,2,20,95.20
2067,2,21,95.20
2067,2,22,95.20
2067,2,23,95.20
2067,2,24,94.36
2067,2,25,93.81
2067,2,26,93.21
2067,2,27,92.53
2067,2,28,91.86
2067,3,1,95.20
2067,3,2,95.20
2067,3,3,95.20
2067,3,4,95.20
2067,3,5,95.20
2067,3,6,94.25
2067,3,7,95.20
2067,3,8,95.20
2067,3,9,94.21
2067,3,10,95.20
2067,3,11,95.20
2067,3,12,94.25
2067,3,13,93.38
2067,3,14,95.20
2067,3,15,95.20
2067,3,16,95.20
2067,3,17,94.07
2067,3,18,92.86
2067,3,19,95.20
2067,3,20,95.20
2067,3,21,94.58
2067,3,22,93.98
2067,3,23,93.29
2067,3,24,95.20
2067,3,25,95.20
2067,3,26,95.20
2067,3,27,93.52
2067,3,28,92.49
2067,3,29,91.65
2067,3,30,95.20
2067,3,31,95.20
2067,4,1,93.55
2067,4,2,95.20
2067,4,3,95.20
2067,4,4,93.99
2067,4,5,93.68
2067,4,6,92.91
2067,4,7,93.87
2067,4,8,92.71
2067,4,9,91.43
2067,4,10,90.24
2067,4,11,88.87
2067,4,12,88.95
2067,4,13,95.20
2067,4,14,95.20
2067,4,15,95.20
2067,4,16,94.83
2067,4,17,92.97
2067,4,18,95.20
2067,4,19,95.20
2067,4,20,93.88
2067,4,21,92.93
2067,4,22,91.68
2067,4,23,93.72
2067,4,24,93.35
2067,4,25,91.16
2067,4,26,89.81
2067,4,27,88.07
2067,4,28,85.37
2067,4,29,81.03
2067,4,30,77.16
2067,5,1,76.70
2067,5,2,88.96
2067,5,3,92.91
2067,5,4,90.52
2067,5,5,95.20
2067,5,6,95.20
2067,5,7,93.60
2067,5,8,91.46
2067,5,9,92.53
2067,5,10,95.20
2067,5,11,95.20
2067,5,12,95.20
2067,5,13,92.60
2067,5,14,90.62
2067,5,15,89.03
2067,5,16,87.14
2067,5,17,84.80
2067,5,18,82.33
2067,5,19,80.58
2067,5,20,78.55
2067,5,21,76.75
2067,5,22,73.48
2067,5,23,70.42
2067,5,24,68.74
2067,5,25,70.39
2067,5,26,69.73
2067,5,27,75.20
2067,5,28,85.32
2067,5,29,84.04
2067,5,30,81.29
2067,5,31,78.44
2067,6,1,77.31
2067,6,2,75.45
2067,6,3,71.71
2067,6,4,68.55
2067,6,5,64.67
2067,6,6,62.09
2067,6,7,61.89
2067,6,8,59.17
2067,6,9,55.99
2067,6,10,53.42
2067,6,11,51.46
2067,6,12,53.10
2067,6,13,53.78
2067,6,14,49.57
2067,6,15,45.60
2067,6,16,41.94
2067,6,17,50.59
2067,6,18,61.21
2067,6,19,56.93
2067,6,20,53.62
2067,6,21,50.24
2067,6,22,47.39
2067,6,23,47.71
2067,6,24,52.25
2067,6,25,59.03
2067,6,26,70.77
2067,6,27,67.14
2067,6,28,61.98
2067,6,29,57.41
2067,6,30,52.99
2067,7,1,48.80
2067,7,2,46.28
2067,7,3,40.43
2067,7,4,34.48
2067,7,5,29.17
2067,7,6,23.88
2067,7,7,19.04
2067,7,8,14.62
2067,7,9,11.54
2067,7,10,9.02
2067,7,11,7.17
2067,7,12,5.83
2067,7,13,4.74
2067,7,14,3.87
2067,7,15,3.09
2067,7,16,2.42
2067,7,17,2.42
2067,7,18,1.93
2067,7,19,1.43
2067,7,20,1.12
2067,7,21,0.95
2067,7,22,0.71
2067,7,23,0.58
2067,7,24,0.36
2067,7,25,0.26
2067,7,26,0.19
2067,7,27,0.18
2067,7,28,0.15
2067,7,29,0.13
2067,7,30,10.34
2067,7,31,9.32
2067,8,1,7.43
2067,8,2,5.60
2067,8,3,4.22
2067,8,4,3.24
2067,8,5,3.09
2067,8,6,2.43
2067,8,7,2.25
2067,8,8,1.92
2067,8,9,8.71
2067,8,10,12.07
2067,8,11,19.78
2067,8,12,23.52
2067,8,13,29.77
2067,8,14,28.66
2067,8,15,25.62
2067,8,16,23.12
2067,8,17,21.60
2067,8,18,19.13
2067,8,19,16.37
2067,8,20,13.85
2067,8,21,12.95
2067,8,22,10.86
2067,8,23,9.88
2067,8,24,13.48
2067,8,25,18.97
2067,8,26,16.06
2067,8,27,13.23
2067,8,28,10.88
2067,8,29,9.84
2067,8,30,8.57
2067,8,31,7.09
2067,9,1,9.29
2067,9,2,26.33
2067,9,3,23.53
2067,9,4,21.32
2067,9,5,19.07
2067,9,6,16.52
2067,9,7,16.11
2067,9,8,16.11
2067,9,9,15.13
2067,9,10,13.50
2067,9,11,11.13
2067,9,12,9.24
2067,9,13,8.05
2067,9,14,8.91
2067,9,15,8.01
2067,9,16,7.33
2067,9,17,6.51
2067,9,18,5.60
2067,9,19,4.95
2067,9,20,4.85
2067,9,21,4.45
2067,9,22,4.09
2067,9,23,3.69
2067,9,24,3.25
2067,9,25,2.94
2067,9,26,2.62
2067,9,27,2.29
2067,9,28,2.32
2067,9,29,2.20
2067,9,30,2.08
2067,10,1,1.93
2067,10,2,1.77
2067,10,3,1.58
2067,10,4,1.41
2067,10,5,1.29
2067,10,6,1.18
2067,10,7,3.34
2067,10,8,4.66
2067,10,9,4.53
2067,10,10,4.21
2067,10,11,4.03
2067,10,12,3.71
2067,10,13,3.46
2067,10,14,15.55
2067,10,15,14.89
2067,10,16,14.72
2067,10,17,14.29
2067,10,18,13.81
2067,10,19,13.14
2067,10,20,12.25
2067,10,21,11.53
2067,10,22,10.91
2067,10,23,13.39
2067,10,24,19.17
2067,10,25,18.18
2067,10,26,17.18
2067,10,27,16.75
2067,10,28,15.99
2067,10,29,15.44
2067,10,30,14.87
2067,10,31,14.33
2067,11,1,13.72
2067,11,2,38.37
2067,11,3,55.95
2067,11,4,54.51
2067,11,5,53.34
2067,11,6,52.20
2067,11,7,51.27
2067,11,8,50.58
2067,11,9,49.75
2067,11,10,77.75
2067,11,11,83.06
2067,11,12,82.05
2067,11,13,81.06
2067,11,14,84.76
2067,11,15,87.51
2067,11,16,86.55
2067,11,17,90.42
2067,11,18,95.20
2067,11,19,95.20
2067,11,20,95.20
2067,11,21,94.89
2067,11,22,94.83
2067,11,23,94.21
2067,11,24,95.20
2067,11,25,94.40
2067,11,26,93.60
2067,11,27,93.37
2067,11,28,92.79
2067,11,29,92.00
2067,11,30,91.79
2067,12,1,91.69
2067,12,2,91.10
2067,12,3,90.69
2067,12,4,95.20
2067,12,5,95.20
2067,12,6,95.20
2067,12,7,94.54
2067,12,8,94.06
2067,12,9,95.20
2067,12,10,95.20
2067,12,11,95.20
2067,12,12,94.68
2067,12,13,94.08
2067,12,14,93.47
2067,12,15,92.83
2067,12,16,92.28
2067,12,17,95.20
2067,12,18,95.20
2067,12,19,94.66
2067,12,20,95.20
2067,12,21,94.57
2067,12,22,94.02
2067,12,23,93.50
2067,12,24,92.96
2067,12,25,92.33
2067,12,26,91.80
2067,12,27,95.20
2067,12,28,95.20
2067,12,29,95.20
2067,12,30,94.67
2067,12,31,94.22
2068,1,1,93.71
2068,1,2,93.29
2068,1,3,92.74
2068,1,4,95.20
2068,1,5,95.20
2068,1,6,94.81
2068,1,7,94.48
2068,1,8,94.19
2068,1,9,93.90
2068,1,10,93.60
2068,1,11,93.25
2068,1,12,92.86
2068,1,13,92.45
2068,1,14,91.92
2068,1,15,92.18
2068,1,16,91.58
2068,1,17,95.20
2068,1,18,95.20
2068,1,19,94.43
2068,1,20,93.83
2068,1,21,95.20
2068,1,22,94.61
2068,1,23,94.25
2068,1,24,93.87
2068,1,25,93.41
2068,1,26,92.92
2068,1,27,92.62
2068,1,28,92.15
2068,1,29,91.75
2068,1,30,91.51
2068,1,31,91.05
2068,2,1,90.55
2068,2,2,93.28
2068,2,3,95.20
2068,2,4,94.76
2068,2,5,94.44
2068,2,6,93.90
2068,2,7,93.36
2068,2,8,92.81
2068,2,9,92.34
2068,2,10,91.87
2068,2,11,91.37
2068,2,12,90.76
2068,2,13,95.20
2068,2,14,95.20
2068,2,15,95.20
2068,2,16,94.27
2068,2,17,93.55
2068,2,18,94.78
2068,2,19,95.20
2068,2,20,94.46
2068,2,21,93.75
2068,2,22,95.20
2068,2,23,95.20
2068,2,24,94.58
2068,2,25,94.05
2068,2,26,93.38
2068,2,27,94.93
2068,2,28,95.20
2068,2,29,94.55
2068,3,1,93.77
2068,3,2,93.07
2068,3,3,92.37
2068,3,4,95.20
2068,3,5,95.20
2068,3,6,95.20
2068,3,7,95.20
2068,3,8,94.33
2068,3,9,93.63
2068,3,10,93.04
2068,3,11,92.38
2068,3,12,91.66
2068,3,13,92.29
2068,3,14,95.20
2068,3,15,94.66
2068,3,16,94.13
2068,3,17,93.46
2068,3,18,92.68
2068,3,19,92.02
2068,3,20,91.32
2068,3,21,95.20
2068,3,22,95.20
2068,3,23,95.20
2068,3,24,94.35
2068,3,25,93.73
2068,3,26,93.03
2068,3,27,92.17
2068,3,28,92.35
2068,3,29,95.20
2068,3,30,95.20
2068,3,31,95.20
2068,4,1,93.70
2068,4,2,92.52
2068,4,3,91.23
2068,4,4,89.81
2068,4,5,93.02
2068,4,6,90.81
2068,4,7,89.34
2068,4,8,91.16
2068,4,9,95.20
2068,4,10,95.20
2068,4,11,94.06
2068,4,12,92.70
2068,4,13,91.08
2068,4,14,94.26
2068,4,15,92.33
2068,4,16,90.53
2068,4,17,88.90
2068,4,18,86.71
2068,4,19,90.72
2068,4,20,88.13
2068,4,21,87.45
2068,4,22,87.12
2068,4,23,86.79
2068,4,24,85.89
2068,4,25,84.44
2068,4,26,82.44
2068,4,27,90.94
2068,4,28,95.20
2068,4,29,95.20
2068,4,30,95.20
2068,5,1,93.52
2068,5,2,91.27
2068,5,3,88.36
2068,5,4,85.63
2068,5,5,83.54
2068,5,6,95.20
2068,5,7,95.20
2068,5,8,93.14
2068,5,9,90.57
2068,5,10,87.90
2068,5,11,95.20
2068,5,12,95.20
2068,5,13,92.78
2068,5,14,90.32
2068,5,15,88.36
2068,5,16,86.15
2068,5,17,84.17
2068,5,18,82.76
2068,5,19,81.99
2068,5,20,89.40
2068,5,21,87.41
2068,5,22,88.89
2068,5,23,88.79
2068,5,24,87.94
2068,5,25,85.15
2068,5,26,83.19
2068,5,27,81.62
2068,5,28,79.88
2068,5,29,77.68
2068,5,30,75.13
2068,5,31,73.83
2068,6,1,71.13
2068,6,2,68.66
2068,6,3,64.48
2068,6,4,61.71
2068,6,5,60.88
2068,6,6,57.38
2068,6,7,53.02
2068,6,8,50.83
2068,6,9,47.57
2068,6,10,46.32
2068,6,11,43.83
2068,6,12,40.55
2068,6,13,37.61
2068,6,14,35.12
2068,6,15,32.40
2068,6,16,29.30
2068,6,17,26.12
2068,6,18,23.43
2068,6,19,20.92
2068,6,20,18.47
2068,6,21,15.30
2068,6,22,11.91
2068,6,23,9.33
2068,6,24,7.53
2068,6,25,5.35
2068,6,26,3.99
2068,6,27,6.72
2068,6,28,4.99
2068,6,29,3.51
2068,6,30,2.32
2068,7,1,1.66
2068,7,2,1.24
2068,7,3,0.93
2068,7,4,0.72
2068,7,5,0.54
2068,7,6,6.31
2068,7,7,14.23
2068,7,8,23.48
2068,7,9,21.18
2068,7,10,18.52
2068,7,11,15.53
2068,7,12,12.62
2068,7,13,10.54
2068,7,14,8.52
2068,7,15,6.23
2068,7,16,4.41
2068,7,17,3.07
2068,7,18,2.09
2068,7,19,1.55
2068,7,20,2.56
2068,7,21,11.57
2068,7,22,22.98
2068,7,23,31.22
2068,7,24,27.79
2068,7,25,26.24
2068,7,26,23.89
2068,7,27,20.58
2068,7,28,16.65
2068,7,29,14.03
2068,7,30,10.34
2068,7,31,7.86
2068,8,1,12.19
2068,8,2,16.06
2068,8,3,13.41
2068,8,4,10.87
2068,8,5,8.66
2068,8,6,7.47
2068,8,7,8.74
2068,8,8,8.14
2068,8,9,6.55
2068,8,10,5.19
2068,8,11,4.08
2068,8,12,3.12
2068,8,13,2.69
2068,8,14,2.24
2068,8,15,1.73
2068,8,16,3.37
2068,8,17,3.81
2068,8,18,3.00
2068,8,19,2.38
2068,8,20,1.98
2068,8,21,1.53
2068,8,22,1.16
2068,8,23,1.06
2068,8,24,0.89
2068,8,25,0.76
2068,8,26,5.19
2068,8,27,4.45
2068,8,28,3.45
2068,8,29,2.86
2068,8,30,13.68
2068,8,31,22.69
2068,9,1,19.72
2068,9,2,16.55
2068,9,3,13.74
2068,9,4,11.24
2068,9,5,8.98
2068,9,6,8.70
2068,9,7,8.51
2068,9,8,10.56
2068,9,9,14.17
2068,9,10,12.72
2068,9,11,11.57
2068,9,12,10.29
2068,9,13,8.98
2068,9,14,8.74
2068,9,15,7.66
2068,9,16,6.79
2068,9,17,5.96
2068,9,18,5.23
2068,9,19,4.74
2068,9,20,4.20
2068,9,21,4.08
2068,9,22,3.62
2068,9,23,3.42
2068,9,24,3.31
2068,9,25,4.06
2068,9,26,3.54
2068,9,27,11.96
2068,9,28,38.40
2068,9,29,60.82
2068,9,30,59.20
2068,10,1,56.74
2068,10,2,54.43
2068,10,3,57.65
2068,10,4,63.06
2068,10,5,60.60
2068,10,6,58.55
2068,10,7,56.50
2068,10,8,54.64
2068,10,9,53.13
2068,10,10,52.56
2068,10,11,54.70
2068,10,12,53.64
2068,10,13,52.42
2068,10,14,51.68
2068,10,15,50.14
2068,10,16,52.35
2068,10,17,68.84
2068,10,18,66.96
2068,10,19,65.71
2068,10,20,69.98
2068,10,21,72.57
2068,10,22,70.33
2068,10,23,67.91
2068,10,24,66.59
2068,10,25,76.43
2068,10,26,75.79
2068,10,27,73.99
2068,10,28,72.24
2068,10,29,70.62
2068,10,30,75.82
2068,10,31,95.20
2068,11,1,95.20
2068,11,2,95.20
2068,11,3,95.20
2068,11,4,95.20
2068,11,5,95.20
2068,11,6,95.20
2068,11,7,94.80
2068,11,8,93.42
2068,11,9,91.96
2068,11,10,90.01
2068,11,11,89.38
2068,11,12,88.64
2068,11,13,87.79
2068,11,14,86.92
2068,11,15,89.33
2068,11,16,89.53
2068,11,17,88.50
2068,11,18,87.00
2068,11,19,85.84
2068,11,20,84.70
2068,11,21,83.59
2068,11,22,82.21
2068,11,23,81.71
2068,11,24,85.17
2068,11,25,84.36
2068,11,26,84.52
2068,11,27,83.51
2068,11,28,82.55
2068,11,29,88.27
2068,11,30,95.20
2068,12,1,94.35
2068,12,2,95.20
2068,12,3,95.20
2068,12,4,94.35
2068,12,5,93.55
2068,12,6,92.41
2068,12,7,91.39
2068,12,8,90.91
2068,12,9,95.20
2068,12,10,95.20
2068,12,11,94.49
2068,12,12,94.04
2068,12,13,93.36
2068,12,14,92.50
2068,12,15,91.81
2068,12,16,91.29
2068,12,17,91.66
2068,12,18,95.20
2068,12,19,94.47
2068,12,20,93.86
2068,12,21,93.25
2068,12,22,95.20
2068,12,23,95.20
2068,12,24,95.20
2068,12,25,94.63
2068,12,26,94.18
2068,12,27,95.20
2068,12,28,95.20
2068,12,29,95.20
2068,12,30,94.37
2068,12,31,93.56
2069,1,1,92.89
2069,1,2,95.20
2069,1,3,95.20
2069,1,4,94.58
2069,1,5,94.11
2069,1,6,93.45
2069,1,7,95.20
2069,1,8,95.20
2069,1,9,95.14
2069,1,10,94.61
2069,1,11,94.00
2069,1,12,93.28
2069,1,13,93.57
2069,1,14,93.00
2069,1,15,93.43
2069,1,16,92.00
2069,1,17,91.33
2069,1,18,90.74
2069,1,19,90.24
2069,1,20,92.79
2069,1,21,95.20
2069,1,22,95.20
2069,1,23,94.67
2069,1,24,94.26
2069,1,25,93.72
2069,1,26,95.20
2069,1,27,95.20
2069,1,28,94.36
2069,1,29,93.88
2069,1,30,93.42
2069,1,31,95.20
2069,2,1,94.60
2069,2,2,95.20
2069,2,3,95.20
2069,2,4,94.76
2069,2,5,95.01
2069,2,6,94.19
2069,2,7,93.86
2069,2,8,93.17
2069,2,9,95.20
2069,2,10,94.59
2069,2,11,93.97
2069,2,12,94.35
2069,2,13,95.20
2069,2,14,95.20
2069,2,15,95.20
2069,2,16,94.20
2069,2,17,93.25
2069,2,18,92.50
2069,2,19,91.80
2069,2,20,90.39
2069,2,21,88.05
2069,2,22,91.70
2069,2,23,95.20
2069,2,24,94.30
2069,2,25,95.20
2069,2,26,95.20
2069,2,27,94.48
2069,2,28,95.11
2069,3,1,95.20
2069,3,2,94.62
2069,3,3,93.73
2069,3,4,95.20
2069,3,5,94.11
2069,3,6,95.20
2069,3,7,95.20
2069,3,8,95.01
2069,3,9,94.33
2069,3,10,93.78
2069,3,11,93.09
2069,3,12,92.32
2069,3,13,91.20
2069,3,14,90.30
2069,3,15,89.65
2069,3,16,95.20
2069,3,17,95.13
2069,3,18,94.27
2069,3,19,95.20
2069,3,20,95.20
2069,3,21,95.20
2069,3,22,95.14
2069,3,23,94.43
2069,3,24,93.34
2069,3,25,92.31
2069,3,26,91.14
2069,3,27,90.89
2069,3,28,89.97
2069,3,29,89.22
2069,3,30,88.23
2069,3,31,87.11
2069,4,1,95.20
2069,4,2,93.55
2069,4,3,92.41
2069,4,4,91.24
2069,4,5,90.05
2069,4,6,88.80
2069,4,7,90.20
2069,4,8,95.20
2069,4,9,95.20
2069,4,10,94.03
2069,4,11,92.82
2069,4,12,91.31
2069,4,13,95.20
2069,4,14,95.20
2069,4,15,93.53
2069,4,16,92.17
2069,4,17,90.32
2069,4,18,88.36
2069,4,19,86.64
2069,4,20,84.72
2069,4,21,82.95
2069,4,22,81.21
2069,4,23,79.68
2069,4,24,78.26
2069,4,25,76.57
2069,4,26,75.01
2069,4,27,81.53
2069,4,28,95.20
2069,4,29,95.20
2069,4,30,92.25
2069,5,1,88.53
2069,5,2,85.23
2069,5,3,82.17
2069,5,4,80.30
2069,5,5,95.20
2069,5,6,95.20
2069,5,7,92.72
2069,5,8,88.89
2069,5,9,84.21
2069,5,10,87.01
2069,5,11,84.52
2069,5,12,81.40
2069,5,13,86.44
2069,5,14,88.10
2069,5,15,85.77
2069,5,16,83.69
2069,5,17,81.62
2069,5,18,79.55
2069,5,19,77.52
2069,5,20,84.71
2069,5,21,95.20
2069,5,22,95.20
2069,5,23,92.49
2069,5,24,90.82
2069,5,25,88.36
2069,5,26,86.54
2069,5,27,84.43
2069,5,28,82.14
2069,5,29,79.58
2069,5,30,76.58
2069,5,31,73.71
2069,6,1,73.30
2069,6,2,73.41
2069,6,3,70.64
2069,6,4,69.14
2069,6,5,67.55
2069,6,6,64.85
2069,6,7,61.96
2069,6,8,58.91
2069,6,9,56.22
2069,6,10,53.80
2069,6,11,51.68
2069,6,12,54.78
2069,6,13,56.81
2069,6,14,52.65
2069,6,15,48.12
2069,6,16,44.58
2069,6,17,40.32
2069,6,18,37.54
2069,6,19,34.14
2069,6,20,29.87
2069,6,21,26.81
2069,6,22,24.16
2069,6,23,21.30
2069,6,24,18.46
2069,6,25,16.28
2069,6,26,13.59
2069,6,27,11.05
2069,6,28,8.56
2069,6,29,6.86
2069,6,30,11.21
2069,7,1,9.65
2069,7,2,8.02
2069,7,3,6.21
2069,7,4,7.73
2069,7,5,7.32
2069,7,6,6.27
2069,7,7,5.19
2069,7,8,4.29
2069,7,9,3.51
2069,7,10,2.84
2069,7,11,2.75
2069,7,12,2.44
2069,7,13,1.85
2069,7,14,1.40
2069,7,15,1.11
2069,7,16,12.18
2069,7,17,42.13
2069,7,18,40.15
2069,7,19,36.56
2069,7,20,33.30
2069,7,21,31.14
2069,7,22,28.17
2069,7,23,25.16
2069,7,24,31.78
2069,7,25,29.46
2069,7,26,25.12
2069,7,27,22.91
2069,7,28,22.01
2069,7,29,19.51
2069,7,30,16.65
2069,7,31,14.44
2069,8,1,11.81
2069,8,2,9.86
2069,8,3,7.96
2069,8,4,8.53
2069,8,5,10.76
2069,8,6,8.56
2069,8,7,7.85
2069,8,8,6.08
2069,8,9,4.69
2069,8,10,3.61
2069,8,11,2.79
2069,8,12,2.17
2069,8,13,1.73
2069,8,14,1.65
2069,8,15,1.52
2069,8,16,1.23
2069,8,17,0.93
2069,8,18,0.62
2069,8,19,0.45
2069,8,20,0.34
2069,8,21,0.26
2069,8,22,0.20
2069,8,23,0.15
2069,8,24,0.13
2069,8,25,0.12
2069,8,26,0.09
2069,8,27,0.06
2069,8,28,0.04
2069,8,29,0.03
2069,8,30,0.03
2069,8,31,0.02
2069,9,1,0.02
2069,9,2,20.58
2069,9,3,21.87
2069,9,4,19.14
2069,9,5,16.35
2069,9,6,13.15
2069,9,7,10.17
2069,9,8,7.96
2069,9,9,6.21
2069,9,10,6.19
2069,9,11,27.75
2069,9,12,49.17
2069,9,13,47.99
2069,9,14,44.24
2069,9,15,40.84
2069,9,16,37.07
2069,9,17,35.30
2069,9,18,33.22
2069,9,19,31.38
2069,9,20,31.20
2069,9,21,29.02
2069,9,22,26.80
2069,9,23,24.46
2069,9,24,22.42
2069,9,25,20.77
2069,9,26,19.66
2069,9,27,18.79
2069,9,28,17.76
2069,9,29,16.75
2069,9,30,15.69
2069,10,1,14.69
2069,10,2,13.45
2069,10,3,12.74
2069,10,4,11.73
2069,10,5,15.49
2069,10,6,17.07
2069,10,7,16.42
2069,10,8,16.48
2069,10,9,15.65
2069,10,10,15.29
2069,10,11,17.13
2069,10,12,16.02
2069,10,13,14.63
2069,10,14,13.73
2069,10,15,12.92
2069,10,16,11.98
2069,10,17,11.13
2069,10,18,10.29
2069,10,19,9.43
2069,10,20,8.56
2069,10,21,7.74
2069,10,22,7.13
2069,10,23,6.70
2069,10,24,6.68
2069,10,25,7.37
2069,10,26,10.59
2069,10,27,9.59
2069,10,28,8.98
2069,10,29,8.64
2069,10,30,8.29
2069,10,31,7.94
2069,11,1,7.55
2069,11,2,7.13
2069,11,3,6.68
2069,11,4,6.15
2069,11,5,5.65
2069,11,6,5.19
2069,11,7,4.91
2069,11,8,4.80
2069,11,9,4.63
2069,11,10,4.41
2069,11,11,4.29
2069,11,12,14.66
2069,11,13,37.82
2069,11,14,42.68
2069,11,15,41.46
2069,11,16,40.26
2069,11,17,39.29
2069,11,18,38.71
2069,11,19,38.08
2069,11,20,37.26
2069,11,21,36.56
2069,11,22,35.65
2069,11,23,37.58
2069,11,24,44.71
2069,11,25,44.17
2069,11,26,43.42
2069,11,27,42.69
2069,11,28,41.94
2069,11,29,41.18
2069,11,30,44.02
2069,12,1,55.26
2069,12,2,71.46
2069,12,3,70.45
2069,12,4,69.73
2069,12,5,69.18
2069,12,6,68.67
2069,12,7,95.20
2069,12,8,95.20
2069,12,9,95.20
2069,12,10,94.53
2069,12,11,93.91
2069,12,12,95.20
2069,12,13,95.20
2069,12,14,95.20
2069,12,15,95.20
2069,12,16,95.20
2069,12,17,94.57
2069,12,18,94.06
2069,12,19,93.61
2069,12,20,93.23
2069,12,21,92.85
2069,12,22,92.32
2069,12,23,95.20
2069,12,24,95.20
2069,12,25,95.20
2069,12,26,95.20
2069,12,27,95.20
2069,12,28,94.67
2069,12,29,94.19
2069,12,30,93.64
2069,12,31,93.10
2070,1,1,92.65
2070,1,2,92.22
2070,1,3,91.75
2070,1,4,91.21
2070,1,5,90.79
2070,1,6,90.29
2070,1,7,89.89
2070,1,8,89.39
2070,1,9,88.82
2070,1,10,88.19
2070,1,11,87.61
2070,1,12,91.96
2070,1,13,91.10
2070,1,14,90.39
2070,1,15,89.90
2070,1,16,89.44
2070,1,17,88.97
2070,1,18,88.74
2070,1,19,95.20
2070,1,20,94.40
2070,1,21,93.90
2070,1,22,93.34
2070,1,23,92.99
2070,1,24,92.78
2070,1,25,92.31
2070,1,26,95.20
2070,1,27,94.44
2070,1,28,93.43
2070,1,29,92.54
2070,1,30,94.26
2070,1,31,95.20
2070,2,1,94.75
2070,2,2,94.45
2070,2,3,93.94
2070,2,4,95.20
2070,2,5,93.95
2070,2,6,93.97
2070,2,7,92.77
2070,2,8,91.57
2070,2,9,91.45
2070,2,10,90.57
2070,2,11,89.71
2070,2,12,88.63
2070,2,13,87.62
2070,2,14,86.95
2070,2,15,86.44
2070,2,16,85.72
2070,2,17,84.96
2070,2,18,84.17
2070,2,19,83.33
2070,2,20,84.45
2070,2,21,95.20
2070,2,22,95.20
2070,2,23,95.20
2070,2,24,93.96
2070,2,25,93.20
2070,2,26,92.40
2070,2,27,91.80
2070,2,28,91.19
2070,3,1,90.33
2070,3,2,95.20
2070,3,3,95.20
2070,3,4,94.49
2070,3,5,93.51
2070,3,6,93.09
2070,3,7,92.29
2070,3,8,94.72
2070,3,9,95.20
2070,3,10,94.17
2070,3,11,93.10
2070,3,12,92.25
2070,3,13,91.70
2070,3,14,95.20
2070,3,15,95.20
2070,3,16,95.20
2070,3,17,95.18
2070,3,18,93.83
2070,3,19,95.20
2070,3,20,93.99
2070,3,21,93.40
2070,3,22,92.85
2070,3,23,95.20
2070,3,24,95.20
2070,3,25,95.08
2070,3,26,93.50
2070,3,27,91.91
2070,3,28,89.94
2070,3,29,88.36
2070,3,30,86.63
2070,3,31,85.58
2070,4,1,84.31
2070,4,2,82.85
2070,4,3,81.45
2070,4,4,81.07
2070,4,5,82.92
2070,4,6,81.43
2070,4,7,80.23
2070,4,8,95.20
2070,4,9,95.20
2070,4,10,95.20
2070,4,11,94.79
2070,4,12,93.83
2070,4,13,95.20
2070,4,14,94.35
2070,4,15,93.27
2070,4,16,94.87
2070,4,17,95.20
2070,4,18,95.20
2070,4,19,95.20
2070,4,20,91.60
2070,4,21,88.37
2070,4,22,86.60
2070,4,23,85.03
2070,4,24,91.12
2070,4,25,95.20
2070,4,26,93.25
2070,4,27,90.74
2070,4,28,86.51
2070,4,29,82.52
2070,4,30,81.60
2070,5,1,79.68
2070,5,2,81.90
2070,5,3,87.73
2070,5,4,87.91
2070,5,5,86.00
2070,5,6,83.97
2070,5,7,81.85
2070,5,8,79.45
2070,5,9,76.86
2070,5,10,76.63
2070,5,11,86.73
2070,5,12,95.20
2070,5,13,95.20
2070,5,14,93.67
2070,5,15,91.59
2070,5,16,88.41
2070,5,17,95.20
2070,5,18,91.55
2070,5,19,86.43
2070,5,20,82.73
2070,5,21,79.72
2070,5,22,77.15
2070,5,23,74.99
2070,5,24,77.93
2070,5,25,73.39
2070,5,26,69.57
2070,5,27,65.60
2070,5,28,60.85
2070,5,29,55.16
2070,5,30,49.77
2070,5,31,43.89
2070,6,1,39.17
2070,6,2,35.60
2070,6,3,32.46
2070,6,4,31.94
2070,6,5,31.59
2070,6,6,29.61
2070,6,7,26.92
2070,6,8,25.48
2070,6,9,23.23
2070,6,10,21.51
2070,6,11,20.91
2070,6,12,18.67
2070,6,13,15.90
2070,6,14,13.75
2070,6,15,11.16
2070,6,16,17.81
2070,6,17,84.29
2070,6,18,78.82
2070,6,19,75.22
2070,6,20,71.85
2070,6,21,68.66
2070,6,22,67.21
2070,6,23,67.87
2070,6,24,67.58
2070,6,25,69.87
2070,6,26,88.92
2070,6,27,95.20
2070,6,28,90.33
2070,6,29,85.85
2070,6,30,81.86
2070,7,1,77.95
2070,7,2,75.33
2070,7,3,70.14
2070,7,4,65.55
2070,7,5,61.73
2070,7,6,56.13
2070,7,7,50.87
2070,7,8,55.93
2070,7,9,59.66
2070,7,10,56.52
2070,7,11,52.97
2070,7,12,50.22
2070,7,13,56.35
2070,7,14,61.67
2070,7,15,58.22
2070,7,16,54.88
2070,7,17,52.58
2070,7,18,53.33
2070,7,19,51.42
2070,7,20,57.15
2070,7,21,53.87
2070,7,22,48.19
2070,7,23,42.29
2070,7,24,36.55
2070,7,25,44.08
2070,7,26,40.87
2070,7,27,46.62
2070,7,28,54.33
2070,7,29,56.12
2070,7,30,52.01
2070,7,31,47.50
2070,8,1,43.11
2070,8,2,39.28
2070,8,3,36.35
2070,8,4,32.84
2070,8,5,33.77
2070,8,6,29.93
2070,8,7,26.56
2070,8,8,23.03
2070,8,9,19.83
2070,8,10,16.56
2070,8,11,13.94
2070,8,12,19.07
2070,8,13,30.80
2070,8,14,28.03
2070,8,15,24.82
2070,8,16,21.71
2070,8,17,20.35
2070,8,18,17.78
2070,8,19,15.24
2070,8,20,16.97
2070,8,21,35.08
2070,8,22,33.72
2070,8,23,31.36
2070,8,24,38.38
2070,8,25,49.42
2070,8,26,45.26
2070,8,27,42.29
2070,8,28,39.93
2070,8,29,37.68
2070,8,30,36.54
2070,8,31,34.81
2070,9,1,47.95
2070,9,2,53.80
2070,9,3,50.27
2070,9,4,46.41
2070,9,5,44.75
2070,9,6,44.04
2070,9,7,41.22
2070,9,8,38.79
2070,9,9,36.16
2070,9,10,33.36
2070,9,11,32.36
2070,9,12,36.64
2070,9,13,34.46
2070,9,14,32.12
2070,9,15,29.39
2070,9,16,26.54
2070,9,17,24.52
2070,9,18,27.68
2070,9,19,30.66
2070,9,20,29.13
2070,9,21,27.77
2070,9,22,28.45
2070,9,23,28.74
2070,9,24,26.75
2070,9,25,26.60
2070,9,26,27.92
2070,9,27,25.53
2070,9,28,24.37
2070,9,29,23.35
2070,9,30,22.21
2070,10,1,20.89
2070,10,2,19.81
2070,10,3,18.44
2070,10,4,17.07
2070,10,5,15.62
2070,10,6,14.62
2070,10,7,13.78
2070,10,8,12.70
2070,10,9,11.85
2070,10,10,12.77
2070,10,11,13.61
2070,10,12,12.70
2070,10,13,12.11
2070,10,14,15.29
2070,10,15,14.45
2070,10,16,13.72
2070,10,17,12.85
2070,10,18,12.11
2070,10,19,11.29
2070,10,20,10.51
2070,10,21,9.49
2070,10,22,8.67
2070,10,23,8.45
2070,10,24,8.06
2070,10,25,7.83
2070,10,26,11.77
2070,10,27,20.81
2070,10,28,44.77
2070,10,29,43.43
2070,10,30,42.20
2070,10,31,40.69
2070,11,1,39.56
2070,11,2,38.45
2070,11,3,37.34
2070,11,4,36.45
2070,11,5,35.97
2070,11,6,38.67
2070,11,7,63.64
2070,11,8,95.20
2070,11,9,95.20
2070,11,10,95.20
2070,11,11,95.20
2070,11,12,95.20
2070,11,13,94.62
2070,11,14,93.86
2070,11,15,93.13
2070,11,16,91.94
2070,11,17,90.41
2070,11,18,89.86
2070,11,19,93.32
2070,11,20,92.33
2070,11,21,92.24
2070,11,22,93.17
2070,11,23,91.57
2070,11,24,90.67
2070,11,25,89.88
2070,11,26,89.02
2070,11,27,92.98
2070,11,28,95.20
2070,11,29,95.20
2070,11,30,94.41
2070,12,1,93.26
2070,12,2,91.60
2070,12,3,90.73
2070,12,4,90.18
2070,12,5,89.52
2070,12,6,90.72
2070,12,7,95.20
2070,12,8,94.40
2070,12,9,93.31
2070,12,10,93.06
2070,12,11,92.53
2070,12,12,95.20
2070,12,13,94.31
2070,12,14,93.35
2070,12,15,91.98
2070,12,16,90.37
2070,12,17,89.85
2070,12,18,93.87
2070,12,19,95.20
2070,12,20,95.20
2070,12,21,94.52
2070,12,22,95.20
2070,12,23,95.20
2070,12,24,95.20
2070,12,25,95.20
2070,12,26,95.20
2070,12,27,95.20
2070,12,28,94.48
2070,12,29,94.43
2070,12,30,93.93
2070,12,31,93.39
2071,1,1,92.91
2071,1,2,92.46
2071,1,3,91.97
2071,1,4,91.45
2071,1,5,90.87
2071,1,6,90.30
2071,1,7,89.86
2071,1,8,89.38
2071,1,9,88.86
2071,1,10,88.31
2071,1,11,95.20
2071,1,12,94.73
2071,1,13,94.13
2071,1,14,93.64
2071,1,15,93.20
2071,1,16,92.63
2071,1,17,92.21
2071,1,18,91.93
2071,1,19,91.36
2071,1,20,90.94
2071,1,21,95.20
2071,1,22,95.20
2071,1,23,94.96
2071,1,24,94.17
2071,1,25,93.09
2071,1,26,95.20
2071,1,27,95.20
2071,1,28,95.20
2071,1,29,94.66
2071,1,30,94.19
2071,1,31,93.78
2071,2,1,93.39
2071,2,2,95.20
2071,2,3,95.20
2071,2,4,94.75
2071,2,5,94.46
2071,2,6,94.12
2071,2,7,93.67
2071,2,8,92.92
2071,2,9,92.81
2071,2,10,91.86
2071,2,11,91.01
2071,2,12,92.95
2071,2,13,92.52
2071,2,14,91.84
2071,2,15,94.55
2071,2,16,95.20
2071,2,17,93.97
2071,2,18,93.35
2071,2,19,92.79
2071,2,20,92.23
2071,2,21,91.71
2071,2,22,91.06
2071,2,23,90.41
2071,2,24,89.79
2071,2,25,93.67
2071,2,26,95.20
2071,2,27,95.20
2071,2,28,94.53
2071,3,1,93.74
2071,3,2,95.20
2071,3,3,94.47
2071,3,4,93.54
2071,3,5,93.39
2071,3,6,92.82
2071,3,7,93.32
2071,3,8,95.20
2071,3,9,95.20
2071,3,10,94.53
2071,3,11,93.90
2071,3,12,95.20
2071,3,13,95.20
2071,3,14,94.23
2071,3,15,93.39
2071,3,16,95.20
2071,3,17,95.20
2071,3,18,94.42
2071,3,19,95.20
2071,3,20,95.20
2071,3,21,95.20
2071,3,22,94.12
2071,3,23,93.12
2071,3,24,91.78
2071,3,25,90.37
2071,3,26,88.93
2071,3,27,87.39
2071,3,28,86.72
2071,3,29,85.79
2071,3,30,84.75
2071,3,31,83.74
2071,4,1,85.79
2071,4,2,87.89
2071,4,3,85.93
2071,4,4,84.54
2071,4,5,83.12
2071,4,6,86.90
2071,4,7,85.43
2071,4,8,84.05
2071,4,9,83.90
2071,4,10,83.07
2071,4,11,81.63
2071,4,12,81.39
2071,4,13,79.98
2071,4,14,82.52
2071,4,15,84.89
2071,4,16,88.03
2071,4,17,90.18
2071,4,18,95.20
2071,4,19,92.79
2071,4,20,90.87
2071,4,21,88.69
2071,4,22,86.78
2071,4,23,84.52
2071,4,24,82.60
2071,4,25,95.20
2071,4,26,92.49
2071,4,27,90.26
2071,4,28,87.99
2071,4,29,85.76
2071,4,30,84.13
2071,5,1,81.23
2071,5,2,79.27
2071,5,3,77.30
2071,5,4,75.14
2071,5,5,72.83
2071,5,6,70.31
2071,5,7,67.73
2071,5,8,65.16
2071,5,9,62.74
2071,5,10,66.73
2071,5,11,80.66
2071,5,12,78.41
2071,5,13,75.39
2071,5,14,72.64
2071,5,15,69.89
2071,5,16,75.34
2071,5,17,87.48
2071,5,18,84.60
2071,5,19,81.42
2071,5,20,78.87
2071,5,21,77.69
2071,5,22,77.00
2071,5,23,73.11
2071,5,24,70.35
2071,5,25,67.95
2071,5,26,65.62
2071,5,27,63.94
2071,5,28,61.59
2071,5,29,61.29
2071,5,30,59.84
2071,5,31,56.97
2071,6,1,53.79
2071,6,2,68.97
2071,6,3,69.22
2071,6,4,67.31
2071,6,5,69.90
2071,6,6,67.36
2071,6,7,65.43
2071,6,8,62.99
2071,6,9,62.36
2071,6,10,59.85
2071,6,11,57.16
2071,6,12,58.75
2071,6,13,62.95
2071,6,14,59.29
2071,6,15,57.52
2071,6,16,54.89
2071,6,17,51.10
2071,6,18,48.68
2071,6,19,45.92
2071,6,20,43.15
2071,6,21,39.83
2071,6,22,36.45
2071,6,23,32.44
2071,6,24,30.61
2071,6,25,26.31
2071,6,26,22.65
2071,6,27,19.75
2071,6,28,17.16
2071,6,29,15.67
2071,6,30,13.65
2071,7,1,11.27
2071,7,2,9.48
2071,7,3,8.02
2071,7,4,6.82
2071,7,5,5.49
2071,7,6,4.26
2071,7,7,3.42
2071,7,8,2.83
2071,7,9,2.41
2071,7,10,1.90
2071,7,11,1.48
2071,7,12,1.15
2071,7,13,0.85
2071,7,14,2.53
2071,7,15,2.09
2071,7,16,1.55
2071,7,17,1.28
2071,7,18,1.11
2071,7,19,5.39
2071,7,20,4.69
2071,7,21,3.77
2071,7,22,3.29
2071,7,23,3.04
2071,7,24,2.77
2071,7,25,2.18
2071,7,26,1.67
2071,7,27,1.29
2071,7,28,1.03
2071,7,29,0.90
2071,7,30,1.92
2071,7,31,1.53
2071,8,1,1.25
2071,8,2,1.05
2071,8,3,0.87
2071,8,4,0.73
2071,8,5,2.10
2071,8,6,11.74
2071,8,7,9.84
2071,8,8,8.58
2071,8,9,29.19
2071,8,10,28.26
2071,8,11,25.63
2071,8,12,23.43
2071,8,13,20.94
2071,8,14,21.31
2071,8,15,19.62
2071,8,16,17.25
2071,8,17,15.43
2071,8,18,13.38
2071,8,19,11.38
2071,8,20,9.58
2071,8,21,8.14
2071,8,22,6.96
2071,8,23,7.19
2071,8,24,7.02
2071,8,25,6.82
2071,8,26,5.75
2071,8,27,4.77
2071,8,28,4.40
2071,8,29,28.71
2071,8,30,36.59
2071,8,31,54.41
2071,9,1,69.82
2071,9,2,67.90
2071,9,3,63.52
2071,9,4,59.31
2071,9,5,54.81
2071,9,6,51.15
2071,9,7,51.43
2071,9,8,48.84
2071,9,9,44.65
2071,9,10,41.22
2071,9,11,45.58
2071,9,12,49.04
2071,9,13,46.48
2071,9,14,43.55
2071,9,15,40.72
2071,9,16,37.98
2071,9,17,34.68
2071,9,18,31.34
2071,9,19,29.29
2071,9,20,27.63
2071,9,21,25.90
2071,9,22,23.97
2071,9,23,29.30
2071,9,24,31.98
2071,9,25,35.25
2071,9,26,33.28
2071,9,27,31.40
2071,9,28,49.20
2071,9,29,56.62
2071,9,30,54.35
2071,10,1,52.38
2071,10,2,50.41
2071,10,3,48.04
2071,10,4,45.40
2071,10,5,42.57
2071,10,6,39.89
2071,10,7,38.29
2071,10,8,39.35
2071,10,9,38.11
2071,10,10,44.66
2071,10,11,46.42
2071,10,12,45.07
2071,10,13,43.64
2071,10,14,42.03
2071,10,15,40.08
2071,10,16,38.71
2071,10,17,37.74
2071,10,18,36.50
2071,10,19,34.41
2071,10,20,33.06
2071,10,21,34.78
2071,10,22,33.74
2071,10,23,32.61
2071,10,24,31.02
2071,10,25,29.20
2071,10,26,27.53
2071,10,27,25.53
2071,10,28,23.87
2071,10,29,22.73
2071,10,30,21.80
2071,10,31,20.60
2071,11,1,19.47
2071,11,2,18.91
2071,11,3,17.86
2071,11,4,16.80
2071,11,5,15.81
2071,11,6,14.85
2071,11,7,14.76
2071,11,8,15.08
2071,11,9,14.19
2071,11,10,13.63
2071,11,11,26.68
2071,11,12,64.83
2071,11,13,80.88
2071,11,14,80.44
2071,11,15,79.89
2071,11,16,82.92
2071,11,17,81.50
2071,11,18,79.93
2071,11,19,78.57
2071,11,20,89.54
2071,11,21,95.20
2071,11,22,94.23
2071,11,23,93.26
2071,11,24,92.11
2071,11,25,94.59
2071,11,26,94.43
2071,11,27,93.93
2071,11,28,93.40
2071,11,29,92.86
2071,11,30,95.20
2071,12,1,95.20
2071,12,2,94.20
2071,12,3,95.20
2071,12,4,95.20
2071,12,5,94.37
2071,12,6,95.20
2071,12,7,94.28
2071,12,8,93.51
2071,12,9,92.79
2071,12,10,92.06
2071,12,11,91.38
2071,12,12,90.85
2071,12,13,90.64
2071,12,14,90.00
2071,12,15,88.99
2071,12,16,87.97
2071,12,17,95.20
2071,12,18,95.20
2071,12,19,95.20
2071,12,20,95.20
2071,12,21,95.20
2071,12,22,94.36
2071,12,23,95.20
2071,12,24,94.20
2071,12,25,94.70
2071,12,26,95.20
2071,12,27,94.33
2071,12,28,93.65
2071,12,29,93.14
2071,12,30,95.20
2071,12,31,94.68
2072,1,1,94.24
2072,1,2,93.79
2072,1,3,95.20
2072,1,4,95.20
2072,1,5,95.20
2072,1,6,94.58
2072,1,7,94.07
2072,1,8,94.16
2072,1,9,93.01
2072,1,10,92.12
2072,1,11,91.47
2072,1,12,95.20
2072,1,13,94.67
2072,1,14,95.20
2072,1,15,94.67
2072,1,16,94.29
2072,1,17,93.80
2072,1,18,93.22
2072,1,19,92.73
2072,1,20,92.43
2072,1,21,92.06
2072,1,22,91.58
2072,1,23,91.20
2072,1,24,90.83
2072,1,25,90.32
2072,1,26,89.91
2072,1,27,89.46
2072,1,28,89.18
2072,1,29,88.96
2072,1,30,88.75
2072,1,31,88.32
2072,2,1,95.20
2072,2,2,95.20
2072,2,3,94.57
2072,2,4,94.07
2072,2,5,93.72
2072,2,6,93.31
2072,2,7,92.90
2072,2,8,92.39
2072,2,9,91.82
2072,2,10,91.49
2072,2,11,90.92
2072,2,12,90.17
2072,2,13,95.20
2072,2,14,94.45
2072,2,15,95.20
2072,2,16,95.20
2072,2,17,95.20
2072,2,18,95.20
2072,2,19,95.20
2072,2,20,93.99
2072,2,21,95.20
2072,2,22,95.20
2072,2,23,94.29
2072,2,24,93.64
2072,2,25,93.10
2072,2,26,92.94
2072,2,27,95.20
2072,2,28,95.20
2072,2,29,95.20
2072,3,1,94.53
2072,3,2,93.83
2072,3,3,95.03
2072,3,4,94.17
2072,3,5,95.20
2072,3,6,94.32
2072,3,7,93.41
2072,3,8,93.50
2072,3,9,92.53
2072,3,10,91.99
2072,3,11,91.02
2072,3,12,95.20
2072,3,13,95.20
2072,3,14,94.35
2072,3,15,93.44
2072,3,16,92.58
2072,3,17,91.89
2072,3,18,91.18
2072,3,19,90.44
2072,3,20,89.60
2072,3,21,88.60
2072,3,22,87.81
2072,3,23,87.16
2072,3,24,86.69
2072,3,25,85.98
2072,3,26,85.29
2072,3,27,84.89
2072,3,28,95.20
2072,3,29,95.20
2072,3,30,94.22
2072,3,31,93.24
2072,4,1,93.16
2072,4,2,92.06
2072,4,3,90.68
2072,4,4,88.91
2072,4,5,87.57
2072,4,6,86.88
2072,4,7,92.57
2072,4,8,91.30
2072,4,9,92.10
2072,4,10,95.20
2072,4,11,94.94
2072,4,12,93.17
2072,4,13,91.58
2072,4,14,89.85
2072,4,15,87.90
2072,4,16,85.89
2072,4,17,83.76
2072,4,18,81.12
2072,4,19,78.83
2072,4,20,76.92
2072,4,21,76.54
2072,4,22,78.57
2072,4,23,78.19
2072,4,24,75.44
2072,4,25,73.29
2072,4,26,71.03
2072,4,27,69.04
2072,4,28,67.24
2072,4,29,65.16
2072,4,30,78.16
2072,5,1,77.66
2072,5,2,75.88
2072,5,3,73.22
2072,5,4,72.88
2072,5,5,78.04
2072,5,6,76.39
2072,5,7,73.77
2072,5,8,71.38
2072,5,9,73.60
2072,5,10,84.30
2072,5,11,86.46
2072,5,12,83.94
2072,5,13,80.77
2072,5,14,80.27
2072,5,15,77.21
2072,5,16,74.77
2072,5,17,82.26
2072,5,18,82.34
2072,5,19,79.87
2072,5,20,77.36
2072,5,21,74.94
2072,5,22,72.63
2072,5,23,70.28
2072,5,24,67.77
2072,5,25,72.82
2072,5,26,77.42
2072,5,27,79.07
2072,5,28,76.76
2072,5,29,75.58
2072,5,30,74.43
2072,5,31,72.39
2072,6,1,69.89
2072,6,2,88.14
2072,6,3,92.02
2072,6,4,88.97
2072,6,5,86.00
2072,6,6,83.08
2072,6,7,87.30
2072,6,8,85.53
2072,6,9,82.65
2072,6,10,79.15
2072,6,11,74.59
2072,6,12,72.59
2072,6,13,76.61
2072,6,14,73.34
2072,6,15,70.42
2072,6,16,67.37
2072,6,17,64.75
2072,6,18,63.02
2072,6,19,63.07
2072,6,20,70.44
2072,6,21,70.30
2072,6,22,68.72
2072,6,23,66.17
2072,6,24,61.87
2072,6,25,57.31
2072,6,26,53.43
2072,6,27,67.30
2072,6,28,66.98
2072,6,29,62.11
2072,6,30,56.35
2072,7,1,50.32
2072,7,2,56.56
2072,7,3,61.28
2072,7,4,58.38
2072,7,5,55.15
2072,7,6,52.02
2072,7,7,48.47
2072,7,8,44.96
2072,7,9,41.23
2072,7,10,39.35
2072,7,11,36.06
2072,7,12,33.09
2072,7,13,30.00
2072,7,14,26.83
2072,7,15,23.79
2072,7,16,20.94
2072,7,17,28.23
2072,7,18,35.12
2072,7,19,43.40
2072,7,20,38.21
2072,7,21,33.42
2072,7,22,30.70
2072,7,23,27.15
2072,7,24,23.37
2072,7,25,20.16
2072,7,26,17.65
2072,7,27,14.48
2072,7,28,12.51
2072,7,29,9.70
2072,7,30,7.38
2072,7,31,5.43
2072,8,1,4.00
2072,8,2,10.37
2072,8,3,17.40
2072,8,4,16.64
2072,8,5,15.46
2072,8,6,13.69
2072,8,7,11.52
2072,8,8,9.07
2072,8,9,9.65
2072,8,10,15.27
2072,8,11,12.17
2072,8,12,9.81
2072,8,13,7.67
2072,8,14,6.31
2072,8,15,5.32
2072,8,16,4.45
2072,8,17,3.70
2072,8,18,3.02
2072,8,19,2.72
2072,8,20,2.12
2072,8,21,1.62
2072,8,22,1.24
2072,8,23,0.95
2072,8,24,0.71
2072,8,25,0.51
2072,8,26,0.38
2072,8,27,0.27
2072,8,28,0.21
2072,8,29,2.07
2072,8,30,1.81
2072,8,31,1.57
2072,9,1,1.29
2072,9,2,1.01
2072,9,3,0.78
2072,9,4,0.74
2072,9,5,3.89
2072,9,6,11.31
2072,9,7,9.08
2072,9,8,7.35
2072,9,9,5.46
2072,9,10,4.29
2072,9,11,3.68
2072,9,12,3.16
2072,9,13,2.65
2072,9,14,2.25
2072,9,15,1.83
2072,9,16,1.46
2072,9,17,17.41
2072,9,18,27.34
2072,9,19,29.90
2072,9,20,27.33
2072,9,21,25.08
2072,9,22,22.80
2072,9,23,20.37
2072,9,24,20.08
2072,9,25,39.42
2072,9,26,41.36
2072,9,27,39.38
2072,9,28,37.39
2072,9,29,44.76
2072,9,30,48.16
2072,10,1,46.89
2072,10,2,45.48
2072,10,3,43.97
2072,10,4,42.22
2072,10,5,40.20
2072,10,6,37.90
2072,10,7,37.75
2072,10,8,42.88
2072,10,9,43.73
2072,10,10,46.01
2072,10,11,53.66
2072,10,12,76.17
2072,10,13,93.03
2072,10,14,93.57
2072,10,15,90.84
2072,10,16,88.48
2072,10,17,86.19
2072,10,18,84.60
2072,10,19,83.28
2072,10,20,81.45
2072,10,21,79.15
2072,10,22,76.82
2072,10,23,76.13
2072,10,24,75.51
2072,10,25,74.79
2072,10,26,77.01
2072,10,27,77.86
2072,10,28,76.98
2072,10,29,75.55
2072,10,30,74.25
2072,10,31,73.26
2072,11,1,72.30
2072,11,2,70.98
2072,11,3,69.12
2072,11,4,67.75
2072,11,5,66.43
2072,11,6,65.40
2072,11,7,64.31
2072,11,8,70.38
2072,11,9,70.47
2072,11,10,73.30
2072,11,11,72.01
2072,11,12,71.01
2072,11,13,72.75
2072,11,14,82.28
2072,11,15,92.59
2072,11,16,92.23
2072,11,17,91.30
2072,11,18,90.30
2072,11,19,89.06
2072,11,20,90.35
2072,11,21,95.20
2072,11,22,94.00
2072,11,23,93.10
2072,11,24,92.14
2072,11,25,91.23
2072,11,26,90.53
2072,11,27,89.76
2072,11,28,88.68
2072,11,29,87.34
2072,11,30,86.54
2072,12,1,85.72
2072,12,2,85.00
2072,12,3,84.10
2072,12,4,85.56
2072,12,5,95.20
2072,12,6,95.20
2072,12,7,95.20
2072,12,8,95.20
2072,12,9,95.20
2072,12,10,94.49
2072,12,11,93.84
2072,12,12,93.29
2072,12,13,92.70
2072,12,14,95.20
2072,12,15,94.48
2072,12,16,93.79
2072,12,17,93.30
2072,12,18,92.74
2072,12,19,92.15
2072,12,20,95.20
2072,12,21,95.14
2072,12,22,94.80
2072,12,23,95.20
2072,12,24,94.65
2072,12,25,94.15
2072,12,26,95.20
2072,12,27,95.20
2072,12,28,94.59
2072,12,29,95.20
2072,12,30,94.48
2072,12,31,93.94
2073,1,1,94.24
2073,1,2,93.81
2073,1,3,93.40
2073,1,4,92.87
2073,1,5,92.23
2073,1,6,93.05
2073,1,7,92.30
2073,1,8,91.60
2073,1,9,95.20
2073,1,10,95.20
2073,1,11,94.72
2073,1,12,94.24
2073,1,13,95.20
2073,1,14,95.20
2073,1,15,95.20
2073,1,16,94.65
2073,1,17,94.21
2073,1,18,93.79
2073,1,19,93.26
2073,1,20,95.20
2073,1,21,94.52
2073,1,22,95.20
2073,1,23,95.20
2073,1,24,95.20
2073,1,25,95.20
2073,1,26,95.20
2073,1,27,95.20
2073,1,28,94.72
2073,1,29,94.20
2073,1,30,95.20
2073,1,31,95.20
2073,2,1,95.20
2073,2,2,95.20
2073,2,3,95.20
2073,2,4,94.52
2073,2,5,95.20
2073,2,6,94.58
2073,2,7,94.15
2073,2,8,93.42
2073,2,9,92.42
2073,2,10,91.53
2073,2,11,90.80
2073,2,12,95.16
2073,2,13,94.54
2073,2,14,93.83
2073,2,15,93.02
2073,2,16,92.57
2073,2,17,95.20
2073,2,18,95.20
2073,2,19,94.01
2073,2,20,94.54
2073,2,21,93.69
2073,2,22,92.92
2073,2,23,93.64
2073,2,24,95.20
2073,2,25,94.34
2073,2,26,95.20
2073,2,27,95.20
2073,2,28,94.55
2073,3,1,94.01
2073,3,2,93.58
2073,3,3,93.12
2073,3,4,95.20
2073,3,5,94.50
2073,3,6,93.83
2073,3,7,93.06
2073,3,8,95.20
2073,3,9,94.37
2073,3,10,93.92
2073,3,11,93.36
2073,3,12,95.20
2073,3,13,94.17
2073,3,14,93.24
2073,3,15,95.20
2073,3,16,95.20
2073,3,17,94.54
2073,3,18,93.99
2073,3,19,93.37
2073,3,20,95.20
2073,3,21,94.39
2073,3,22,93.37
2073,3,23,94.50
2073,3,24,93.46
2073,3,25,92.48
2073,3,26,95.20
2073,3,27,95.20
2073,3,28,94.33
2073,3,29,93.24
2073,3,30,92.03
2073,3,31,90.42
2073,4,1,88.08
2073,4,2,91.30
2073,4,3,95.20
2073,4,4,95.20
2073,4,5,93.04
2073,4,6,90.88
2073,4,7,89.57
2073,4,8,88.48
2073,4,9,95.20
2073,4,10,93.59
2073,4,11,92.19
2073,4,12,95.20
2073,4,13,95.20
2073,4,14,95.20
2073,4,15,93.27
2073,4,16,91.32
2073,4,17,89.25
2073,4,18,87.75
2073,4,19,86.42
2073,4,20,95.20
2073,4,21,95.20
2073,4,22,94.07
2073,4,23,95.20
2073,4,24,93.40
2073,4,25,91.97
2073,4,26,95.20
2073,4,27,95.20
2073,4,28,95.08
2073,4,29,93.37
2073,4,30,91.84
2073,5,1,90.37
2073,5,2,88.41
2073,5,3,89.49
2073,5,4,95.20
2073,5,5,95.20
2073,5,6,94.36
2073,5,7,95.20
2073,5,8,95.20
2073,5,9,95.20
2073,5,10,92.76
2073,5,11,90.90
2073,5,12,89.13
2073,5,13,91.68
2073,5,14,90.18
2073,5,15,88.46
2073,5,16,86.74
2073,5,17,84.95
2073,5,18,85.91
2073,5,19,95.20
2073,5,20,94.43
2073,5,21,91.37
2073,5,22,88.29
2073,5,23,85.14
2073,5,24,82.20
2073,5,25,79.73
2073,5,26,77.49
2073,5,27,75.37
2073,5,28,75.04
2073,5,29,74.62
2073,5,30,77.14
2073,5,31,76.69
2073,6,1,73.57
2073,6,2,70.04
2073,6,3,66.75
2073,6,4,64.65
2073,6,5,65.20
2073,6,6,61.91
2073,6,7,62.32
2073,6,8,74.42
2073,6,9,70.77
2073,6,10,67.82
2073,6,11,65.51
2073,6,12,62.07
2073,6,13,57.61
2073,6,14,54.56
2073,6,15,52.62
2073,6,16,48.70
2073,6,17,44.76
2073,6,18,40.99
2073,6,19,41.23
2073,6,20,38.33
2073,6,21,34.12
2073,6,22,31.10
2073,6,23,28.66
2073,6,24,25.98
2073,6,25,23.62
2073,6,26,29.69
2073,6,27,28.57
2073,6,28,29.14
2073,6,29,25.84
2073,6,30,23.87
2073,7,1,39.88
2073,7,2,40.99
2073,7,3,38.17
2073,7,4,34.45
2073,7,5,30.93
2073,7,6,28.53
2073,7,7,35.12
2073,7,8,31.66
2073,7,9,28.49
2073,7,10,25.07
2073,7,11,21.73
2073,7,12,18.25
2073,7,13,17.56
2073,7,14,15.47
2073,7,15,13.75
2073,7,16,11.75
2073,7,17,9.95
2073,7,18,9.08
2073,7,19,7.77
2073,7,20,6.12
2073,7,21,4.87
2073,7,22,4.48
2073,7,23,3.82
2073,7,24,3.21
2073,7,25,2.66
2073,7,26,2.24
2073,7,27,1.93
2073,7,28,1.54
2073,7,29,1.03
2073,7,30,0.80
2073,7,31,0.64
2073,8,1,0.51
2073,8,2,0.39
2073,8,3,0.28
2073,8,4,0.20
2073,8,5,0.20
2073,8,6,2.41
2073,8,7,2.26
2073,8,8,1.65
2073,8,9,1.32
2073,8,10,1.06
2073,8,11,0.86
2073,8,12,3.60
2073,8,13,9.73
2073,8,14,8.14
2073,8,15,6.76
2073,8,16,5.59
2073,8,17,4.65
2073,8,18,3.83
2073,8,19,3.28
2073,8,20,2.70
2073,8,21,2.11
2073,8,22,1.70
2073,8,23,1.41
2073,8,24,1.16
2073,8,25,3.18
2073,8,26,8.39
2073,8,27,10.70
2073,8,28,11.60
2073,8,29,9.93
2073,8,30,8.47
2073,8,31,7.06
2073,9,1,5.86
2073,9,2,4.88
2073,9,3,4.16
2073,9,4,3.52
2073,9,5,3.50
2073,9,6,2.90
2073,9,7,2.49
2073,9,8,2.15
2073,9,9,1.82
2073,9,10,1.45
2073,9,11,4.95
2073,9,12,4.34
2073,9,13,3.75
2073,9,14,3.19
2073,9,15,2.81
2073,9,16,12.24
2073,9,17,10.49
2073,9,18,9.34
2073,9,19,8.26
2073,9,20,7.11
2073,9,21,6.20
2073,9,22,5.60
2073,9,23,5.08
2073,9,24,4.47
2073,9,25,4.02
2073,9,26,3.60
2073,9,27,3.30
2073,9,28,2.94
2073,9,29,2.59
2073,9,30,2.23
2073,10,1,1.94
2073,10,2,1.66
2073,10,3,1.41
2073,10,4,1.25
2073,10,5,1.16
2073,10,6,1.08
2073,10,7,1.00
2073,10,8,1.00
2073,10,9,0.93
2073,10,10,0.86
2073,10,11,0.78
2073,10,12,0.71
2073,10,13,0.66
2073,10,14,0.62
2073,10,15,0.57
2073,10,16,0.52
2073,10,17,0.46
2073,10,18,0.41
2073,10,19,0.37
2073,10,20,0.34
2073,10,21,0.30
2073,10,22,0.28
2073,10,23,0.27
2073,10,24,0.25
2073,10,25,0.22
2073,10,26,0.19
2073,10,27,1.53
2073,10,28,1.37
2073,10,29,1.26
2073,10,30,18.03
2073,10,31,30.69
2073,11,1,29.93
2073,11,2,29.06
2073,11,3,34.08
2073,11,4,54.22
2073,11,5,53.13
2073,11,6,52.24
2073,11,7,53.23
2073,11,8,52.49
2073,11,9,51.40
2073,11,10,50.09
2073,11,11,50.38
2073,11,12,63.21
2073,11,13,61.96
2073,11,14,65.89
2073,11,15,79.84
2073,11,16,95.20
2073,11,17,95.20
2073,11,18,95.20
2073,11,19,95.20
2073,11,20,93.51
2073,11,21,95.20
2073,11,22,95.20
2073,11,23,95.20
2073,11,24,94.37
2073,11,25,94.93
2073,11,26,95.20
2073,11,27,94.40
2073,11,28,95.20
2073,11,29,95.20
2073,11,30,94.37
2073,12,1,93.68
2073,12,2,93.88
2073,12,3,92.69
2073,12,4,91.87
2073,12,5,90.83
2073,12,6,95.20
2073,12,7,95.20
2073,12,8,95.20
2073,12,9,95.20
2073,12,10,95.20
2073,12,11,94.53
2073,12,12,95.20
2073,12,13,95.20
2073,12,14,94.56
2073,12,15,93.86
2073,12,16,93.17
2073,12,17,92.55
2073,12,18,91.92
2073,12,19,91.24
2073,12,20,90.67
2073,12,21,95.20
2073,12,22,94.73
2073,12,23,94.58
2073,12,24,93.59
2073,12,25,95.20
2073,12,26,95.20
2073,12,27,95.20
2073,12,28,94.60
2073,12,29,95.20
2073,12,30,94.59
2073,12,31,95.20
2074,1,1,94.69
2074,1,2,94.29
2074,1,3,93.79
2074,1,4,93.23
2074,1,5,95.20
2074,1,6,95.20
2074,1,7,95.20
2074,1,8,94.80
2074,1,9,94.41
2074,1,10,93.93
2074,1,11,93.50
2074,1,12,92.95
2074,1,13,92.32
2074,1,14,91.76
2074,1,15,91.26
2074,1,16,95.20
2074,1,17,95.20
2074,1,18,94.46
2074,1,19,93.72
2074,1,20,93.16
2074,1,21,92.58
2074,1,22,93.47
2074,1,23,92.67
2074,1,24,92.00
2074,1,25,95.20
2074,1,26,95.20
2074,1,27,95.20
2074,1,28,94.28
2074,1,29,93.57
2074,1,30,93.01
2074,1,31,92.35
2074,2,1,91.57
2074,2,2,92.97
2074,2,3,94.87
2074,2,4,93.89
2074,2,5,93.69
2074,2,6,92.99
2074,2,7,92.33
2074,2,8,92.77
2074,2,9,95.20
2074,2,10,94.62
2074,2,11,94.11
2074,2,12,93.46
2074,2,13,95.20
2074,2,14,95.20
2074,2,15,94.53
2074,2,16,94.05
2074,2,17,93.45
2074,2,18,95.20
2074,2,19,95.20
2074,2,20,94.49
2074,2,21,93.77
2074,2,22,93.21
2074,2,23,93.31
2074,2,24,92.79
2074,2,25,91.85
2074,2,26,90.75
2074,2,27,89.74
2074,2,28,89.32
2074,3,1,88.36
2074,3,2,87.26
2074,3,3,86.39
2074,3,4,85.49
2074,3,5,84.51
2074,3,6,83.92
2074,3,7,92.65
2074,3,8,95.20
2074,3,9,94.08
2074,3,10,94.51
2074,3,11,95.20
2074,3,12,95.20
2074,3,13,93.75
2074,3,14,93.78
2074,3,15,95.20
2074,3,16,95.20
2074,3,17,95.20
2074,3,18,94.10
2074,3,19,93.35
2074,3,20,92.31
2074,3,21,90.79
2074,3,22,95.13
2074,3,23,95.20
2074,3,24,95.20
2074,3,25,95.20
2074,3,26,93.13
2074,3,27,92.05
2074,3,28,92.54
2074,3,29,91.53
2074,3,30,92.87
2074,3,31,95.20
2074,4,1,95.20
2074,4,2,95.20
2074,4,3,95.20
2074,4,4,95.20
2074,4,5,93.71
2074,4,6,91.08
2074,4,7,94.75
2074,4,8,94.39
2074,4,9,93.14
2074,4,10,92.54
2074,4,11,91.26
2074,4,12,92.99
2074,4,13,90.90
2074,4,14,87.65
2074,4,15,85.23
2074,4,16,82.77
2074,4,17,81.13
2074,4,18,80.03
2074,4,19,78.96
2074,4,20,85.23
2074,4,21,85.89
2074,4,22,83.47
2074,4,23,80.74
2074,4,24,80.14
2074,4,25,80.22
2074,4,26,78.23
2074,4,27,77.07
2074,4,28,75.65
2074,4,29,95.20
2074,4,30,95.20
2074,5,1,95.20
2074,5,2,92.89
2074,5,3,95.20
2074,5,4,95.20
2074,5,5,92.84
2074,5,6,90.10
2074,5,7,86.89
2074,5,8,84.31
2074,5,9,80.55
2074,5,10,77.35
2074,5,11,74.43
2074,5,12,71.65
2074,5,13,69.61
2074,5,14,67.22
2074,5,15,73.04
2074,5,16,76.24
2074,5,17,74.01
2074,5,18,72.78
2074,5,19,70.12
2074,5,20,66.37
2074,5,21,63.23
2074,5,22,63.40
2074,5,23,72.81
2074,5,24,69.35
2074,5,25,65.89
2074,5,26,60.37
2074,5,27,55.48
2074,5,28,57.93
2074,5,29,59.02
2074,5,30,58.29
2074,5,31,59.93
2074,6,1,61.31
2074,6,2,59.15
2074,6,3,59.64
2074,6,4,54.25
2074,6,5,48.75
2074,6,6,44.20
2074,6,7,41.15
2074,6,8,38.15
2074,6,9,35.35
2074,6,10,32.54
2074,6,11,29.42
2074,6,12,25.57
2074,6,13,21.06
2074,6,14,17.95
2074,6,15,38.26
2074,6,16,64.04
2074,6,17,62.05
2074,6,18,55.84
2074,6,19,57.84
2074,6,20,53.83
2074,6,21,51.39
2074,6,22,52.21
2074,6,23,54.77
2074,6,24,52.27
2074,6,25,49.09
2074,6,26,45.58
2074,6,27,41.41
2074,6,28,38.94
2074,6,29,53.36
2074,6,30,59.09
2074,7,1,54.92
2074,7,2,53.53
2074,7,3,50.60
2074,7,4,46.89
2074,7,5,43.88
2074,7,6,40.62
2074,7,7,39.37
2074,7,8,35.64
2074,7,9,31.95
2074,7,10,30.18
2074,7,11,43.49
2074,7,12,48.29
2074,7,13,43.79
2074,7,14,40.60
2074,7,15,38.73
2074,7,16,38.62
2074,7,17,36.28
2074,7,18,36.54
2074,7,19,36.86
2074,7,20,33.51
2074,7,21,30.29
2074,7,22,27.35
2074,7,23,24.39
2074,7,24,21.36
2074,7,25,18.40
2074,7,26,17.03
2074,7,27,13.77
2074,7,28,11.31
2074,7,29,8.99
2074,7,30,7.26
2074,7,31,5.75
2074,8,1,4.34
2074,8,2,3.63
2074,8,3,17.09
2074,8,4,20.99
2074,8,5,17.24
2074,8,6,13.64
2074,8,7,11.22
2074,8,8,9.31
2074,8,9,8.07
2074,8,10,6.62
2074,8,11,5.30
2074,8,12,4.25
2074,8,13,3.42
2074,8,14,3.31
2074,8,15,3.54
2074,8,16,2.76
2074,8,17,2.09
2074,8,18,1.84
2074,8,19,2.03
2074,8,20,1.58
2074,8,21,1.17
2074,8,22,0.97
2074,8,23,0.82
2074,8,24,0.66
2074,8,25,0.50
2074,8,26,0.38
2074,8,27,0.31
2074,8,28,6.05
2074,8,29,11.15
2074,8,30,11.65
2074,8,31,11.31
2074,9,1,10.18
2074,9,2,9.31
2074,9,3,8.43
2074,9,4,7.32
2074,9,5,6.29
2074,9,6,39.82
2074,9,7,76.69
2074,9,8,76.72
2074,9,9,74.00
2074,9,10,72.00
2074,9,11,74.38
2074,9,12,71.44
2074,9,13,68.23
2074,9,14,65.38
2074,9,15,62.11
2074,9,16,62.34
2074,9,17,65.08
2074,9,18,62.33
2074,9,19,59.48
2074,9,20,67.57
2074,9,21,89.76
2074,9,22,87.17
2074,9,23,85.26
2074,9,24,83.16
2074,9,25,82.01
2074,9,26,81.02
2074,9,27,78.84
2074,9,28,76.52
2074,9,29,74.07
2074,9,30,71.54
2074,10,1,69.01
2074,10,2,67.20
2074,10,3,66.90
2074,10,4,65.92
2074,10,5,64.45
2074,10,6,63.08
2074,10,7,61.52
2074,10,8,59.33
2074,10,9,57.17
2074,10,10,54.62
2074,10,11,52.00
2074,10,12,52.07
2074,10,13,50.83
2074,10,14,48.81
2074,10,15,46.59
2074,10,16,44.39
2074,10,17,41.97
2074,10,18,39.87
2074,10,19,39.36
2074,10,20,52.14
2074,10,21,95.20
2074,10,22,95.20
2074,10,23,93.23
2074,10,24,91.43
2074,10,25,91.07
2074,10,26,90.57
2074,10,27,89.58
2074,10,28,95.20
2074,10,29,95.20
2074,10,30,93.49
2074,10,31,92.38
2074,11,1,95.20
2074,11,2,95.20
2074,11,3,94.17
2074,11,4,93.04
2074,11,5,92.08
2074,11,6,91.23
2074,11,7,89.63
2074,11,8,88.04
2074,11,9,86.37
2074,11,10,84.67
2074,11,11,83.49
2074,11,12,82.62
2074,11,13,95.20
2074,11,14,95.20
2074,11,15,94.41
2074,11,16,94.45
2074,11,17,95.20
2074,11,18,95.20
2074,11,19,94.31
2074,11,20,93.42
2074,11,21,92.51
2074,11,22,94.62
2074,11,23,95.20
2074,11,24,94.09
2074,11,25,93.17
2074,11,26,95.20
2074,11,27,95.20
2074,11,28,95.20
2074,11,29,94.00
2074,11,30,92.69
2074,12,1,91.74
2074,12,2,94.66
2074,12,3,95.20
2074,12,4,94.60
2074,12,5,93.83
2074,12,6,92.89
2074,12,7,92.08
2074,12,8,91.37
2074,12,9,90.55
2074,12,10,90.04
2074,12,11,89.32
2074,12,12,88.63
2074,12,13,88.02
2074,12,14,88.18
2074,12,15,87.52
2074,12,16,87.29
2074,12,17,86.70
2074,12,18,86.15
2074,12,19,86.18
2074,12,20,85.64
2074,12,21,85.01
2074,12,22,89.45
2074,12,23,88.83
2074,12,24,88.07
2074,12,25,95.20
2074,12,26,95.20
2074,12,27,94.09
2074,12,28,94.15
2074,12,29,93.66
2074,12,30,93.00
2074,12,31,92.34
2075,1,1,91.79
2075,1,2,91.34
2075,1,3,90.81
2075,1,4,90.25
2075,1,5,89.69
2075,1,6,93.05
2075,1,7,92.40
2075,1,8,95.20
2075,1,9,95.20
2075,1,10,94.68
2075,1,11,94.20
2075,1,12,93.64
2075,1,13,95.20
2075,1,14,95.20
2075,1,15,95.20
2075,1,16,95.20
2075,1,17,94.59
2075,1,18,95.20
2075,1,19,95.20
2075,1,20,95.20
2075,1,21,95.20
2075,1,22,95.20
2075,1,23,94.55
2075,1,24,94.00
2075,1,25,93.87
2075,1,26,95.20
2075,1,27,95.20
2075,1,28,94.19
2075,1,29,94.25
2075,1,30,95.20
2075,1,31,94.48
2075,2,1,93.67
2075,2,2,92.97
2075,2,3,92.32
2075,2,4,91.55
2075,2,5,90.71
2075,2,6,90.18
2075,2,7,89.69
2075,2,8,89.23
2075,2,9,95.20
2075,2,10,95.20
2075,2,11,94.05
2075,2,12,93.34
2075,2,13,95.20
2075,2,14,95.20
2075,2,15,94.55
2075,2,16,93.89
2075,2,17,94.63
2075,2,18,94.07
2075,2,19,93.73
2075,2,20,93.34
2075,2,21,92.81
2075,2,22,92.15
2075,2,23,95.20
2075,2,24,95.20
2075,2,25,94.71
2075,2,26,94.26
2075,2,27,95.04
2075,2,28,93.64
2075,3,1,95.20
2075,3,2,95.20
2075,3,3,94.49
2075,3,4,93.56
2075,3,5,92.93
2075,3,6,92.59
2075,3,7,92.06
2075,3,8,91.13
2075,3,9,90.07
2075,3,10,89.18
2075,3,11,88.19
2075,3,12,87.29
2075,3,13,86.23
2075,3,14,85.97
2075,3,15,85.22
2075,3,16,84.19
2075,3,17,83.31
2075,3,18,82.74
2075,3,19,81.75
2075,3,20,80.34
2075,3,21,79.39
2075,3,22,81.97
2075,3,23,84.40
2075,3,24,83.49
2075,3,25,85.82
2075,3,26,84.75
2075,3,27,83.47
2075,3,28,84.19
2075,3,29,84.39
2075,3,30,81.93
2075,3,31,79.75
2075,4,1,83.83
2075,4,2,88.31
2075,4,3,95.20
2075,4,4,95.20
2075,4,5,93.14
2075,4,6,95.20
2075,4,7,93.84
2075,4,8,92.39
2075,4,9,95.20
2075,4,10,93.36
2075,4,11,91.79
2075,4,12,90.39
2075,4,13,89.00
2075,4,14,93.36
2075,4,15,95.20
2075,4,16,95.20
2075,4,17,95.20
2075,4,18,93.97
2075,4,19,92.36
2075,4,20,90.57
2075,4,21,88.41
2075,4,22,91.98
2075,4,23,91.52
2075,4,24,89.63
2075,4,25,88.05
2075,4,26,86.08
2075,4,27,83.98
2075,4,28,82.65
2075,4,29,81.10
2075,4,30,83.71
2075,5,1,82.58
2075,5,2,80.75
2075,5,3,79.02
2075,5,4,77.37
2075,5,5,75.12
2075,5,6,95.20
2075,5,7,95.20
2075,5,8,95.20
2075,5,9,92.52
2075,5,10,95.20
2075,5,11,91.73
2075,5,12,95.20
2075,5,13,93.56
2075,5,14,91.12
2075,5,15,88.81
2075,5,16,85.92
2075,5,17,83.46
2075,5,18,80.79
2075,5,19,88.19
2075,5,20,91.58
2075,5,21,91.72
2075,5,22,92.43
2075,5,23,90.19
2075,5,24,86.99
2075,5,25,89.96
2075,5,26,86.07
2075,5,27,87.18
2075,5,28,83.89
2075,5,29,81.27
2075,5,30,79.01
2075,5,31,76.56
2075,6,1,75.74
2075,6,2,86.79
2075,6,3,95.20
2075,6,4,92.03
2075,6,5,88.93
2075,6,6,88.31
2075,6,7,95.20
2075,6,8,95.20
2075,6,9,92.29
2075,6,10,90.73
2075,6,11,88.80
2075,6,12,87.40
2075,6,13,88.41
2075,6,14,84.28
2075,6,15,81.14
2075,6,16,92.66
2075,6,17,92.28
2075,6,18,90.88
2075,6,19,95.20
2075,6,20,95.20
2075,6,21,90.35
2075,6,22,85.25
2075,6,23,80.78
2075,6,24,77.25
2075,6,25,83.72
2075,6,26,83.70
2075,6,27,79.61
2075,6,28,76.08
2075,6,29,72.23
2075,6,30,68.42
2075,7,1,64.40
2075,7,2,60.04
2075,7,3,56.86
2075,7,4,60.61
2075,7,5,57.29
2075,7,6,51.48
2075,7,7,47.11
2075,7,8,44.04
2075,7,9,40.44
2075,7,10,36.27
2075,7,11,32.31
2075,7,12,28.21
2075,7,13,24.44
2075,7,14,22.37
2075,7,15,20.56
2075,7,16,17.78
2075,7,17,15.54
2075,7,18,13.70
2075,7,19,19.81
2075,7,20,18.53
2075,7,21,15.40
2075,7,22,14.13
2075,7,23,13.71
2075,7,24,11.33
2075,7,25,9.05
2075,7,26,7.38
2075,7,27,5.79
2075,7,28,5.41
2075,7,29,4.10
2075,7,30,3.21
2075,7,31,2.56
2075,8,1,1.98
2075,8,2,1.60
2075,8,3,1.54
2075,8,4,1.23
2075,8,5,0.90
2075,8,6,0.75
2075,8,7,2.61
2075,8,8,2.21
2075,8,9,1.95
2075,8,10,6.06
2075,8,11,4.56
2075,8,12,4.02
2075,8,13,3.03
2075,8,14,3.27
2075,8,15,6.14
2075,8,16,4.86
2075,8,17,3.89
2075,8,18,3.28
2075,8,19,6.69
2075,8,20,7.05
2075,8,21,5.85
2075,8,22,4.51
2075,8,23,3.53
2075,8,24,2.86
2075,8,25,2.33
2075,8,26,16.15
2075,8,27,20.00
2075,8,28,17.57
2075,8,29,15.14
2075,8,30,12.76
2075,8,31,10.99
2075,9,1,10.05
2075,9,2,8.59
2075,9,3,7.59
2075,9,4,6.73
2075,9,5,5.98
2075,9,6,5.29
2075,9,7,27.43
2075,9,8,30.67
2075,9,9,27.73
2075,9,10,24.75
2075,9,11,23.93
2075,9,12,27.72
2075,9,13,31.04
2075,9,14,29.34
2075,9,15,28.05
2075,9,16,26.75
2075,9,17,25.17
2075,9,18,23.69
2075,9,19,30.98
2075,9,20,29.69
2075,9,21,28.89
2075,9,22,27.02
2075,9,23,25.22
2075,9,24,22.86
2075,9,25,20.90
2075,9,26,19.60
2075,9,27,20.06
2075,9,28,18.42
2075,9,29,16.38
2075,9,30,15.01
2075,10,1,28.38
2075,10,2,78.19
2075,10,3,94.84
2075,10,4,92.80
2075,10,5,91.04
2075,10,6,89.13
2075,10,7,87.60
2075,10,8,85.70
2075,10,9,83.84
2075,10,10,82.30
2075,10,11,80.75
2075,10,12,78.92
2075,10,13,76.59
2075,10,14,75.22
2075,10,15,73.93
2075,10,16,71.66
2075,10,17,68.83
2075,10,18,66.14
2075,10,19,64.31
2075,10,20,64.94
2075,10,21,87.01
2075,10,22,88.13
2075,10,23,86.10
2075,10,24,83.95
2075,10,25,92.71
2075,10,26,91.22
2075,10,27,89.29
2075,10,28,95.20
2075,10,29,95.20
2075,10,30,94.47
2075,10,31,93.50
2075,11,1,95.20
2075,11,2,95.20
2075,11,3,94.12
2075,11,4,93.04
2075,11,5,91.65
2075,11,6,89.99
2075,11,7,88.40
2075,11,8,94.53
2075,11,9,95.20
2075,11,10,95.20
2075,11,11,93.36
2075,11,12,95.20
2075,11,13,95.20
2075,11,14,94.11
2075,11,15,93.74
2075,11,16,93.78
2075,11,17,95.20
2075,11,18,94.60
2075,11,19,93.68
2075,11,20,92.60
2075,11,21,92.48
2075,11,22,95.20
2075,11,23,93.91
2075,11,24,93.05
2075,11,25,92.81
2075,11,26,91.75
2075,11,27,90.99
2075,11,28,91.15
2075,11,29,94.65
2075,11,30,95.20
2075,12,1,95.20
2075,12,2,95.20
2075,12,3,93.55
2075,12,4,92.81
2075,12,5,92.19
2075,12,6,91.57
2075,12,7,90.73
2075,12,8,89.74
2075,12,9,88.84
2075,12,10,95.20
2075,12,11,95.20
2075,12,12,94.17
2075,12,13,93.30
2075,12,14,95.20
2075,12,15,94.54
2075,12,16,93.94
2075,12,17,95.20
2075,12,18,94.68
2075,12,19,94.23
2075,12,20,93.87
2075,12,21,93.38
2075,12,22,92.78
2075,12,23,95.20
2075,12,24,93.96
2075,12,25,95.20
2075,12,26,95.20
2075,12,27,94.49
2075,12,28,93.88
2075,12,29,93.21
2075,12,30,92.53
2075,12,31,91.76
2076,1,1,92.07
2076,1,2,91.61
2076,1,3,91.10
2076,1,4,90.59
2076,1,5,90.08
2076,1,6,89.23
2076,1,7,88.04
2076,1,8,92.27
2076,1,9,95.20
2076,1,10,95.20
2076,1,11,95.20
2076,1,12,94.63
2076,1,13,95.20
2076,1,14,95.20
2076,1,15,94.68
2076,1,16,94.16
2076,1,17,93.64
2076,1,18,93.21
2076,1,19,92.62
2076,1,20,95.20
2076,1,21,94.95
2076,1,22,93.96
2076,1,23,93.39
2076,1,24,92.70
2076,1,25,92.17
2076,1,26,91.57
2076,1,27,91.03
2076,1,28,91.02
2076,1,29,90.53
2076,1,30,89.93
2076,1,31,91.90
2076,2,1,91.28
2076,2,2,90.94
2076,2,3,90.54
2076,2,4,89.98
2076,2,5,89.63
2076,2,6,89.21
2076,2,7,95.20
2076,2,8,94.55
2076,2,9,94.18
2076,2,10,93.75
2076,2,11,93.53
2076,2,12,93.11
2076,2,13,92.55
2076,2,14,91.98
2076,2,15,91.40
2076,2,16,90.83
2076,2,17,95.02
2076,2,18,95.20
2076,2,19,94.43
2076,2,20,93.77
2076,2,21,93.08
2076,2,22,92.18
2076,2,23,91.05
2076,2,24,90.33
2076,2,25,89.46
2076,2,26,95.20
2076,2,27,95.20
2076,2,28,94.29
2076,2,29,93.57
2076,3,1,95.01
2076,3,2,95.20
2076,3,3,94.40
2076,3,4,93.81
2076,3,5,95.20
2076,3,6,95.20
2076,3,7,95.20
2076,3,8,94.85
2076,3,9,94.07
2076,3,10,93.12
2076,3,11,92.19
2076,3,12,91.53
2076,3,13,91.05
2076,3,14,95.20
2076,3,15,95.20
2076,3,16,95.20
2076,3,17,95.20
2076,3,18,94.47
2076,3,19,93.36
2076,3,20,95.20
2076,3,21,95.20
2076,3,22,94.40
2076,3,23,95.20
2076,3,24,95.20
2076,3,25,95.20
2076,3,26,95.20
2076,3,27,93.89
2076,3,28,93.10
2076,3,29,91.93
2076,3,30,91.15
2076,3,31,92.64
2076,4,1,94.61
2076,4,2,94.38
2076,4,3,93.36
2076,4,4,92.05
2076,4,5,90.69
2076,4,6,89.00
2076,4,7,90.91
2076,4,8,95.20
2076,4,9,95.20
2076,4,10,93.89
2076,4,11,95.20
2076,4,12,95.20
2076,4,13,93.06
2076,4,14,91.59
2076,4,15,90.24
2076,4,16,88.60
2076,4,17,91.62
2076,4,18,95.20
2076,4,19,92.42
2076,4,20,91.54
2076,4,21,90.27
2076,4,22,89.80
2076,4,23,88.20
2076,4,24,86.67
2076,4,25,84.76
2076,4,26,82.54
2076,4,27,82.15
2076,4,28,79.56
2076,4,29,77.69
2076,4,30,76.09
2076,5,1,80.27
2076,5,2,94.79
2076,5,3,92.28
2076,5,4,90.64
2076,5,5,88.86
2076,5,6,86.56
2076,5,7,84.53
2076,5,8,82.72
2076,5,9,80.27
2076,5,10,77.68
2076,5,11,84.05
2076,5,12,81.78
2076,5,13,78.97
2076,5,14,74.95
2076,5,15,74.57
2076,5,16,75.79
2076,5,17,71.16
2076,5,18,67.36
2076,5,19,64.04
2076,5,20,61.33
2076,5,21,58.65
2076,5,22,69.05
2076,5,23,67.58
2076,5,24,64.64
2076,5,25,60.99
2076,5,26,56.02
2076,5,27,53.47
2076,5,28,68.72
2076,5,29,75.96
2076,5,30,72.66
2076,5,31,68.58
2076,6,1,62.22
2076,6,2,57.97
2076,6,3,58.92
2076,6,4,63.67
2076,6,5,63.75
2076,6,6,62.65
2076,6,7,62.07
2076,6,8,57.39
2076,6,9,53.76
2076,6,10,50.06
2076,6,11,45.71
2076,6,12,42.51
2076,6,13,39.24
2076,6,14,36.18
2076,6,15,35.03
2076,6,16,33.41
2076,6,17,31.01
2076,6,18,28.50
2076,6,19,25.90
2076,6,20,22.79
2076,6,21,20.89
2076,6,22,20.82
2076,6,23,17.86
2076,6,24,15.90
2076,6,25,15.08
2076,6,26,13.82
2076,6,27,12.08
2076,6,28,10.25
2076,6,29,8.63
2076,6,30,6.88
2076,7,1,11.06
2076,7,2,17.51
2076,7,3,27.17
2076,7,4,24.35
2076,7,5,20.67
2076,7,6,16.91
2076,7,7,15.56
2076,7,8,29.57
2076,7,9,27.92
2076,7,10,26.97
2076,7,11,24.32
2076,7,12,20.70
2076,7,13,17.46
2076,7,14,14.57
2076,7,15,12.88
2076,7,16,11.18
2076,7,17,8.83
2076,7,18,6.96
2076,7,19,5.65
2076,7,20,4.50
2076,7,21,3.64
2076,7,22,2.71
2076,7,23,2.01
2076,7,24,1.38
2076,7,25,0.96
2076,7,26,0.84
2076,7,27,0.58
2076,7,28,0.42
2076,7,29,0.32
2076,7,30,0.25
2076,7,31,0.19
2076,8,1,0.15
2076,8,2,0.14
2076,8,3,0.12
2076,8,4,0.10
2076,8,5,0.06
2076,8,6,0.06
2076,8,7,6.31
2076,8,8,6.21
2076,8,9,6.12
2076,8,10,5.53
2076,8,11,4.71
2076,8,12,3.66
2076,8,13,3.48
2076,8,14,2.74
2076,8,15,2.55
2076,8,16,6.90
2076,8,17,6.73
2076,8,18,5.98
2076,8,19,5.05
2076,8,20,4.24
2076,8,21,3.52
2076,8,22,3.39
2076,8,23,4.96
2076,8,24,4.91
2076,8,25,6.02
2076,8,26,5.29
2076,8,27,4.58
2076,8,28,3.90
2076,8,29,3.37
2076,8,30,2.91
2076,8,31,2.46
2076,9,1,2.28
2076,9,2,1.95
2076,9,3,8.99
2076,9,4,8.86
2076,9,5,7.31
2076,9,6,10.13
2076,9,7,10.62
2076,9,8,9.20
2076,9,9,8.20
2076,9,10,7.26
2076,9,11,6.33
2076,9,12,5.41
2076,9,13,4.59
2076,9,14,8.90
2076,9,15,18.39
2076,9,16,20.62
2076,9,17,19.03
2076,9,18,17.47
2076,9,19,15.72
2076,9,20,13.91
2076,9,21,14.41
2076,9,22,15.92
2076,9,23,14.76
2076,9,24,13.39
2076,9,25,12.71
2076,9,26,30.95
2076,9,27,30.35
2076,9,28,28.41
2076,9,29,26.67
2076,9,30,25.42
2076,10,1,25.39
2076,10,2,28.52
2076,10,3,26.74
2076,10,4,24.55
2076,10,5,24.98
2076,10,6,43.10
2076,10,7,41.78
2076,10,8,40.47
2076,10,9,38.84
2076,10,10,37.50
2076,10,11,36.41
2076,10,12,35.20
2076,10,13,33.41
2076,10,14,31.73
2076,10,15,30.78
2076,10,16,30.38
2076,10,17,29.64
2076,10,18,28.55
2076,10,19,26.63
2076,10,20,24.83
2076,10,21,23.17
2076,10,22,21.61
2076,10,23,20.46
2076,10,24,21.00
2076,10,25,36.42
2076,10,26,39.35
2076,10,27,38.70
2076,10,28,38.16
2076,10,29,45.13
2076,10,30,44.39
2076,10,31,43.05
2076,11,1,41.44
2076,11,2,39.53
2076,11,3,37.62
2076,11,4,35.94
2076,11,5,34.47
2076,11,6,34.58
2076,11,7,50.13
2076,11,8,49.41
2076,11,9,48.66
2076,11,10,47.91
2076,11,11,47.20
2076,11,12,53.41
2076,11,13,95.20
2076,11,14,95.20
2076,11,15,94.20
2076,11,16,92.91
2076,11,17,91.50
2076,11,18,92.46
2076,11,19,95.20
2076,11,20,95.20
2076,11,21,93.78
2076,11,22,92.48
2076,11,23,91.00
2076,11,24,89.16
2076,11,25,90.06
2076,11,26,88.78
2076,11,27,87.91
2076,11,28,87.22
2076,11,29,86.33
2076,11,30,85.55
2076,12,1,84.86
2076,12,2,84.16
2076,12,3,83.28
2076,12,4,84.65
2076,12,5,87.71
2076,12,6,87.46
2076,12,7,88.49
2076,12,8,95.20
2076,12,9,94.39
2076,12,10,93.69
2076,12,11,92.83
2076,12,12,95.20
2076,12,13,95.20
2076,12,14,95.18
2076,12,15,94.52
2076,12,16,93.84
2076,12,17,93.31
2076,12,18,92.72
2076,12,19,92.35
2076,12,20,91.89
2076,12,21,91.52
2076,12,22,91.07
2076,12,23,90.69
2076,12,24,90.34
2076,12,25,89.89
2076,12,26,89.43
2076,12,27,95.20
2076,12,28,95.20
2076,12,29,95.20
2076,12,30,95.20
2076,12,31,94.46
2077,1,1,93.84
2077,1,2,93.27
2077,1,3,95.20
2077,1,4,95.20
2077,1,5,95.20
2077,1,6,94.70
2077,1,7,93.91
2077,1,8,95.20
2077,1,9,95.20
2077,1,10,94.63
2077,1,11,95.20
2077,1,12,94.51
2077,1,13,94.00
2077,1,14,93.54
2077,1,15,93.13
2077,1,16,95.20
2077,1,17,95.20
2077,1,18,94.44
2077,1,19,93.85
2077,1,20,93.46
2077,1,21,92.88
2077,1,22,92.31
2077,1,23,91.77
2077,1,24,91.19
2077,1,25,95.20
2077,1,26,95.20
2077,1,27,95.20
2077,1,28,95.20
2077,1,29,95.20
2077,1,30,94.67
2077,1,31,94.14
2077,2,1,94.28
2077,2,2,94.06
2077,2,3,95.20
2077,2,4,94.69
2077,2,5,94.05
2077,2,6,93.88
2077,2,7,93.40
2077,2,8,92.97
2077,2,9,92.48
2077,2,10,93.07
2077,2,11,92.57
2077,2,12,91.97
2077,2,13,91.47
2077,2,14,91.13
2077,2,15,90.62
2077,2,16,90.06
2077,2,17,89.66
2077,2,18,89.27
2077,2,19,88.66
2077,2,20,89.79
2077,2,21,89.20
2077,2,22,95.20
2077,2,23,95.20
2077,2,24,94.14
2077,2,25,94.90
2077,2,26,95.20
2077,2,27,94.40
2077,2,28,95.20
2077,3,1,95.20
2077,3,2,94.65
2077,3,3,94.01
2077,3,4,94.98
2077,3,5,94.20
2077,3,6,93.41
2077,3,7,92.48
2077,3,8,94.10
2077,3,9,95.20
2077,3,10,95.20
2077,3,11,94.33
2077,3,12,95.20
2077,3,13,95.20
2077,3,14,94.12
2077,3,15,93.16
2077,3,16,91.63
2077,3,17,90.46
2077,3,18,90.78
2077,3,19,90.04
2077,3,20,89.26
2077,3,21,95.20
2077,3,22,95.20
2077,3,23,94.06
2077,3,24,92.66
2077,3,25,91.07
2077,3,26,92.00
2077,3,27,95.20
2077,3,28,93.76
2077,3,29,92.33
2077,3,30,90.28
2077,3,31,88.65
2077,4,1,87.13
2077,4,2,84.78
2077,4,3,82.37
2077,4,4,81.63
2077,4,5,80.53
2077,4,6,78.67
2077,4,7,76.91
2077,4,8,75.40
2077,4,9,72.91
2077,4,10,70.35
2077,4,11,67.53
2077,4,12,65.56
2077,4,13,63.77
2077,4,14,62.27
2077,4,15,60.51
2077,4,16,58.97
2077,4,17,57.33
2077,4,18,55.51
2077,4,19,53.69
2077,4,20,52.86
2077,4,21,50.77
2077,4,22,48.81
2077,4,23,49.03
2077,4,24,48.43
2077,4,25,45.52
2077,4,26,43.36
2077,4,27,41.56
2077,4,28,56.33
2077,4,29,68.20
2077,4,30,66.75
2077,5,1,66.56
2077,5,2,69.49
2077,5,3,67.37
2077,5,4,64.68
2077,5,5,61.81
2077,5,6,58.75
2077,5,7,56.15
2077,5,8,53.46
2077,5,9,50.60
2077,5,10,48.03
2077,5,11,44.10
2077,5,12,45.33
2077,5,13,44.20
2077,5,14,41.32
2077,5,15,38.74
2077,5,16,34.90
2077,5,17,31.44
2077,5,18,28.62
2077,5,19,31.74
2077,5,20,30.55
2077,5,21,26.53
2077,5,22,22.97
2077,5,23,20.23
2077,5,24,17.58
2077,5,25,15.52
2077,5,26,13.91
2077,5,27,12.59
2077,5,28,11.81
2077,5,29,10.92
2077,5,30,9.58
2077,5,31,28.54
2077,6,1,24.95
2077,6,2,22.52
2077,6,3,20.01
2077,6,4,17.87
2077,6,5,18.06
2077,6,6,16.41
2077,6,7,15.10
2077,6,8,13.65
2077,6,9,12.68
2077,6,10,11.97
2077,6,11,10.84
2077,6,12,9.43
2077,6,13,7.20
2077,6,14,5.28
2077,6,15,8.91
2077,6,16,14.53
2077,6,17,13.83
2077,6,18,11.73
2077,6,19,10.29
2077,6,20,8.78
2077,6,21,7.09
2077,6,22,5.70
2077,6,23,4.85
2077,6,24,4.42
2077,6,25,3.44
2077,6,26,2.55
2077,6,27,1.82
2077,6,28,1.34
2077,6,29,1.04
2077,6,30,0.81
2077,7,1,0.71
2077,7,2,10.27
2077,7,3,18.04
2077,7,4,26.58
2077,7,5,24.12
2077,7,6,20.97
2077,7,7,18.29
2077,7,8,16.11
2077,7,9,14.92
2077,7,10,16.16
2077,7,11,26.99
2077,7,12,23.79
2077,7,13,20.92
2077,7,14,17.76
2077,7,15,24.23
2077,7,16,30.32
2077,7,17,25.91
2077,7,18,20.84
2077,7,19,16.56
2077,7,20,12.91
2077,7,21,11.30
2077,7,22,10.40
2077,7,23,8.95
2077,7,24,7.53
2077,7,25,6.18
2077,7,26,4.86
2077,7,27,4.22
2077,7,28,3.23
2077,7,29,2.79
2077,7,30,2.41
2077,7,31,9.07
2077,8,1,13.14
2077,8,2,11.80
2077,8,3,11.06
2077,8,4,9.09
2077,8,5,7.04
2077,8,6,5.88
2077,8,7,11.27
2077,8,8,9.24
2077,8,9,28.07
2077,8,10,25.29
2077,8,11,24.55
2077,8,12,22.55
2077,8,13,22.18
2077,8,14,24.26
2077,8,15,34.03
2077,8,16,33.12
2077,8,17,30.65
2077,8,18,27.45
2077,8,19,26.27
2077,8,20,24.64
2077,8,21,21.40
2077,8,22,17.14
2077,8,23,14.18
2077,8,24,12.47
2077,8,25,10.54
2077,8,26,10.73
2077,8,27,9.82
2077,8,28,11.63
2077,8,29,10.02
2077,8,30,8.71
2077,8,31,7.43
2077,9,1,7.22
2077,9,2,13.52
2077,9,3,12.35
2077,9,4,11.11
2077,9,5,9.81
2077,9,6,8.59
2077,9,7,7.36
2077,9,8,6.35
2077,9,9,17.93
2077,9,10,30.97
2077,9,11,30.34
2077,9,12,27.81
2077,9,13,26.37
2077,9,14,29.62
2077,9,15,27.68
2077,9,16,25.50
2077,9,17,23.02
2077,9,18,20.54
2077,9,19,18.46
2077,9,20,16.68
2077,9,21,14.87
2077,9,22,13.24
2077,9,23,11.74
2077,9,24,10.90
2077,9,25,21.97
2077,9,26,22.04
2077,9,27,20.38
2077,9,28,19.08
2077,9,29,18.25
2077,9,30,16.92
2077,10,1,15.80
2077,10,2,14.67
2077,10,3,13.27
2077,10,4,12.17
2077,10,5,12.34
2077,10,6,24.23
2077,10,7,23.30
2077,10,8,22.18
2077,10,9,21.06
2077,10,10,19.50
2077,10,11,22.93
2077,10,12,34.94
2077,10,13,38.14
2077,10,14,43.05
2077,10,15,45.27
2077,10,16,42.89
2077,10,17,41.33
2077,10,18,45.71
2077,10,19,45.40
2077,10,20,43.98
2077,10,21,64.44
2077,10,22,69.32
2077,10,23,67.92
2077,10,24,67.00
2077,10,25,65.57
2077,10,26,63.97
2077,10,27,89.40
2077,10,28,95.20
2077,10,29,93.64
2077,10,30,92.66
2077,10,31,94.26
2077,11,1,92.22
2077,11,2,91.29
2077,11,3,89.90
2077,11,4,88.76
2077,11,5,87.44
2077,11,6,86.11
2077,11,7,84.42
2077,11,8,82.96
2077,11,9,81.37
2077,11,10,81.63
2077,11,11,88.44
2077,11,12,92.53
2077,11,13,91.48
2077,11,14,90.24
2077,11,15,88.23
2077,11,16,88.16
2077,11,17,87.30
2077,11,18,86.33
2077,11,19,86.46
2077,11,20,87.87
2077,11,21,88.71
2077,11,22,95.20
2077,11,23,93.72
2077,11,24,92.65
2077,11,25,91.53
2077,11,26,90.16
2077,11,27,89.71
2077,11,28,88.77
2077,11,29,87.19
2077,11,30,85.83
2077,12,1,84.38
2077,12,2,85.78
2077,12,3,89.69
2077,12,4,91.28
2077,12,5,95.20
2077,12,6,95.20
2077,12,7,93.87
2077,12,8,93.88
2077,12,9,92.86
2077,12,10,91.99
2077,12,11,91.17
2077,12,12,90.39
2077,12,13,89.59
2077,12,14,91.55
2077,12,15,90.62
2077,12,16,89.98
2077,12,17,89.46
2077,12,18,89.04
2077,12,19,91.59
2077,12,20,95.20
2077,12,21,95.20
2077,12,22,94.53
2077,12,23,93.86
2077,12,24,92.88
2077,12,25,92.09
2077,12,26,91.63
2077,12,27,91.15
2077,12,28,90.57
2077,12,29,94.98
2077,12,30,94.18
2077,12,31,93.33
2078,1,1,92.45
2078,1,2,91.66
2078,1,3,91.08
2078,1,4,90.61
2078,1,5,95.20
2078,1,6,94.41
2078,1,7,93.81
2078,1,8,94.20
2078,1,9,93.49
2078,1,10,92.86
2078,1,11,92.32
2078,1,12,91.97
2078,1,13,91.45
2078,1,14,90.90
2078,1,15,90.52
2078,1,16,90.22
2078,1,17,89.79
2078,1,18,89.23
2078,1,19,88.62
2078,1,20,95.20
2078,1,21,95.20
2078,1,22,94.37
2078,1,23,93.60
2078,1,24,92.71
2078,1,25,95.20
2078,1,26,95.20
2078,1,27,94.13
2078,1,28,95.20
2078,1,29,94.61
2078,1,30,94.08
2078,1,31,95.20
2078,2,1,94.80
2078,2,2,94.27
2078,2,3,93.72
2078,2,4,93.11
2078,2,5,93.46
2078,2,6,95.20
2078,2,7,94.75
2078,2,8,94.30
2078,2,9,93.88
2078,2,10,93.53
2078,2,11,93.08
2078,2,12,92.48
2078,2,13,95.20
2078,2,14,95.20
2078,2,15,94.61
2078,2,16,94.17
2078,2,17,93.78
2078,2,18,93.24
2078,2,19,95.20
2078,2,20,95.20
2078,2,21,93.92
2078,2,22,94.62
2078,2,23,94.04
2078,2,24,95.20
2078,2,25,95.20
2078,2,26,95.20
2078,2,27,95.20
2078,2,28,94.50
2078,3,1,93.63
2078,3,2,95.20
2078,3,3,95.20
2078,3,4,95.20
2078,3,5,94.44
2078,3,6,93.36
2078,3,7,92.42
2078,3,8,95.20
2078,3,9,95.20
2078,3,10,95.20
2078,3,11,94.26
2078,3,12,93.20
2078,3,13,95.20
2078,3,14,94.75
2078,3,15,94.25
2078,3,16,93.55
2078,3,17,95.20
2078,3,18,94.00
2078,3,19,94.47
2078,3,20,94.51
2078,3,21,93.50
2078,3,22,92.34
2078,3,23,90.21
2078,3,24,87.76
2078,3,25,87.36
2078,3,26,85.90
2078,3,27,84.96
2078,3,28,83.75
2078,3,29,82.93
2078,3,30,92.29
2078,3,31,90.30
2078,4,1,87.21
2078,4,2,84.42
2078,4,3,82.65
2078,4,4,85.88
2078,4,5,90.58
2078,4,6,90.43
2078,4,7,89.39
2078,4,8,89.89
2078,4,9,92.40
2078,4,10,95.20
2078,4,11,95.20
2078,4,12,95.20
2078,4,13,95.20
2078,4,14,95.20
2078,4,15,93.97
2078,4,16,91.83
2078,4,17,88.84
2078,4,18,86.15
2078,4,19,92.07
2078,4,20,91.33
2078,4,21,90.36
2078,4,22,95.20
2078,4,23,95.20
2078,4,24,93.28
2078,4,25,91.62
2078,4,26,95.20
2078,4,27,95.20
2078,4,28,95.20
2078,4,29,95.20
2078,4,30,92.78
2078,5,1,91.48
2078,5,2,95.20
2078,5,3,92.04
2078,5,4,94.67
2078,5,5,95.20
2078,5,6,92.41
2078,5,7,89.11
2078,5,8,86.95
2078,5,9,84.67
2078,5,10,95.20
2078,5,11,95.20
2078,5,12,92.49
2078,5,13,90.25
2078,5,14,87.90
2078,5,15,85.23
2078,5,16,86.39
2078,5,17,83.92
2078,5,18,81.71
2078,5,19,80.55
2078,5,20,78.53
2078,5,21,76.04
2078,5,22,73.36
2078,5,23,70.71
2078,5,24,66.86
2078,5,25,62.31
2078,5,26,57.90
2078,5,27,50.65
2078,5,28,50.77
2078,5,29,58.92
2078,5,30,57.95
2078,5,31,53.83
2078,6,1,52.28
2078,6,2,54.28
2078,6,3,67.23
2078,6,4,83.73
2078,6,5,87.93
2078,6,6,84.02
2078,6,7,92.20
2078,6,8,95.20
2078,6,9,92.18
2078,6,10,90.20
2078,6,11,87.07
2078,6,12,84.02
2078,6,13,80.70
2078,6,14,76.70
2078,6,15,75.10
2078,6,16,76.41
2078,6,17,76.67
2078,6,18,72.09
2078,6,19,68.38
2078,6,20,64.79
2078,6,21,61.24
2078,6,22,57.41
2078,6,23,53.87
2078,6,24,50.08
2078,6,25,45.62
2078,6,26,41.51
2078,6,27,38.71
2078,6,28,34.34
2078,6,29,30.68
2078,6,30,26.86
2078,7,1,23.62
2078,7,2,20.88
2078,7,3,18.31
2078,7,4,16.04
2078,7,5,13.97
2078,7,6,12.59
2078,7,7,11.04
2078,7,8,9.55
2078,7,9,8.02
2078,7,10,6.64
2078,7,11,5.27
2078,7,12,3.83
2078,7,13,3.31
2078,7,14,2.52
2078,7,15,6.84
2078,7,16,17.24
2078,7,17,22.12
2078,7,18,18.91
2078,7,19,16.23
2078,7,20,15.89
2078,7,21,13.59
2078,7,22,10.64
2078,7,23,8.15
2078,7,24,7.05
2078,7,25,13.42
2078,7,26,12.33
2078,7,27,10.23
2078,7,28,8.36
2078,7,29,6.70
2078,7,30,6.47
2078,7,31,5.34
2078,8,1,4.22
2078,8,2,4.03
2078,8,3,3.14
2078,8,4,2.91
2078,8,5,2.18
2078,8,6,1.95
2078,8,7,9.14
2078,8,8,8.65
2078,8,9,9.69
2078,8,10,11.03
2078,8,11,9.27
2078,8,12,7.54
2078,8,13,6.60
2078,8,14,5.97
2078,8,15,7.91
2078,8,16,6.22
2078,8,17,4.69
2078,8,18,3.56
2078,8,19,3.53
2078,8,20,28.82
2078,8,21,95.20
2078,8,22,95.20
2078,8,23,95.20
2078,8,24,91.51
2078,8,25,88.48
2078,8,26,84.03
2078,8,27,79.86
2078,8,28,76.26
2078,8,29,73.21
2078,8,30,94.18
2078,8,31,90.25
2078,9,1,86.05
2078,9,2,86.14
2078,9,3,81.67
2078,9,4,80.72
2078,9,5,95.20
2078,9,6,90.96
2078,9,7,87.27
2078,9,8,87.32
2078,9,9,83.70
2078,9,10,79.53
2078,9,11,76.95
2078,9,12,74.59
2078,9,13,72.00
2078,9,14,75.69
2078,9,15,79.09
2078,9,16,95.20
2078,9,17,95.20
2078,9,18,92.55
2078,9,19,89.99
2078,9,20,87.54
2078,9,21,84.79
2078,9,22,81.73
2078,9,23,79.37
2078,9,24,79.58
2078,9,25,90.96
2078,9,26,88.90
2078,9,27,86.38
2078,9,28,95.20
2078,9,29,95.20
2078,9,30,93.93
2078,10,1,91.71
2078,10,2,89.51
2078,10,3,87.06
2078,10,4,84.76
2078,10,5,82.84
2078,10,6,80.95
2078,10,7,78.87
2078,10,8,76.70
2078,10,9,74.56
2078,10,10,73.16
2078,10,11,76.29
2078,10,12,79.55
2078,10,13,78.22
2078,10,14,76.96
2078,10,15,75.30
2078,10,16,72.95
2078,10,17,70.82
2078,10,18,69.13
2078,10,19,67.08
2078,10,20,68.81
2078,10,21,70.84
2078,10,22,72.28
2078,10,23,70.26
2078,10,24,70.13
2078,10,25,95.20
2078,10,26,95.20
2078,10,27,93.84
2078,10,28,92.09
2078,10,29,90.54
2078,10,30,94.47
2078,10,31,93.42
2078,11,1,92.51
2078,11,2,91.64
2078,11,3,91.12
2078,11,4,89.84
2078,11,5,88.31
2078,11,6,88.40
2078,11,7,95.20
2078,11,8,95.20
2078,11,9,95.20
2078,11,10,93.84
2078,11,11,92.56
2078,11,12,90.87
2078,11,13,88.95
2078,11,14,91.39
2078,11,15,95.20
2078,11,16,95.20
2078,11,17,93.40
2078,11,18,92.51
2078,11,19,95.20
2078,11,20,93.53
2078,11,21,92.11
2078,11,22,95.20
2078,11,23,95.20
2078,11,24,93.92
2078,11,25,92.00
2078,11,26,95.20
2078,11,27,95.20
2078,11,28,93.98
2078,11,29,92.78
2078,11,30,94.86
2078,12,1,95.20
2078,12,2,94.15
2078,12,3,94.20
2078,12,4,93.82
2078,12,5,92.91
2078,12,6,95.20
2078,12,7,95.20
2078,12,8,94.03
2078,12,9,92.79
2078,12,10,91.24
2078,12,11,95.20
2078,12,12,95.20
2078,12,13,95.20
2078,12,14,94.54
2078,12,15,93.81
2078,12,16,93.11
2078,12,17,95.20
2078,12,18,95.20
2078,12,19,94.67
2078,12,20,95.20
2078,12,21,94.45
2078,12,22,93.92
2078,12,23,95.20
2078,12,24,94.11
2078,12,25,93.39
2078,12,26,95.20
2078,12,27,94.50
2078,12,28,93.83
2078,12,29,92.90
2078,12,30,92.16
2078,12,31,91.79
2079,1,1,90.98
2079,1,2,90.16
2079,1,3,90.38
2079,1,4,93.11
2079,1,5,95.20
2079,1,6,95.20
2079,1,7,94.75
2079,1,8,94.36
2079,1,9,93.94
2079,1,10,93.44
2079,1,11,92.83
2079,1,12,91.97
2079,1,13,91.11
2079,1,14,90.06
2079,1,15,89.26
2079,1,16,88.31
2079,1,17,86.78
2079,1,18,85.68
2079,1,19,85.10
2079,1,20,85.10
2079,1,21,84.90
2079,1,22,84.57
2079,1,23,84.47
2079,1,24,88.89
2079,1,25,89.08
2079,1,26,88.52
2079,1,27,88.05
2079,1,28,87.50
2079,1,29,86.91
2079,1,30,86.50
2079,1,31,86.54
2079,2,1,92.23
2079,2,2,95.20
2079,2,3,95.20
2079,2,4,95.20
2079,2,5,95.20
2079,2,6,95.20
2079,2,7,95.20
2079,2,8,94.18
2079,2,9,93.32
2079,2,10,94.80
2079,2,11,95.20
2079,2,12,94.32
2079,2,13,95.20
2079,2,14,94.84
2079,2,15,95.20
2079,2,16,94.52
2079,2,17,93.95
2079,2,18,93.38
2079,2,19,92.89
2079,2,20,95.20
2079,2,21,93.94
2079,2,22,94.27
2079,2,23,92.70
2079,2,24,92.38
2079,2,25,95.20
2079,2,26,95.20
2079,2,27,94.53
2079,2,28,95.20
2079,3,1,95.20
2079,3,2,94.14
2079,3,3,93.33
2079,3,4,93.23
2079,3,5,91.68
2079,3,6,91.59
2079,3,7,95.20
2079,3,8,95.20
2079,3,9,94.08
2079,3,10,92.93
2079,3,11,91.78
2079,3,12,90.59
2079,3,13,89.80
2079,3,14,89.08
2079,3,15,88.38
2079,3,16,87.91
2079,3,17,87.31
2079,3,18,95.20
2079,3,19,95.20
2079,3,20,95.20
2079,3,21,94.07
2079,3,22,92.91
2079,3,23,95.20
2079,3,24,94.38
2079,3,25,93.11
2079,3,26,93.54
2079,3,27,93.68
2079,3,28,95.20
2079,3,29,95.20
2079,3,30,95.20
2079,3,31,95.20
2079,4,1,93.82
2079,4,2,92.50
2079,4,3,95.20
2079,4,4,95.20
2079,4,5,95.20
2079,4,6,95.20
2079,4,7,94.30
2079,4,8,92.70
2079,4,9,90.57
2079,4,10,91.02
2079,4,11,95.20
2079,4,12,95.20
2079,4,13,93.98
2079,4,14,92.13
2079,4,15,95.20
2079,4,16,93.95
2079,4,17,92.49
2079,4,18,91.39
2079,4,19,88.23
2079,4,20,84.82
2079,4,21,82.24
2079,4,22,80.33
2079,4,23,78.05
2079,4,24,75.33
2079,4,25,75.16
2079,4,26,79.21
2079,4,27,76.25
2079,4,28,73.82
2079,4,29,72.35
2079,4,30,70.91
2079,5,1,70.03
2079,5,2,71.63
2079,5,3,69.91
2079,5,4,68.34
2079,5,5,66.27
2079,5,6,68.01
2079,5,7,78.46
2079,5,8,85.49
2079,5,9,83.69
2079,5,10,82.17
2079,5,11,79.85
2079,5,12,78.56
2079,5,13,76.74
2079,5,14,75.62
2079,5,15,73.88
2079,5,16,71.09
2079,5,17,67.99
2079,5,18,62.32
2079,5,19,65.14
2079,5,20,95.20
2079,5,21,95.20
2079,5,22,92.70
2079,5,23,87.95
2079,5,24,83.56
2079,5,25,77.18
2079,5,26,76.95
2079,5,27,73.65
2079,5,28,70.37
2079,5,29,69.07
2079,5,30,66.06
2079,5,31,76.71
2079,6,1,73.49
2079,6,2,70.15
2079,6,3,71.11
2079,6,4,84.00
2079,6,5,95.20
2079,6,6,95.20
2079,6,7,91.33
2079,6,8,88.18
2079,6,9,86.51
2079,6,10,83.02
2079,6,11,80.21
2079,6,12,77.34
2079,6,13,76.16
2079,6,14,83.22
2079,6,15,83.54
2079,6,16,80.13
2079,6,17,77.85
2079,6,18,85.30
2079,6,19,80.02
2079,6,20,74.14
2079,6,21,69.67
2079,6,22,66.43
2079,6,23,65.82
2079,6,24,60.66
2079,6,25,55.89
2079,6,26,52.19
2079,6,27,48.62
2079,6,28,45.40
2079,6,29,41.75
2079,6,30,40.31
2079,7,1,38.73
2079,7,2,46.03
2079,7,3,45.72
2079,7,4,41.30
2079,7,5,42.33
2079,7,6,38.82
2079,7,7,44.03
2079,7,8,44.37
2079,7,9,47.57
2079,7,10,42.22
2079,7,11,38.45
2079,7,12,55.90
2079,7,13,53.72
2079,7,14,49.30
2079,7,15,45.12
2079,7,16,41.16
2079,7,17,38.17
2079,7,18,35.19
2079,7,19,33.07
2079,7,20,29.79
2079,7,21,34.69
2079,7,22,47.89
2079,7,23,62.66
2079,7,24,75.04
2079,7,25,70.96
2079,7,26,66.41
2079,7,27,62.22
2079,7,28,58.93
2079,7,29,57.50
2079,7,30,57.88
2079,7,31,51.97
2079,8,1,48.40
2079,8,2,53.14
2079,8,3,49.42
2079,8,4,44.22
2079,8,5,41.21
2079,8,6,38.07
2079,8,7,33.65
2079,8,8,30.31
2079,8,9,27.46
2079,8,10,24.85
2079,8,11,23.63
2079,8,12,21.67
2079,8,13,18.79
2079,8,14,16.07
2079,8,15,13.27
2079,8,16,10.79
2079,8,17,15.42
2079,8,18,20.65
2079,8,19,18.05
2079,8,20,16.16
2079,8,21,15.70
2079,8,22,13.09
2079,8,23,11.09
2079,8,24,9.38
2079,8,25,9.98
2079,8,26,10.05
2079,8,27,7.97
2079,8,28,6.19
2079,8,29,6.13
2079,8,30,5.36
2079,8,31,4.65
2079,9,1,3.99
2079,9,2,3.33
2079,9,3,2.77
2079,9,4,2.28
2079,9,5,1.88
2079,9,6,1.76
2079,9,7,2.85
2079,9,8,3.30
2079,9,9,3.19
2079,9,10,4.68
2079,9,11,5.49
2079,9,12,8.40
2079,9,13,17.72
2079,9,14,15.76
2079,9,15,13.25
2079,9,16,13.95
2079,9,17,18.14
2079,9,18,16.67
2079,9,19,14.76
2079,9,20,13.02
2079,9,21,12.70
2079,9,22,11.39
2079,9,23,10.47
2079,9,24,9.32
2079,9,25,8.39
2079,9,26,7.37
2079,9,27,20.81
2079,9,28,21.29
2079,9,29,20.22
2079,9,30,19.50
2079,10,1,27.45
2079,10,2,26.54
2079,10,3,25.27
2079,10,4,23.62
2079,10,5,22.01
2079,10,6,26.69
2079,10,7,37.75
2079,10,8,39.50
2079,10,9,37.85
2079,10,10,49.98
2079,10,11,56.21
2079,10,12,54.07
2079,10,13,53.21
2079,10,14,54.16
2079,10,15,53.18
2079,10,16,51.83
2079,10,17,50.39
2079,10,18,50.21
2079,10,19,48.82
2079,10,20,47.53
2079,10,21,45.97
2079,10,22,75.14
2079,10,23,79.92
2079,10,24,78.85
2079,10,25,77.77
2079,10,26,76.76
2079,10,27,95.20
2079,10,28,95.20
2079,10,29,94.63
2079,10,30,93.90
2079,10,31,92.84
2079,11,1,91.57
2079,11,2,95.20
2079,11,3,95.20
2079,11,4,94.10
2079,11,5,93.04
2079,11,6,92.86
2079,11,7,92.03
2079,11,8,91.10
2079,11,9,90.92
2079,11,10,89.38
2079,11,11,95.20
2079,11,12,95.20
2079,11,13,93.70
2079,11,14,92.69
2079,11,15,91.67
2079,11,16,90.65
2079,11,17,89.71
2079,11,18,88.55
2079,11,19,87.97
2079,11,20,86.61
2079,11,21,85.90
2079,11,22,84.62
2079,11,23,83.63
2079,11,24,92.09
2079,11,25,95.20
2079,11,26,94.28
2079,11,27,93.38
2079,11,28,92.60
2079,11,29,95.11
2079,11,30,95.20
2079,12,1,94.44
2079,12,2,93.62
2079,12,3,94.28
2079,12,4,95.20
2079,12,5,95.20
2079,12,6,94.38
2079,12,7,93.83
2079,12,8,93.23
2079,12,9,92.58
2079,12,10,91.90
2079,12,11,91.05
2079,12,12,89.70
2079,12,13,93.63
2079,12,14,95.20
2079,12,15,95.20
2079,12,16,95.20
2079,12,17,94.69
2079,12,18,94.04
2079,12,19,93.40
2079,12,20,92.88
2079,12,21,92.44
2079,12,22,91.95
2079,12,23,91.32
2079,12,24,90.70
2079,12,25,91.59
2079,12,26,95.20
2079,12,27,94.42
2079,12,28,93.50
2079,12,29,93.34
2079,12,30,92.59
2079,12,31,91.98
2080,1,1,94.79
2080,1,2,95.20
2080,1,3,94.79
2080,1,4,94.24
2080,1,5,95.20
2080,1,6,94.64
2080,1,7,95.20
2080,1,8,94.73
2080,1,9,94.10
2080,1,10,93.55
2080,1,11,92.87
2080,1,12,92.78
2080,1,13,92.42
2080,1,14,92.06
2080,1,15,91.58
2080,1,16,90.97
2080,1,17,90.32
2080,1,18,89.55
2080,1,19,88.98
2080,1,20,88.70
2080,1,21,88.25
2080,1,22,87.59
2080,1,23,88.55
2080,1,24,88.14
2080,1,25,87.65
2080,1,26,87.06
2080,1,27,86.67
2080,1,28,86.21
2080,1,29,95.20
2080,1,30,94.66
2080,1,31,94.09
2080,2,1,93.64
2080,2,2,93.14
2080,2,3,95.20
2080,2,4,95.20
2080,2,5,94.33
2080,2,6,93.25
2080,2,7,92.43
2080,2,8,91.59
2080,2,9,90.86
2080,2,10,89.95
2080,2,11,89.84
2080,2,12,90.53
2080,2,13,89.19
2080,2,14,88.23
2080,2,15,93.36
2080,2,16,92.51
2080,2,17,93.76
2080,2,18,95.20
2080,2,19,94.57
2080,2,20,94.04
2080,2,21,95.20
2080,2,22,93.08
2080,2,23,95.20
2080,2,24,95.20
2080,2,25,95.20
2080,2,26,95.20
2080,2,27,95.20
2080,2,28,95.20
2080,2,29,95.20
2080,3,1,95.20
2080,3,2,95.20
2080,3,3,94.55
2080,3,4,93.26
2080,3,5,91.85
2080,3,6,90.69
2080,3,7,89.74
2080,3,8,91.04
2080,3,9,90.15
2080,3,10,95.20
2080,3,11,95.19
2080,3,12,94.08
2080,3,13,92.81
2080,3,14,95.20
2080,3,15,95.20
2080,3,16,93.94
2080,3,17,92.85
2080,3,18,92.28
2080,3,19,94.09
2080,3,20,92.93
2080,3,21,92.06
2080,3,22,91.73
2080,3,23,91.78
2080,3,24,91.82
2080,3,25,90.66
2080,3,26,88.47
2080,3,27,88.33
2080,3,28,93.67
2080,3,29,95.20
2080,3,30,95.20
2080,3,31,94.24
2080,4,1,93.05
2080,4,2,92.20
2080,4,3,90.68
2080,4,4,95.20
2080,4,5,95.20
2080,4,6,95.20
2080,4,7,93.68
2080,4,8,91.82
2080,4,9,89.89
2080,4,10,88.25
2080,4,11,86.46
2080,4,12,84.77
2080,4,13,82.75
2080,4,14,80.52
2080,4,15,78.07
2080,4,16,75.95
2080,4,17,74.05
2080,4,18,72.85
2080,4,19,70.93
2080,4,20,68.52
2080,4,21,65.53
2080,4,22,75.75
2080,4,23,74.06
2080,4,24,71.92
2080,4,25,68.72
2080,4,26,64.34
2080,4,27,59.40
2080,4,28,54.84
2080,4,29,51.25
2080,4,30,48.03
2080,5,1,45.79
2080,5,2,44.04
2080,5,3,48.17
2080,5,4,49.34
2080,5,5,51.05
2080,5,6,56.37
2080,5,7,57.14
2080,5,8,53.64
2080,5,9,50.02
2080,5,10,47.35
2080,5,11,44.23
2080,5,12,41.63
2080,5,13,39.63
2080,5,14,37.26
2080,5,15,33.61
2080,5,16,30.89
2080,5,17,30.82
2080,5,18,33.91
2080,5,19,36.56
2080,5,20,33.05
2080,5,21,30.82
2080,5,22,28.78
2080,5,23,32.93
2080,5,24,48.27
2080,5,25,62.40
2080,5,26,73.96
2080,5,27,70.57
2080,5,28,67.93
2080,5,29,65.50
2080,5,30,62.63
2080,5,31,59.62
2080,6,1,56.65
2080,6,2,56.02
2080,6,3,51.48
2080,6,4,48.13
2080,6,5,56.65
2080,6,6,61.64
2080,6,7,57.45
2080,6,8,53.74
2080,6,9,50.74
2080,6,10,48.44
2080,6,11,48.25
2080,6,12,46.63
2080,6,13,46.08
2080,6,14,41.10
2080,6,15,37.50
2080,6,16,45.26
2080,6,17,64.85
2080,6,18,70.60
2080,6,19,66.20
2080,6,20,61.70
2080,6,21,59.03
2080,6,22,57.08
2080,6,23,53.69
2080,6,24,49.90
2080,6,25,45.07
2080,6,26,41.05
2080,6,27,37.06
2080,6,28,33.24
2080,6,29,30.18
2080,6,30,26.93
2080,7,1,22.98
2080,7,2,19.73
2080,7,3,16.27
2080,7,4,13.13
2080,7,5,16.26
2080,7,6,13.76
2080,7,7,11.27
2080,7,8,9.23
2080,7,9,7.30
2080,7,10,5.90
2080,7,11,4.65
2080,7,12,4.07
2080,7,13,12.84
2080,7,14,23.96
2080,7,15,28.51
2080,7,16,25.87
2080,7,17,23.75
2080,7,18,19.06
2080,7,19,14.82
2080,7,20,11.55
2080,7,21,8.91
2080,7,22,8.47
2080,7,23,7.71
2080,7,24,7.01
2080,7,25,9.44
2080,7,26,10.07
2080,7,27,8.21
2080,7,28,7.46
2080,7,29,6.16
2080,7,30,4.26
2080,7,31,2.71
2080,8,1,1.92
2080,8,2,8.87
2080,8,3,15.01
2080,8,4,24.87
2080,8,5,41.76
2080,8,6,57.67
2080,8,7,64.06
2080,8,8,76.46
2080,8,9,94.84
2080,8,10,95.20
2080,8,11,91.42
2080,8,12,90.26
2080,8,13,85.45
2080,8,14,80.31
2080,8,15,76.87
2080,8,16,71.83
2080,8,17,68.91
2080,8,18,69.10
2080,8,19,67.88
2080,8,20,64.38
2080,8,21,60.15
2080,8,22,56.10
2080,8,23,52.40
2080,8,24,57.44
2080,8,25,60.70
2080,8,26,63.82
2080,8,27,66.84
2080,8,28,63.29
2080,8,29,61.86
2080,8,30,57.44
2080,8,31,53.68
2080,9,1,50.10
2080,9,2,49.27
2080,9,3,45.37
2080,9,4,41.60
2080,9,5,38.12
2080,9,6,34.02
2080,9,7,29.66
2080,9,8,27.08
2080,9,9,27.55
2080,9,10,26.74
2080,9,11,24.27
2080,9,12,21.69
2080,9,13,19.33
2080,9,14,21.64
2080,9,15,24.38
2080,9,16,30.58
2080,9,17,28.51
2080,9,18,26.72
2080,9,19,24.71
2080,9,20,22.17
2080,9,21,19.53
2080,9,22,17.52
2080,9,23,16.20
2080,9,24,13.88
2080,9,25,13.06
2080,9,26,12.43
2080,9,27,20.38
2080,9,28,46.63
2080,9,29,61.97
2080,9,30,66.70
2080,10,1,71.16
2080,10,2,90.28
2080,10,3,92.14
2080,10,4,90.43
2080,10,5,88.96
2080,10,6,87.56
2080,10,7,86.21
2080,10,8,95.20
2080,10,9,95.20
2080,10,10,95.20
2080,10,11,93.47
2080,10,12,92.08
2080,10,13,90.41
2080,10,14,91.32
2080,10,15,95.20
2080,10,16,95.20
2080,10,17,95.20
2080,10,18,93.26
2080,10,19,91.35
2080,10,20,90.05
2080,10,21,92.97
2080,10,22,91.40
2080,10,23,90.15
2080,10,24,95.20
2080,10,25,95.20
2080,10,26,94.34
2080,10,27,95.20
2080,10,28,95.20
2080,10,29,95.20
2080,10,30,95.20
2080,10,31,93.97
2080,11,1,92.41
2080,11,2,91.30
2080,11,3,89.98
2080,11,4,88.54
2080,11,5,87.16
2080,11,6,87.93
2080,11,7,87.49
2080,11,8,95.20
2080,11,9,95.20
2080,11,10,95.20
2080,11,11,95.20
2080,11,12,95.20
2080,11,13,95.20
2080,11,14,95.04
2080,11,15,95.20
2080,11,16,94.40
2080,11,17,93.54
2080,11,18,92.59
2080,11,19,95.20
2080,11,20,95.20
2080,11,21,93.97
2080,11,22,93.48
2080,11,23,93.32
2080,11,24,92.07
2080,11,25,91.56
2080,11,26,91.20
2080,11,27,95.20
2080,11,28,94.21
2080,11,29,94.89
2080,11,30,93.84
2080,12,1,93.11
2080,12,2,93.11
2080,12,3,91.89
2080,12,4,91.11
2080,12,5,95.20
2080,12,6,95.20
2080,12,7,95.20
2080,12,8,94.68
2080,12,9,94.14
2080,12,10,93.66
2080,12,11,95.20
2080,12,12,94.48
2080,12,13,93.56
2080,12,14,92.79
2080,12,15,92.31
2080,12,16,91.78
2080,12,17,95.20
2080,12,18,94.61
2080,12,19,94.06
2080,12,20,93.63
2080,12,21,93.03
2080,12,22,92.36
2080,12,23,91.68
2080,12,24,90.83
2080,12,25,90.11
2080,12,26,92.96
2080,12,27,92.22
2080,12,28,91.47
2080,12,29,91.61
2080,12,30,95.20
2080,12,31,94.64
2081,1,1,94.23
2081,1,2,95.20
2081,1,3,95.20
2081,1,4,94.41
2081,1,5,93.97
2081,1,6,93.44
2081,1,7,92.66
2081,1,8,95.20
2081,1,9,95.20
2081,1,10,94.48
2081,1,11,95.20
2081,1,12,95.20
2081,1,13,95.20
2081,1,14,95.20
2081,1,15,95.20
2081,1,16,95.20
2081,1,17,94.43
2081,1,18,93.89
2081,1,19,95.20
2081,1,20,95.20
2081,1,21,94.65
2081,1,22,95.20
2081,1,23,94.31
2081,1,24,95.20
2081,1,25,95.20
2081,1,26,94.60
2081,1,27,94.20
2081,1,28,93.61
2081,1,29,95.08
2081,1,30,94.86
2081,1,31,94.21
2081,2,1,93.67
2081,2,2,93.37
2081,2,3,95.20
2081,2,4,94.68
2081,2,5,94.12
2081,2,6,95.20
2081,2,7,95.20
2081,2,8,95.20
2081,2,9,95.20
2081,2,10,94.28
2081,2,11,93.51
2081,2,12,92.91
2081,2,13,94.81
2081,2,14,95.19
2081,2,15,95.20
2081,2,16,94.67
2081,2,17,93.54
2081,2,18,92.23
2081,2,19,95.14
2081,2,20,95.20
2081,2,21,95.20
2081,2,22,95.20
2081,2,23,94.36
2081,2,24,93.80
2081,2,25,95.20
2081,2,26,95.20
2081,2,27,95.20
2081,2,28,94.36
2081,3,1,93.55
2081,3,2,95.20
2081,3,3,95.20
2081,3,4,95.20
2081,3,5,95.20
2081,3,6,94.57
2081,3,7,95.20
2081,3,8,95.20
2081,3,9,94.17
2081,3,10,95.20
2081,3,11,94.46
2081,3,12,93.81
2081,3,13,94.04
2081,3,14,93.44
2081,3,15,92.80
2081,3,16,92.07
2081,3,17,95.20
2081,3,18,95.20
2081,3,19,94.52
2081,3,20,93.92
2081,3,21,93.19
2081,3,22,95.20
2081,3,23,95.20
2081,3,24,95.20
2081,3,25,94.46
2081,3,26,93.64
2081,3,27,92.87
2081,3,28,91.73
2081,3,29,90.73
2081,3,30,95.20
2081,3,31,95.20
2081,4,1,95.20
2081,4,2,94.02
2081,4,3,92.79
2081,4,4,92.87
2081,4,5,95.20
2081,4,6,95.20
2081,4,7,93.74
2081,4,8,92.76
2081,4,9,91.55
2081,4,10,90.09
2081,4,11,94.20
2081,4,12,95.20
2081,4,13,93.81
2081,4,14,92.54
2081,4,15,95.20
2081,4,16,95.20
2081,4,17,95.20
2081,4,18,92.98
2081,4,19,91.53
2081,4,20,91.68
2081,4,21,90.95
2081,4,22,90.49
2081,4,23,89.03
2081,4,24,87.01
2081,4,25,84.85
2081,4,26,81.96
2081,4,27,85.83
2081,4,28,95.20
2081,4,29,95.20
2081,4,30,94.17
2081,5,1,91.91
2081,5,2,89.31
2081,5,3,87.23
2081,5,4,90.13
2081,5,5,90.26
2081,5,6,91.82
2081,5,7,93.25
2081,5,8,89.37
2081,5,9,87.16
2081,5,10,84.86
2081,5,11,82.49
2081,5,12,80.33
2081,5,13,77.62
2081,5,14,76.38
2081,5,15,91.96
2081,5,16,95.20
2081,5,17,95.20
2081,5,18,93.53
2081,5,19,90.84
2081,5,20,87.64
2081,5,21,84.10
2081,5,22,80.96
2081,5,23,78.04
2081,5,24,75.22
2081,5,25,71.19
2081,5,26,67.56
2081,5,27,65.64
2081,5,28,60.05
2081,5,29,55.19
2081,5,30,50.25
2081,5,31,45.13
2081,6,1,40.63
2081,6,2,37.12
2081,6,3,33.23
2081,6,4,30.42
2081,6,5,27.88
2081,6,6,40.47
2081,6,7,51.56
2081,6,8,48.38
2081,6,9,45.54
2081,6,10,41.94
2081,6,11,40.37
2081,6,12,37.78
2081,6,13,33.80
2081,6,14,30.42
2081,6,15,28.17
2081,6,16,26.38
2081,6,17,23.80
2081,6,18,20.97
2081,6,19,20.88
2081,6,20,34.30
2081,6,21,35.08
2081,6,22,30.95
2081,6,23,26.44
2081,6,24,22.74
2081,6,25,19.19
2081,6,26,15.20
2081,6,27,12.57
2081,6,28,9.71
2081,6,29,7.30
2081,6,30,5.66
2081,7,1,4.07
2081,7,2,4.00
2081,7,3,22.70
2081,7,4,55.89
2081,7,5,54.06
2081,7,6,49.71
2081,7,7,44.18
2081,7,8,39.07
2081,7,9,34.65
2081,7,10,30.04
2081,7,11,27.07
2081,7,12,43.49
2081,7,13,49.47
2081,7,14,44.72
2081,7,15,43.46
2081,7,16,39.56
2081,7,17,34.93
2081,7,18,30.70
2081,7,19,26.78
2081,7,20,22.64
2081,7,21,20.89
2081,7,22,19.94
2081,7,23,16.78
2081,7,24,14.02
2081,7,25,13.00
2081,7,26,11.12
2081,7,27,9.08
2081,7,28,6.92
2081,7,29,5.46
2081,7,30,5.30
2081,7,31,4.48
2081,8,1,4.19
2081,8,2,3.10
2081,8,3,2.29
2081,8,4,2.19
2081,8,5,1.98
2081,8,6,1.57
2081,8,7,1.36
2081,8,8,1.02
2081,8,9,0.78
2081,8,10,0.62
2081,8,11,0.47
2081,8,12,0.35
2081,8,13,0.26
2081,8,14,0.21
2081,8,15,0.19
2081,8,16,0.51
2081,8,17,0.42
2081,8,18,0.31
2081,8,19,0.22
2081,8,20,0.18
2081,8,21,0.14
2081,8,22,0.12
2081,8,23,0.10
2081,8,24,0.08
2081,8,25,0.07
2081,8,26,0.05
2081,8,27,1.68
2081,8,28,1.42
2081,8,29,1.21
2081,8,30,1.01
2081,8,31,0.84
2081,9,1,0.66
2081,9,2,0.51
2081,9,3,0.44
2081,9,4,0.36
2081,9,5,0.34
2081,9,6,3.98
2081,9,7,3.79
2081,9,8,3.32
2081,9,9,2.87
2081,9,10,2.38
2081,9,11,2.05
2081,9,12,1.77
2081,9,13,6.04
2081,9,14,22.85
2081,9,15,28.06
2081,9,16,28.12
2081,9,17,29.88
2081,9,18,41.32
2081,9,19,40.48
2081,9,20,38.46
2081,9,21,36.58
2081,9,22,34.27
2081,9,23,31.79
2081,9,24,29.37
2081,9,25,27.79
2081,9,26,26.49
2081,9,27,24.72
2081,9,28,23.43
2081,9,29,22.09
2081,9,30,20.41
2081,10,1,18.62
2081,10,2,17.53
2081,10,3,16.51
2081,10,4,15.35
2081,10,5,14.50
2081,10,6,17.41
2081,10,7,22.83
2081,10,8,21.97
2081,10,9,21.16
2081,10,10,25.00
2081,10,11,25.45
2081,10,12,24.08
2081,10,13,22.60
2081,10,14,20.97
2081,10,15,19.68
2081,10,16,18.16
2081,10,17,16.48
2081,10,18,14.97
2081,10,19,13.54
2081,10,20,12.33
2081,10,21,11.62
2081,10,22,10.82
2081,10,23,10.33
2081,10,24,9.82
2081,10,25,9.02
2081,10,26,18.43
2081,10,27,29.96
2081,10,28,50.23
2081,10,29,77.61
2081,10,30,95.20
2081,10,31,95.20
2081,11,1,93.71
2081,11,2,92.08
2081,11,3,90.71
2081,11,4,95.20
2081,11,5,93.86
2081,11,6,92.58
2081,11,7,91.53
2081,11,8,90.26
2081,11,9,88.48
2081,11,10,88.05
2081,11,11,87.34
2081,11,12,86.53
2081,11,13,89.63
2081,11,14,88.79
2081,11,15,87.35
2081,11,16,87.14
2081,11,17,85.77
2081,11,18,84.50
2081,11,19,83.18
2081,11,20,81.81
2081,11,21,95.20
2081,11,22,95.20
2081,11,23,95.20
2081,11,24,95.20
2081,11,25,95.20
2081,11,26,95.20
2081,11,27,94.08
2081,11,28,93.15
2081,11,29,93.38
2081,11,30,94.83
2081,12,1,95.20
2081,12,2,95.20
2081,12,3,95.20
2081,12,4,93.95
2081,12,5,93.20
2081,12,6,92.49
2081,12,7,91.71
2081,12,8,91.16
2081,12,9,90.59
2081,12,10,89.85
2081,12,11,95.20
2081,12,12,95.20
2081,12,13,95.20
2081,12,14,95.20
2081,12,15,95.20
2081,12,16,94.62
2081,12,17,93.99
2081,12,18,95.20
2081,12,19,95.20
2081,12,20,94.68
2081,12,21,94.15
2081,12,22,93.73
2081,12,23,93.27
2081,12,24,92.63
2081,12,25,95.20
2081,12,26,95.20
2081,12,27,94.66
2081,12,28,94.25
2081,12,29,93.86
2081,12,30,93.48
2081,12,31,92.89
2082,1,1,95.20
2082,1,2,95.20
2082,1,3,95.20
2082,1,4,95.20
2082,1,5,95.20
2082,1,6,95.20
2082,1,7,95.20
2082,1,8,94.37
2082,1,9,93.43
2082,1,10,92.49
2082,1,11,95.03
2082,1,12,94.36
2082,1,13,94.03
2082,1,14,93.49
2082,1,15,92.95
2082,1,16,92.39
2082,1,17,91.95
2082,1,18,91.23
2082,1,19,90.36
2082,1,20,95.20
2082,1,21,95.20
2082,1,22,94.56
2082,1,23,93.92
2082,1,24,93.35
2082,1,25,95.20
2082,1,26,95.20
2082,1,27,94.70
2082,1,28,94.12
2082,1,29,93.49
2082,1,30,92.88
2082,1,31,94.64
2082,2,1,94.04
2082,2,2,95.20
2082,2,3,94.32
2082,2,4,93.63
2082,2,5,93.13
2082,2,6,92.64
2082,2,7,92.14
2082,2,8,91.59
2082,2,9,91.03
2082,2,10,90.53
2082,2,11,95.20
2082,2,12,95.20
2082,2,13,95.20
2082,2,14,95.20
2082,2,15,95.20
2082,2,16,94.74
2082,2,17,94.37
2082,2,18,93.98
2082,2,19,93.48
2082,2,20,92.84
2082,2,21,95.09
2082,2,22,94.02
2082,2,23,92.90
2082,2,24,95.20
2082,2,25,95.20
2082,2,26,94.47
2082,2,27,95.20
2082,2,28,94.42
2082,3,1,95.20
2082,3,2,94.54
2082,3,3,93.88
2082,3,4,93.22
2082,3,5,92.59
2082,3,6,95.20
2082,3,7,95.20
2082,3,8,95.20
2082,3,9,95.20
2082,3,10,94.03
2082,3,11,93.22
2082,3,12,92.28
2082,3,13,95.20
2082,3,14,95.20
2082,3,15,93.92
2082,3,16,92.70
2082,3,17,91.67
2082,3,18,91.05
2082,3,19,90.13
2082,3,20,88.83
2082,3,21,87.01
2082,3,22,89.93
2082,3,23,94.31
2082,3,24,93.96
2082,3,25,92.73
2082,3,26,91.46
2082,3,27,90.46
2082,3,28,89.79
2082,3,29,88.80
2082,3,30,87.02
2082,3,31,86.73
2082,4,1,89.71
2082,4,2,88.89
2082,4,3,88.11
2082,4,4,86.91
2082,4,5,87.49
2082,4,6,89.07
2082,4,7,89.07
2082,4,8,95.20
2082,4,9,95.20
2082,4,10,95.20
2082,4,11,93.66
2082,4,12,92.19
2082,4,13,90.68
2082,4,14,89.02
2082,4,15,88.37
2082,4,16,95.20
2082,4,17,93.58
2082,4,18,92.18
2082,4,19,90.64
2082,4,20,88.57
2082,4,21,86.95
2082,4,22,85.32
2082,4,23,83.89
2082,4,24,82.49
2082,4,25,80.46
2082,4,26,76.62
2082,4,27,72.83
2082,4,28,69.94
2082,4,29,67.98
2082,4,30,73.92
2082,5,1,86.10
2082,5,2,82.67
2082,5,3,79.73
2082,5,4,76.56
2082,5,5,78.12
2082,5,6,75.30
2082,5,7,72.65
2082,5,8,69.60
2082,5,9,66.12
2082,5,10,64.93
2082,5,11,62.48
2082,5,12,66.03
2082,5,13,68.86
2082,5,14,66.21
2082,5,15,63.63
2082,5,16,61.08
2082,5,17,58.25
2082,5,18,55.67
2082,5,19,53.34
2082,5,20,52.53
2082,5,21,54.29
2082,5,22,54.18
2082,5,23,51.79
2082,5,24,48.42
2082,5,25,42.70
2082,5,26,38.18
2082,5,27,40.18
2082,5,28,36.99
2082,5,29,34.37
2082,5,30,30.28
2082,5,31,26.98
2082,6,1,23.56
2082,6,2,18.72
2082,6,3,16.22
2082,6,4,14.34
2082,6,5,12.19
2082,6,6,10.08
2082,6,7,7.97
2082,6,8,6.20
2082,6,9,4.67
2082,6,10,3.45
2082,6,11,2.64
2082,6,12,2.00
2082,6,13,1.69
2082,6,14,1.54
2082,6,15,1.33
2082,6,16,1.15
2082,6,17,0.95
2082,6,18,0.76
2082,6,19,0.70
2082,6,20,0.55
2082,6,21,0.43
2082,6,22,0.31
2082,6,23,1.77
2082,6,24,1.45
2082,6,25,1.09
2082,6,26,0.82
2082,6,27,0.55
2082,6,28,11.77
2082,6,29,19.46
2082,6,30,16.41
2082,7,1,19.73
2082,7,2,22.34
2082,7,3,20.72
2082,7,4,21.72
2082,7,5,43.15
2082,7,6,40.07
2082,7,7,35.65
2082,7,8,31.99
2082,7,9,30.04
2082,7,10,40.56
2082,7,11,44.25
2082,7,12,66.05
2082,7,13,86.49
2082,7,14,82.26
2082,7,15,78.21
2082,7,16,75.39
2082,7,17,71.22
2082,7,18,66.27
2082,7,19,61.98
2082,7,20,57.80
2082,7,21,53.47
2082,7,22,49.36
2082,7,23,45.68
2082,7,24,46.58
2082,7,25,43.63
2082,7,26,39.72
2082,7,27,36.18
2082,7,28,35.22
2082,7,29,34.29
2082,7,30,30.38
2082,7,31,25.79
2082,8,1,23.72
2082,8,2,21.04
2082,8,3,18.49
2082,8,4,16.16
2082,8,5,13.72
2082,8,6,18.66
2082,8,7,18.62
2082,8,8,16.47
2082,8,9,14.57
2082,8,10,14.57
2082,8,11,14.02
2082,8,12,11.43
2082,8,13,9.77
2082,8,14,16.01
2082,8,15,40.25
2082,8,16,61.54
2082,8,17,58.24
2082,8,18,54.74
2082,8,19,52.46
2082,8,20,52.72
2082,8,21,56.78
2082,8,22,74.20
2082,8,23,70.91
2082,8,24,68.40
2082,8,25,68.03
2082,8,26,65.73
2082,8,27,61.69
2082,8,28,57.60
2082,8,29,53.86
2082,8,30,50.12
2082,8,31,46.54
2082,9,1,42.32
2082,9,2,38.57
2082,9,3,37.57
2082,9,4,44.96
2082,9,5,42.19
2082,9,6,39.03
2082,9,7,39.67
2082,9,8,53.93
2082,9,9,50.51
2082,9,10,47.45
2082,9,11,44.47
2082,9,12,41.00
2082,9,13,37.58
2082,9,14,33.93
2082,9,15,35.76
2082,9,16,34.16
2082,9,17,32.33
2082,9,18,40.54
2082,9,19,60.22
2082,9,20,73.04
2082,9,21,70.68
2082,9,22,68.37
2082,9,23,65.77
2082,9,24,63.09
2082,9,25,67.08
2082,9,26,71.79
2082,9,27,73.57
2082,9,28,81.32
2082,9,29,95.20
2082,9,30,95.20
2082,10,1,93.04
2082,10,2,91.31
2082,10,3,89.97
2082,10,4,88.58
2082,10,5,89.07
2082,10,6,95.20
2082,10,7,95.20
2082,10,8,93.29
2082,10,9,91.25
2082,10,10,88.42
2082,10,11,85.95
2082,10,12,83.78
2082,10,13,81.85
2082,10,14,79.98
2082,10,15,79.51
2082,10,16,79.23
2082,10,17,82.05
2082,10,18,95.20
2082,10,19,95.20
2082,10,20,93.52
2082,10,21,92.97
2082,10,22,93.85
2082,10,23,91.38
2082,10,24,89.98
2082,10,25,87.41
2082,10,26,84.87
2082,10,27,82.08
2082,10,28,80.48
2082,10,29,88.55
2082,10,30,95.20
2082,10,31,95.20
2082,11,1,95.20
2082,11,2,93.26
2082,11,3,91.45
2082,11,4,90.71
2082,11,5,89.86
2082,11,6,90.32
2082,11,7,95.20
2082,11,8,93.74
2082,11,9,93.23
2082,11,10,91.58
2082,11,11,90.22
2082,11,12,88.73
2082,11,13,86.46
2082,11,14,93.69
2082,11,15,92.16
2082,11,16,90.88
2082,11,17,91.54
2082,11,18,95.07
2082,11,19,95.04
2082,11,20,94.31
2082,11,21,93.45
2082,11,22,92.50
2082,11,23,91.72
2082,11,24,91.48
2082,11,25,90.48
2082,11,26,89.45
2082,11,27,88.20
2082,11,28,87.08
2082,11,29,85.70
2082,11,30,84.11
2082,12,1,82.68
2082,12,2,83.57
2082,12,3,82.72
2082,12,4,82.10
2082,12,5,81.54
2082,12,6,95.20
2082,12,7,95.20
2082,12,8,94.53
2082,12,9,94.02
2082,12,10,93.41
2082,12,11,95.20
2082,12,12,95.20
2082,12,13,95.20
2082,12,14,94.64
2082,12,15,95.20
2082,12,16,94.65
2082,12,17,94.10
2082,12,18,93.56
2082,12,19,95.20
2082,12,20,95.20
2082,12,21,94.67
2082,12,22,94.15
2082,12,23,93.66
2082,12,24,95.20
2082,12,25,95.20
2082,12,26,94.41
2082,12,27,93.75
2082,12,28,93.09
2082,12,29,95.20
2082,12,30,95.20
2082,12,31,95.20
2083,1,1,95.20
2083,1,2,95.20
2083,1,3,94.47
2083,1,4,95.20
2083,1,5,95.20
2083,1,6,94.59
2083,1,7,93.97
2083,1,8,95.20
2083,1,9,95.20
2083,1,10,94.59
2083,1,11,93.95
2083,1,12,93.04
2083,1,13,92.00
2083,1,14,95.20
2083,1,15,95.20
2083,1,16,94.38
2083,1,17,93.59
2083,1,18,92.53
2083,1,19,91.03
2083,1,20,89.31
2083,1,21,95.20
2083,1,22,94.55
2083,1,23,93.95
2083,1,24,93.39
2083,1,25,92.87
2083,1,26,92.34
2083,1,27,91.68
2083,1,28,91.74
2083,1,29,91.24
2083,1,30,90.67
2083,1,31,89.97
2083,2,1,93.42
2083,2,2,92.74
2083,2,3,92.12
2083,2,4,95.20
2083,2,5,95.20
2083,2,6,94.44
2083,2,7,93.79
2083,2,8,93.18
2083,2,9,95.20
2083,2,10,95.20
2083,2,11,95.20
2083,2,12,94.53
2083,2,13,93.30
2083,2,14,93.53
2083,2,15,95.20
2083,2,16,95.20
2083,2,17,93.39
2083,2,18,95.20
2083,2,19,94.64
2083,2,20,94.01
2083,2,21,93.53
2083,2,22,95.20
2083,2,23,95.20
2083,2,24,95.20
2083,2,25,94.55
2083,2,26,95.20
2083,2,27,95.20
2083,2,28,95.20
2083,3,1,94.37
2083,3,2,93.52
2083,3,3,92.45
2083,3,4,91.47
2083,3,5,95.20
2083,3,6,94.49
2083,3,7,93.88
2083,3,8,93.18
2083,3,9,95.20
2083,3,10,94.11
2083,3,11,92.65
2083,3,12,91.02
2083,3,13,93.99
2083,3,14,92.62
2083,3,15,91.37
2083,3,16,90.65
2083,3,17,90.57
2083,3,18,89.23
2083,3,19,87.68
2083,3,20,86.15
2083,3,21,84.40
2083,3,22,83.11
2083,3,23,81.98
2083,3,24,80.86
2083,3,25,79.48
2083,3,26,78.21
2083,3,27,78.76
2083,3,28,81.56
2083,3,29,80.78
2083,3,30,84.25
2083,3,31,87.99
2083,4,1,86.95
2083,4,2,95.20
2083,4,3,94.56
2083,4,4,92.92
2083,4,5,91.05
2083,4,6,89.15
2083,4,7,90.90
2083,4,8,95.20
2083,4,9,95.20
2083,4,10,95.20
2083,4,11,95.20
2083,4,12,95.20
2083,4,13,95.20
2083,4,14,95.20
2083,4,15,95.20
2083,4,16,93.55
2083,4,17,91.54
2083,4,18,88.67
2083,4,19,85.97
2083,4,20,88.86
2083,4,21,89.94
2083,4,22,94.96
2083,4,23,93.26
2083,4,24,91.77
2083,4,25,95.20
2083,4,26,95.20
2083,4,27,95.20
2083,4,28,92.67
2083,4,29,93.93
2083,4,30,91.67
2083,5,1,91.59
2083,5,2,89.51
2083,5,3,87.26
2083,5,4,84.61
2083,5,5,85.85
2083,5,6,92.44
2083,5,7,89.96
2083,5,8,88.17
2083,5,9,86.44
2083,5,10,85.32
2083,5,11,83.63
2083,5,12,79.78
2083,5,13,76.67
2083,5,14,90.03
2083,5,15,95.20
2083,5,16,92.10
2083,5,17,89.22
2083,5,18,86.64
2083,5,19,84.19
2083,5,20,81.11
2083,5,21,76.43
2083,5,22,70.78
2083,5,23,66.17
2083,5,24,61.75
2083,5,25,57.76
2083,5,26,54.82
2083,5,27,53.33
2083,5,28,50.39
2083,5,29,46.31
2083,5,30,42.50
2083,5,31,38.98
2083,6,1,42.95
2083,6,2,46.11
2083,6,3,41.03
2083,6,4,37.83
2083,6,5,35.11
2083,6,6,34.31
2083,6,7,36.06
2083,6,8,32.98
2083,6,9,29.30
2083,6,10,26.40
2083,6,11,23.92
2083,6,12,23.51
2083,6,13,25.64
2083,6,14,22.64
2083,6,15,19.77
2083,6,16,16.91
2083,6,17,14.07
2083,6,18,11.99
2083,6,19,10.17
2083,6,20,8.27
2083,6,21,7.98
2083,6,22,6.39
2083,6,23,4.85
2083,6,24,3.52
2083,6,25,2.65
2083,6,26,2.13
2083,6,27,1.75
2083,6,28,1.38
2083,6,29,1.02
2083,6,30,0.95
2083,7,1,0.86
2083,7,2,0.63
2083,7,3,0.51
2083,7,4,0.42
2083,7,5,3.70
2083,7,6,2.73
2083,7,7,2.17
2083,7,8,1.73
2083,7,9,1.38
2083,7,10,1.14
2083,7,11,0.94
2083,7,12,0.68
2083,7,13,0.55
2083,7,14,0.39
2083,7,15,0.27
2083,7,16,0.18
2083,7,17,0.15
2083,7,18,9.63
2083,7,19,11.52
2083,7,20,9.20
2083,7,21,9.28
2083,7,22,23.37
2083,7,23,20.59
2083,7,24,18.11
2083,7,25,30.00
2083,7,26,26.63
2083,7,27,22.19
2083,7,28,18.53
2083,7,29,15.69
2083,7,30,20.54
2083,7,31,23.83
2083,8,1,20.13
2083,8,2,16.82
2083,8,3,13.38
2083,8,4,9.96
2083,8,5,7.00
2083,8,6,4.90
2083,8,7,4.13
2083,8,8,7.43
2083,8,9,11.36
2083,8,10,9.97
2083,8,11,7.93
2083,8,12,6.59
2083,8,13,5.47
2083,8,14,4.39
2083,8,15,3.57
2083,8,16,3.29
2083,8,17,8.97
2083,8,18,9.38
2083,8,19,7.53
2083,8,20,5.88
2083,8,21,4.59
2083,8,22,4.22
2083,8,23,13.82
2083,8,24,11.75
2083,8,25,9.96
2083,8,26,8.44
2083,8,27,7.02
2083,8,28,6.14
2083,8,29,5.91
2083,8,30,5.04
2083,8,31,4.56
2083,9,1,4.17
2083,9,2,3.64
2083,9,3,3.03
2083,9,4,2.44
2083,9,5,1.98
2083,9,6,1.42
2083,9,7,1.04
2083,9,8,0.84
2083,9,9,0.70
2083,9,10,0.60
2083,9,11,0.50
2083,9,12,0.40
2083,9,13,0.34
2083,9,14,0.30
2083,9,15,26.14
2083,9,16,46.37
2083,9,17,45.33
2083,9,18,42.21
2083,9,19,39.58
2083,9,20,37.80
2083,9,21,36.22
2083,9,22,34.87
2083,9,23,33.80
2083,9,24,32.51
2083,9,25,31.38
2083,9,26,29.79
2083,9,27,28.10
2083,9,28,26.10
2083,9,29,23.94
2083,9,30,21.88
2083,10,1,19.87
2083,10,2,22.07
2083,10,3,37.83
2083,10,4,36.83
2083,10,5,35.51
2083,10,6,35.04
2083,10,7,34.29
2083,10,8,33.19
2083,10,9,34.24
2083,10,10,32.53
2083,10,11,30.39
2083,10,12,28.81
2083,10,13,27.70
2083,10,14,26.54
2083,10,15,25.44
2083,10,16,24.17
2083,10,17,23.15
2083,10,18,22.18
2083,10,19,20.90
2083,10,20,19.49
2083,10,21,18.15
2083,10,22,26.35
2083,10,23,26.06
2083,10,24,25.20
2083,10,25,24.69
2083,10,26,24.01
2083,10,27,23.38
2083,10,28,22.67
2083,10,29,21.60
2083,10,30,20.53
2083,10,31,20.25
2083,11,1,19.43
2083,11,2,18.49
2083,11,3,17.37
2083,11,4,18.70
2083,11,5,38.40
2083,11,6,61.66
2083,11,7,66.64
2083,11,8,75.26
2083,11,9,74.42
2083,11,10,72.86
2083,11,11,71.30
2083,11,12,69.82
2083,11,13,68.80
2083,11,14,69.00
2083,11,15,68.73
2083,11,16,67.87
2083,11,17,67.15
2083,11,18,69.05
2083,11,19,68.46
2083,11,20,74.26
2083,11,21,73.59
2083,11,22,77.70
2083,11,23,84.43
2083,11,24,82.95
2083,11,25,81.82
2083,11,26,81.26
2083,11,27,81.07
2083,11,28,79.76
2083,11,29,85.11
2083,11,30,95.20
2083,12,1,95.20
2083,12,2,95.20
2083,12,3,95.20
2083,12,4,94.98
2083,12,5,94.09
2083,12,6,95.20
2083,12,7,95.20
2083,12,8,94.21
2083,12,9,95.20
2083,12,10,95.20
2083,12,11,94.48
2083,12,12,93.82
2083,12,13,94.09
2083,12,14,95.20
2083,12,15,95.20
2083,12,16,94.40
2083,12,17,93.71
2083,12,18,93.07
2083,12,19,93.86
2083,12,20,94.25
2083,12,21,93.31
2083,12,22,92.65
2083,12,23,92.01
2083,12,24,91.22
2083,12,25,90.39
2083,12,26,89.54
2083,12,27,88.53
2083,12,28,87.22
2083,12,29,90.56
2083,12,30,90.00
2083,12,31,89.43
2084,1,1,90.93
2084,1,2,90.16
2084,1,3,91.60
2084,1,4,92.02
2084,1,5,92.87
2084,1,6,92.25
2084,1,7,91.77
2084,1,8,91.30
2084,1,9,90.74
2084,1,10,90.18
2084,1,11,89.60
2084,1,12,95.20
2084,1,13,95.20
2084,1,14,94.43
2084,1,15,95.20
2084,1,16,95.20
2084,1,17,95.20
2084,1,18,95.20
2084,1,19,94.42
2084,1,20,93.70
2084,1,21,94.83
2084,1,22,94.08
2084,1,23,93.54
2084,1,24,92.86
2084,1,25,95.20
2084,1,26,95.20
2084,1,27,95.20
2084,1,28,95.20
2084,1,29,94.52
2084,1,30,94.15
2084,1,31,93.71
2084,2,1,93.18
2084,2,2,92.60
2084,2,3,91.97
2084,2,4,91.45
2084,2,5,95.20
2084,2,6,94.64
2084,2,7,94.46
2084,2,8,93.89
2084,2,9,93.40
2084,2,10,92.90
2084,2,11,92.50
2084,2,12,91.95
2084,2,13,91.52
2084,2,14,91.29
2084,2,15,90.98
2084,2,16,90.46
2084,2,17,95.20
2084,2,18,95.20
2084,2,19,95.20
2084,2,20,95.20
2084,2,21,94.41
2084,2,22,93.66
2084,2,23,92.93
2084,2,24,95.20
2084,2,25,95.20
2084,2,26,95.20
2084,2,27,94.28
2084,2,28,92.16
2084,2,29,95.20
2084,3,1,95.20
2084,3,2,95.20
2084,3,3,94.62
2084,3,4,95.20
2084,3,5,95.20
2084,3,6,94.55
2084,3,7,93.82
2084,3,8,93.03
2084,3,9,95.20
2084,3,10,94.17
2084,3,11,93.09
2084,3,12,95.20
2084,3,13,95.20
2084,3,14,94.08
2084,3,15,92.88
2084,3,16,95.20
2084,3,17,95.20
2084,3,18,94.24
2084,3,19,95.20
2084,3,20,95.20
2084,3,21,94.33
2084,3,22,95.20
2084,3,23,95.20
2084,3,24,94.31
2084,3,25,93.43
2084,3,26,92.45
2084,3,27,91.53
2084,3,28,95.20
2084,3,29,95.20
2084,3,30,95.20
2084,3,31,94.51
2084,4,1,93.11
2084,4,2,92.67
2084,4,3,91.19
2084,4,4,89.74
2084,4,5,88.20
2084,4,6,86.13
2084,4,7,83.82
2084,4,8,82.69
2084,4,9,80.35
2084,4,10,80.95
2084,4,11,80.02
2084,4,12,77.99
2084,4,13,76.35
2084,4,14,74.53
2084,4,15,74.99
2084,4,16,84.66
2084,4,17,85.34
2084,4,18,83.74
2084,4,19,83.85
2084,4,20,83.54
2084,4,21,81.92
2084,4,22,81.06
2084,4,23,79.76
2084,4,24,78.45
2084,4,25,77.38
2084,4,26,76.13
2084,4,27,74.67
2084,4,28,73.06
2084,4,29,71.08
2084,4,30,69.13
2084,5,1,66.15
2084,5,2,62.97
2084,5,3,61.75
2084,5,4,65.54
2084,5,5,63.57
2084,5,6,79.51
2084,5,7,95.20
2084,5,8,95.20
2084,5,9,93.44
2084,5,10,92.40
2084,5,11,90.67
2084,5,12,88.87
2084,5,13,86.96
2084,5,14,85.37
2084,5,15,83.60
2084,5,16,81.93
2084,5,17,80.28
2084,5,18,78.05
2084,5,19,76.09
2084,5,20,76.21
2084,5,21,72.68
2084,5,22,70.46
2084,5,23,68.34
2084,5,24,66.09
2084,5,25,65.29
2084,5,26,64.22
2084,5,27,63.55
2084,5,28,65.93
2084,5,29,63.33
2084,5,30,58.98
2084,5,31,54.83
2084,6,1,57.87
2084,6,2,55.48
2084,6,3,51.15
2084,6,4,47.44
2084,6,5,43.58
2084,6,6,39.92
2084,6,7,36.12
2084,6,8,32.66
2084,6,9,39.43
2084,6,10,45.31
2084,6,11,42.82
2084,6,12,40.81
2084,6,13,38.36
2084,6,14,40.73
2084,6,15,43.58
2084,6,16,42.05
2084,6,17,37.51
2084,6,18,33.08
2084,6,19,29.93
2084,6,20,26.97
2084,6,21,24.48
2084,6,22,23.75
2084,6,23,20.73
2084,6,24,16.86
2084,6,25,12.90
2084,6,26,15.84
2084,6,27,40.75
2084,6,28,43.30
2084,6,29,41.38
2084,6,30,49.61
2084,7,1,49.20
2084,7,2,68.58
2084,7,3,71.34
2084,7,4,71.87
2084,7,5,68.69
2084,7,6,66.32
2084,7,7,63.15
2084,7,8,67.86
2084,7,9,63.17
2084,7,10,57.91
2084,7,11,52.07
2084,7,12,46.03
2084,7,13,40.53
2084,7,14,35.46
2084,7,15,30.89
2084,7,16,27.44
2084,7,17,23.10
2084,7,18,18.47
2084,7,19,16.97
2084,7,20,14.17
2084,7,21,11.80
2084,7,22,9.68
2084,7,23,7.72
2084,7,24,5.92
2084,7,25,5.36
2084,7,26,10.50
2084,7,27,9.98
2084,7,28,8.03
2084,7,29,6.10
2084,7,30,4.74
2084,7,31,3.69
2084,8,1,3.13
2084,8,2,2.53
2084,8,3,1.93
2084,8,4,1.59
2084,8,5,1.27
2084,8,6,1.04
2084,8,7,0.80
2084,8,8,0.62
2084,8,9,0.54
2084,8,10,0.47
2084,8,11,0.39
2084,8,12,0.31
2084,8,13,0.24
2084,8,14,0.19
2084,8,15,0.57
2084,8,16,7.70
2084,8,17,15.97
2084,8,18,29.66
2084,8,19,26.46
2084,8,20,22.69
2084,8,21,19.73
2084,8,22,17.66
2084,8,23,16.25
2084,8,24,14.58
2084,8,25,11.98
2084,8,26,9.32
2084,8,27,7.01
2084,8,28,6.68
2084,8,29,8.27
2084,8,30,7.10
2084,8,31,10.24
2084,9,1,23.08
2084,9,2,20.34
2084,9,3,17.91
2084,9,4,15.44
2084,9,5,13.20
2084,9,6,11.77
2084,9,7,11.22
2084,9,8,11.42
2084,9,9,31.64
2084,9,10,35.27
2084,9,11,32.23
2084,9,12,29.46
2084,9,13,26.46
2084,9,14,23.15
2084,9,15,19.82
2084,9,16,17.49
2084,9,17,15.61
2084,9,18,20.67
2084,9,19,21.62
2084,9,20,40.81
2084,9,21,45.85
2084,9,22,58.44
2084,9,23,61.57
2084,9,24,58.58
2084,9,25,56.99
2084,9,26,55.27
2084,9,27,53.49
2084,9,28,51.01
2084,9,29,48.17
2084,9,30,45.51
2084,10,1,43.03
2084,10,2,41.13
2084,10,3,39.57
2084,10,4,37.93
2084,10,5,36.29
2084,10,6,34.68
2084,10,7,32.56
2084,10,8,30.64
2084,10,9,29.22
2084,10,10,28.13
2084,10,11,27.03
2084,10,12,25.87
2084,10,13,42.89
2084,10,14,63.87
2084,10,15,61.96
2084,10,16,60.28
2084,10,17,58.91
2084,10,18,60.05
2084,10,19,58.66
2084,10,20,58.48
2084,10,21,56.91
2084,10,22,55.54
2084,10,23,53.12
2084,10,24,50.58
2084,10,25,48.53
2084,10,26,47.01
2084,10,27,45.40
2084,10,28,43.73
2084,10,29,42.28
2084,10,30,43.72
2084,10,31,42.48
2084,11,1,40.93
2084,11,2,45.78
2084,11,3,64.12
2084,11,4,63.02
2084,11,5,61.89
2084,11,6,60.88
2084,11,7,59.82
2084,11,8,58.82
2084,11,9,57.68
2084,11,10,82.20
2084,11,11,87.99
2084,11,12,86.98
2084,11,13,85.95
2084,11,14,85.09
2084,11,15,84.22
2084,11,16,83.18
2084,11,17,86.46
2084,11,18,91.01
2084,11,19,95.20
2084,11,20,95.20
2084,11,21,95.09
2084,11,22,94.24
2084,11,23,93.80
2084,11,24,92.98
2084,11,25,92.03
2084,11,26,91.22
2084,11,27,90.68
2084,11,28,89.97
2084,11,29,90.60
2084,11,30,95.20
2084,12,1,95.20
2084,12,2,95.20
2084,12,3,95.20
2084,12,4,94.25
2084,12,5,93.42
2084,12,6,92.61
2084,12,7,95.20
2084,12,8,94.33
2084,12,9,95.20
2084,12,10,95.20
2084,12,11,94.26
2084,12,12,93.18
2084,12,13,95.20
2084,12,14,95.20
2084,12,15,94.87
2084,12,16,94.11
2084,12,17,93.85
2084,12,18,93.22
2084,12,19,95.20
2084,12,20,94.73
2084,12,21,94.49
2084,12,22,95.20
2084,12,23,95.20
2084,12,24,94.49
2084,12,25,93.75
2084,12,26,92.83
2084,12,27,91.99
2084,12,28,91.18
2084,12,29,90.49
2084,12,30,90.55
2084,12,31,95.20
2085,1,1,94.34
2085,1,2,93.36
2085,1,3,92.15
2085,1,4,91.03
2085,1,5,90.30
2085,1,6,95.20
2085,1,7,95.20
2085,1,8,95.20
2085,1,9,94.13
2085,1,10,93.39
2085,1,11,92.58
2085,1,12,91.44
2085,1,13,90.43
2085,1,14,89.81
2085,1,15,95.20
2085,1,16,95.20
2085,1,17,94.11
2085,1,18,93.01
2085,1,19,95.20
2085,1,20,95.20
2085,1,21,94.23
2085,1,22,93.07
2085,1,23,92.17
2085,1,24,95.11
2085,1,25,95.20
2085,1,26,94.53
2085,1,27,95.20
2085,1,28,95.20
2085,1,29,95.20
2085,1,30,95.20
2085,1,31,94.67
2085,2,1,95.20
2085,2,2,95.20
2085,2,3,95.20
2085,2,4,95.20
2085,2,5,95.20
2085,2,6,94.77
2085,2,7,94.28
2085,2,8,93.65
2085,2,9,92.77
2085,2,10,91.59
2085,2,11,90.45
2085,2,12,95.20
2085,2,13,93.56
2085,2,14,91.97
2085,2,15,93.76
2085,2,16,95.20
2085,2,17,95.20
2085,2,18,95.20
2085,2,19,95.20
2085,2,20,94.48
2085,2,21,93.64
2085,2,22,93.19
2085,2,23,92.57
2085,2,24,91.45
2085,2,25,90.39
2085,2,26,89.28
2085,2,27,95.20
2085,2,28,94.17
2085,3,1,94.06
2085,3,2,94.12
2085,3,3,93.28
2085,3,4,95.20
2085,3,5,95.20
2085,3,6,94.32
2085,3,7,92.88
2085,3,8,93.77
2085,3,9,95.20
2085,3,10,95.20
2085,3,11,94.16
2085,3,12,92.99
2085,3,13,92.05
2085,3,14,91.14
2085,3,15,89.43
2085,3,16,87.87
2085,3,17,85.91
2085,3,18,89.38
2085,3,19,95.20
2085,3,20,94.42
2085,3,21,93.48
2085,3,22,95.20
2085,3,23,95.20
2085,3,24,95.20
2085,3,25,94.17
2085,3,26,92.84
2085,3,27,95.20
2085,3,28,95.20
2085,3,29,93.33
2085,3,30,91.48
2085,3,31,89.41
2085,4,1,86.73
2085,4,2,84.53
2085,4,3,83.05
2085,4,4,81.70
2085,4,5,79.96
2085,4,6,78.11
2085,4,7,75.18
2085,4,8,72.32
2085,4,9,71.98
2085,4,10,70.12
2085,4,11,68.30
2085,4,12,66.26
2085,4,13,64.86
2085,4,14,63.74
2085,4,15,62.94
2085,4,16,69.85
2085,4,17,78.36
2085,4,18,89.84
2085,4,19,87.69
2085,4,20,85.85
2085,4,21,83.25
2085,4,22,81.16
2085,4,23,79.39
2085,4,24,77.17
2085,4,25,74.63
2085,4,26,72.83
2085,4,27,74.65
2085,4,28,71.56
2085,4,29,69.25
2085,4,30,75.03
2085,5,1,77.20
2085,5,2,75.57
2085,5,3,73.67
2085,5,4,71.44
2085,5,5,79.27
2085,5,6,87.60
2085,5,7,90.06
2085,5,8,94.47
2085,5,9,95.20
2085,5,10,95.20
2085,5,11,94.76
2085,5,12,92.14
2085,5,13,89.10
2085,5,14,85.67
2085,5,15,84.26
2085,5,16,86.72
2085,5,17,84.72
2085,5,18,82.62
2085,5,19,80.40
2085,5,20,78.33
2085,5,21,76.07
2085,5,22,73.90
2085,5,23,70.97
2085,5,24,66.56
2085,5,25,65.03
2085,5,26,65.16
2085,5,27,61.70
2085,5,28,58.69
2085,5,29,55.64
2085,5,30,53.02
2085,5,31,51.26
2085,6,1,59.17
2085,6,2,72.73
2085,6,3,72.94
2085,6,4,69.40
2085,6,5,67.63
2085,6,6,64.72
2085,6,7,62.06
2085,6,8,58.72
2085,6,9,56.97
2085,6,10,78.80
2085,6,11,86.41
2085,6,12,82.45
2085,6,13,78.55
2085,6,14,74.10
2085,6,15,69.15
2085,6,16,64.77
2085,6,17,59.78
2085,6,18,55.14
2085,6,19,54.03
2085,6,20,58.10
2085,6,21,59.52
2085,6,22,63.52
2085,6,23,62.00
2085,6,24,57.94
2085,6,25,53.97
2085,6,26,57.81
2085,6,27,77.23
2085,6,28,80.73
2085,6,29,76.25
2085,6,30,87.70
2085,7,1,83.34
2085,7,2,78.95
2085,7,3,75.52
2085,7,4,70.16
2085,7,5,65.89
2085,7,6,70.43
2085,7,7,67.95
2085,7,8,61.71
2085,7,9,54.94
2085,7,10,48.15
2085,7,11,43.37
2085,7,12,40.18
2085,7,13,35.56
2085,7,14,41.11
2085,7,15,47.18
2085,7,16,61.90
2085,7,17,59.73
2085,7,18,61.60
2085,7,19,63.59
2085,7,20,81.48
2085,7,21,80.08
2085,7,22,77.46
2085,7,23,72.93
2085,7,24,66.55
2085,7,25,64.62
2085,7,26,61.63
2085,7,27,58.07
2085,7,28,54.42
2085,7,29,59.79
2085,7,30,59.42
2085,7,31,59.39
2085,8,1,57.83
2085,8,2,52.92
2085,8,3,49.95
2085,8,4,45.42
2085,8,5,41.21
2085,8,6,44.34
2085,8,7,41.56
2085,8,8,38.32
2085,8,9,49.15
2085,8,10,46.36
2085,8,11,43.66
2085,8,12,39.84
2085,8,13,35.58
2085,8,14,40.76
2085,8,15,37.00
2085,8,16,35.99
2085,8,17,32.86
2085,8,18,33.95
2085,8,19,32.89
2085,8,20,29.30
2085,8,21,26.15
2085,8,22,23.66
2085,8,23,27.50
2085,8,24,24.17
2085,8,25,21.38
2085,8,26,18.53
2085,8,27,15.86
2085,8,28,15.40
2085,8,29,13.54
2085,8,30,11.35
2085,8,31,9.28
2085,9,1,7.86
2085,9,2,6.06
2085,9,3,4.97
2085,9,4,3.98
2085,9,5,3.21
2085,9,6,7.09
2085,9,7,27.33
2085,9,8,28.47
2085,9,9,24.95
2085,9,10,21.97
2085,9,11,20.97
2085,9,12,22.74
2085,9,13,20.74
2085,9,14,18.99
2085,9,15,16.23
2085,9,16,13.96
2085,9,17,12.10
2085,9,18,28.86
2085,9,19,43.61
2085,9,20,40.26
2085,9,21,40.44
2085,9,22,40.55
2085,9,23,37.47
2085,9,24,42.42
2085,9,25,47.07
2085,9,26,52.25
2085,9,27,66.36
2085,9,28,64.77
2085,9,29,62.91
2085,9,30,63.71
2085,10,1,82.34
2085,10,2,80.73
2085,10,3,78.97
2085,10,4,77.13
2085,10,5,74.74
2085,10,6,72.02
2085,10,7,69.53
2085,10,8,67.01
2085,10,9,63.90
2085,10,10,61.44
2085,10,11,59.68
2085,10,12,57.98
2085,10,13,55.90
2085,10,14,56.11
2085,10,15,58.78
2085,10,16,63.37
2085,10,17,65.42
2085,10,18,77.57
2085,10,19,95.20
2085,10,20,95.20
2085,10,21,93.72
2085,10,22,92.36
2085,10,23,91.42
2085,10,24,90.30
2085,10,25,88.22
2085,10,26,85.68
2085,10,27,89.43
2085,10,28,95.20
2085,10,29,94.04
2085,10,30,93.27
2085,10,31,92.57
2085,11,1,91.47
2085,11,2,90.16
2085,11,3,89.99
2085,11,4,88.42
2085,11,5,89.50
2085,11,6,95.20
2085,11,7,95.20
2085,11,8,93.88
2085,11,9,95.15
2085,11,10,95.20
2085,11,11,95.20
2085,11,12,93.66
2085,11,13,92.41
2085,11,14,91.05
2085,11,15,89.54
2085,11,16,87.78
2085,11,17,85.70
2085,11,18,84.42
2085,11,19,82.46
2085,11,20,85.28
2085,11,21,95.20
2085,11,22,95.20
2085,11,23,95.20
2085,11,24,93.61
2085,11,25,92.64
2085,11,26,91.66
2085,11,27,90.98
2085,11,28,90.16
2085,11,29,89.26
2085,11,30,88.21
2085,12,1,95.20
2085,12,2,94.22
2085,12,3,94.36
2085,12,4,95.20
2085,12,5,94.39
2085,12,6,93.58
2085,12,7,92.82
2085,12,8,92.11
2085,12,9,95.20
2085,12,10,95.20
2085,12,11,95.20
2085,12,12,94.53
2085,12,13,93.82
2085,12,14,92.94
2085,12,15,92.33
2085,12,16,91.83
2085,12,17,91.40
2085,12,18,90.96
2085,12,19,90.44
2085,12,20,89.80
2085,12,21,89.11
2085,12,22,95.20
2085,12,23,95.20
2085,12,24,94.65
2085,12,25,94.05
2085,12,26,93.49
2085,12,27,92.88
2085,12,28,92.33
2085,12,29,95.20
2085,12,30,94.61
2085,12,31,94.04
2086,1,1,93.49
2086,1,2,95.20
2086,1,3,94.62
2086,1,4,94.11
2086,1,5,93.56
2086,1,6,92.98
2086,1,7,92.36
2086,1,8,95.20
2086,1,9,95.20
2086,1,10,94.63
2086,1,11,94.27
2086,1,12,93.80
2086,1,13,93.51
2086,1,14,93.10
2086,1,15,92.92
2086,1,16,92.67
2086,1,17,93.87
2086,1,18,93.17
2086,1,19,92.47
2086,1,20,92.94
2086,1,21,91.83
2086,1,22,92.42
2086,1,23,93.75
2086,1,24,92.69
2086,1,25,92.88
2086,1,26,92.53
2086,1,27,91.93
2086,1,28,91.37
2086,1,29,90.87
2086,1,30,90.26
2086,1,31,95.20
2086,2,1,94.61
2086,2,2,93.98
2086,2,3,93.25
2086,2,4,92.76
2086,2,5,92.05
2086,2,6,95.20
2086,2,7,93.98
2086,2,8,92.95
2086,2,9,93.30
2086,2,10,93.07
2086,2,11,92.32
2086,2,12,91.56
2086,2,13,90.98
2086,2,14,90.52
2086,2,15,90.01
2086,2,16,89.47
2086,2,17,95.20
2086,2,18,95.20
2086,2,19,95.20
2086,2,20,94.16
2086,2,21,95.20
2086,2,22,95.20
2086,2,23,95.20
2086,2,24,94.21
2086,2,25,94.05
2086,2,26,94.20
2086,2,27,95.20
2086,2,28,94.17
2086,3,1,93.34
2086,3,2,93.20
2086,3,3,92.17
2086,3,4,91.53
2086,3,5,90.83
2086,3,6,95.20
2086,3,7,95.20
2086,3,8,94.38
2086,3,9,93.58
2086,3,10,92.80
2086,3,11,91.86
2086,3,12,90.85
2086,3,13,89.89
2086,3,14,88.97
2086,3,15,88.67
2086,3,16,88.39
2086,3,17,87.14
2086,3,18,85.77
2086,3,19,88.20
2086,3,20,94.04
2086,3,21,95.20
2086,3,22,93.75
2086,3,23,94.04
2086,3,24,95.20
2086,3,25,94.03
2086,3,26,92.98
2086,3,27,91.71
2086,3,28,90.71
2086,3,29,90.82
2086,3,30,91.32
2086,3,31,89.36
2086,4,1,88.18
2086,4,2,95.20
2086,4,3,95.20
2086,4,4,93.15
2086,4,5,90.81
2086,4,6,87.92
2086,4,7,85.83
2086,4,8,89.63
2086,4,9,89.07
2086,4,10,87.69
2086,4,11,92.96
2086,4,12,91.08
2086,4,13,89.31
2086,4,14,95.20
2086,4,15,95.20
2086,4,16,93.21
2086,4,17,92.30
2086,4,18,90.95
2086,4,19,95.20
2086,4,20,95.20
2086,4,21,93.98
2086,4,22,93.57
2086,4,23,92.59
2086,4,24,95.20
2086,4,25,95.20
2086,4,26,93.38
2086,4,27,91.25
2086,4,28,88.39
2086,4,29,85.51
2086,4,30,82.89
2086,5,1,81.27
2086,5,2,79.36
2086,5,3,76.84
2086,5,4,90.13
2086,5,5,95.20
2086,5,6,95.20
2086,5,7,95.20
2086,5,8,92.26
2086,5,9,88.78
2086,5,10,95.20
2086,5,11,91.68
2086,5,12,88.90
2086,5,13,86.36
2086,5,14,83.88
2086,5,15,81.33
2086,5,16,78.53
2086,5,17,75.89
2086,5,18,73.13
2086,5,19,74.52
2086,5,20,71.54
2086,5,21,68.48
2086,5,22,64.90
2086,5,23,61.42
2086,5,24,58.43
2086,5,25,55.42
2086,5,26,52.75
2086,5,27,50.09
2086,5,28,49.09
2086,5,29,52.22
2086,5,30,50.77
2086,5,31,48.48
2086,6,1,51.04
2086,6,2,50.78
2086,6,3,47.64
2086,6,4,43.67
2086,6,5,39.71
2086,6,6,36.35
2086,6,7,33.12
2086,6,8,34.15
2086,6,9,33.90
2086,6,10,29.99
2086,6,11,26.64
2086,6,12,26.29
2086,6,13,31.39
2086,6,14,30.31
2086,6,15,27.78
2086,6,16,25.52
2086,6,17,27.10
2086,6,18,24.20
2086,6,19,20.33
2086,6,20,18.07
2086,6,21,15.04
2086,6,22,14.22
2086,6,23,13.12
2086,6,24,10.93
2086,6,25,8.25
2086,6,26,9.84
2086,6,27,8.27
2086,6,28,6.90
2086,6,29,5.73
2086,6,30,6.85
2086,7,1,5.47
2086,7,2,5.14
2086,7,3,11.78
2086,7,4,9.73
2086,7,5,7.86
2086,7,6,6.15
2086,7,7,4.91
2086,7,8,9.59
2086,7,9,13.14
2086,7,10,11.19
2086,7,11,9.99
2086,7,12,8.32
2086,7,13,6.88
2086,7,14,5.48
2086,7,15,4.21
2086,7,16,2.98
2086,7,17,2.68
2086,7,18,13.84
2086,7,19,30.93
2086,7,20,28.81
2086,7,21,32.33
2086,7,22,28.30
2086,7,23,26.74
2086,7,24,24.09
2086,7,25,20.39
2086,7,26,17.16
2086,7,27,15.58
2086,7,28,30.51
2086,7,29,40.96
2086,7,30,35.31
2086,7,31,31.11
2086,8,1,27.44
2086,8,2,24.55
2086,8,3,21.96
2086,8,4,19.23
2086,8,5,18.52
2086,8,6,21.34
2086,8,7,30.58
2086,8,8,26.56
2086,8,9,22.25
2086,8,10,18.49
2086,8,11,15.20
2086,8,12,13.75
2086,8,13,19.68
2086,8,14,17.89
2086,8,15,26.01
2086,8,16,24.22
2086,8,17,27.23
2086,8,18,28.77
2086,8,19,28.68
2086,8,20,30.29
2086,8,21,43.56
2086,8,22,49.40
2086,8,23,54.85
2086,8,24,52.67
2086,8,25,48.69
2086,8,26,45.12
2086,8,27,41.69
2086,8,28,38.46
2086,8,29,34.46
2086,8,30,34.10
2086,8,31,31.80
2086,9,1,29.37
2086,9,2,26.64
2086,9,3,24.19
2086,9,4,22.38
2086,9,5,19.52
2086,9,6,17.08
2086,9,7,15.03
2086,9,8,16.23
2086,9,9,45.44
2086,9,10,47.17
2086,9,11,44.95
2086,9,12,42.55
2086,9,13,39.34
2086,9,14,35.85
2086,9,15,40.82
2086,9,16,44.62
2086,9,17,44.55
2086,9,18,41.85
2086,9,19,38.44
2086,9,20,35.52
2086,9,21,34.09
2086,9,22,32.62
2086,9,23,31.11
2086,9,24,29.52
2086,9,25,38.05
2086,9,26,60.30
2086,9,27,57.59
2086,9,28,55.18
2086,9,29,52.88
2086,9,30,51.03
2086,10,1,49.28
2086,10,2,47.20
2086,10,3,45.12
2086,10,4,43.93
2086,10,5,42.76
2086,10,6,41.59
2086,10,7,47.73
2086,10,8,61.15
2086,10,9,95.20
2086,10,10,95.20
2086,10,11,93.64
2086,10,12,92.37
2086,10,13,91.49
2086,10,14,89.81
2086,10,15,88.04
2086,10,16,86.17
2086,10,17,84.21
2086,10,18,82.36
2086,10,19,80.17
2086,10,20,78.20
2086,10,21,77.43
2086,10,22,79.11
2086,10,23,93.21
2086,10,24,92.18
2086,10,25,90.10
2086,10,26,88.15
2086,10,27,86.62
2086,10,28,85.43
2086,10,29,84.48
2086,10,30,83.01
2086,10,31,81.16
2086,11,1,79.27
2086,11,2,77.94
2086,11,3,77.07
2086,11,4,76.01
2086,11,5,74.61
2086,11,6,73.31
2086,11,7,72.22
2086,11,8,70.86
2086,11,9,69.34
2086,11,10,69.07
2086,11,11,67.07
2086,11,12,65.43
2086,11,13,64.44
2086,11,14,63.57
2086,11,15,62.62
2086,11,16,61.52
2086,11,17,60.56
2086,11,18,59.38
2086,11,19,58.16
2086,11,20,56.78
2086,11,21,56.62
2086,11,22,65.75
2086,11,23,64.63
2086,11,24,66.50
2086,11,25,65.92
2086,11,26,65.84
2086,11,27,67.65
2086,11,28,67.39
2086,11,29,66.28
2086,11,30,67.72
2086,12,1,66.90
2086,12,2,66.31
2086,12,3,65.76
2086,12,4,65.28
2086,12,5,64.81
2086,12,6,64.26
2086,12,7,63.75
2086,12,8,63.20
2086,12,9,62.74
2086,12,10,62.21
2086,12,11,87.69
2086,12,12,87.24
2086,12,13,86.94
2086,12,14,86.55
2086,12,15,86.10
2086,12,16,85.57
2086,12,17,95.20
2086,12,18,95.20
2086,12,19,95.20
2086,12,20,94.64
2086,12,21,95.20
2086,12,22,94.76
2086,12,23,94.23
2086,12,24,93.83
2086,12,25,93.43
2086,12,26,92.98
2086,12,27,92.50
2086,12,28,92.01
2086,12,29,91.46
2086,12,30,90.85
2086,12,31,90.44
2087,1,1,89.98
2087,1,2,89.58
2087,1,3,89.19
2087,1,4,88.72
2087,1,5,95.20
2087,1,6,94.83
2087,1,7,94.40
2087,1,8,93.91
2087,1,9,95.20
2087,1,10,94.73
2087,1,11,94.18
2087,1,12,95.20
2087,1,13,94.57
2087,1,14,95.20
2087,1,15,95.20
2087,1,16,94.64
2087,1,17,94.21
2087,1,18,93.66
2087,1,19,93.37
2087,1,20,93.00
2087,1,21,95.20
2087,1,22,95.20
2087,1,23,94.57
2087,1,24,95.20
2087,1,25,94.64
2087,1,26,95.20
2087,1,27,95.20
2087,1,28,94.36
2087,1,29,95.20
2087,1,30,94.37
2087,1,31,93.66
2087,2,1,95.20
2087,2,2,95.20
2087,2,3,95.20
2087,2,4,95.20
2087,2,5,95.20
2087,2,6,95.20
2087,2,7,93.93
2087,2,8,95.20
2087,2,9,94.59
2087,2,10,94.29
2087,2,11,93.92
2087,2,12,94.53
2087,2,13,93.91
2087,2,14,95.20
2087,2,15,95.20
2087,2,16,95.20
2087,2,17,94.16
2087,2,18,93.42
2087,2,19,92.71
2087,2,20,91.98
2087,2,21,91.19
2087,2,22,90.25
2087,2,23,89.24
2087,2,24,88.40
2087,2,25,87.65
2087,2,26,86.93
2087,2,27,87.57
2087,2,28,87.08
2087,3,1,86.32
2087,3,2,85.56
2087,3,3,85.24
2087,3,4,83.88
2087,3,5,95.20
2087,3,6,95.20
2087,3,7,94.57
2087,3,8,94.08
2087,3,9,93.56
2087,3,10,93.01
2087,3,11,93.35
2087,3,12,92.63
2087,3,13,91.98
2087,3,14,91.65
2087,3,15,95.20
2087,3,16,95.20
2087,3,17,95.20
2087,3,18,94.24
2087,3,19,92.84
2087,3,20,93.13
2087,3,21,95.20
2087,3,22,94.46
2087,3,23,95.20
2087,3,24,95.20
2087,3,25,93.72
2087,3,26,92.30
2087,3,27,91.88
2087,3,28,93.92
2087,3,29,95.20
2087,3,30,93.55
2087,3,31,92.25
2087,4,1,95.20
2087,4,2,95.20
2087,4,3,95.20
2087,4,4,95.20
2087,4,5,93.99
2087,4,6,92.57
2087,4,7,91.04
2087,4,8,89.01
2087,4,9,86.70
2087,4,10,85.25
2087,4,11,86.53
2087,4,12,86.67
2087,4,13,84.04
2087,4,14,81.64
2087,4,15,90.88
2087,4,16,94.09
2087,4,17,92.34
2087,4,18,90.19
2087,4,19,87.95
2087,4,20,91.06
2087,4,21,95.20
2087,4,22,95.20
2087,4,23,93.02
2087,4,24,91.46
2087,4,25,89.12
2087,4,26,86.42
2087,4,27,84.14
2087,4,28,82.23
2087,4,29,80.74
2087,4,30,78.83
2087,5,1,89.31
2087,5,2,86.72
2087,5,3,87.64
2087,5,4,86.12
2087,5,5,82.82
2087,5,6,80.92
2087,5,7,81.18
2087,5,8,79.47
2087,5,9,77.55
2087,5,10,74.93
2087,5,11,72.42
2087,5,12,79.95
2087,5,13,76.04
2087,5,14,73.25
2087,5,15,69.07
2087,5,16,64.15
2087,5,17,64.75
2087,5,18,80.40
2087,5,19,80.01
2087,5,20,78.51
2087,5,21,76.82
2087,5,22,74.75
2087,5,23,73.76
2087,5,24,75.72
2087,5,25,72.11
2087,5,26,71.28
2087,5,27,74.94
2087,5,28,71.70
2087,5,29,68.43
2087,5,30,64.58
2087,5,31,59.20
2087,6,1,54.59
2087,6,2,50.85
2087,6,3,47.66
2087,6,4,46.35
2087,6,5,47.22
2087,6,6,46.94
2087,6,7,44.11
2087,6,8,41.02
2087,6,9,37.85
2087,6,10,36.50
2087,6,11,34.31
2087,6,12,30.28
2087,6,13,26.71
2087,6,14,24.20
2087,6,15,21.92
2087,6,16,19.66
2087,6,17,17.70
2087,6,18,15.70
2087,6,19,13.70
2087,6,20,11.92
2087,6,21,10.44
2087,6,22,9.01
2087,6,23,7.75
2087,6,24,6.23
2087,6,25,4.69
2087,6,26,3.85
2087,6,27,2.78
2087,6,28,2.64
2087,6,29,5.59
2087,6,30,5.15
2087,7,1,4.04
2087,7,2,3.70
2087,7,3,3.62
2087,7,4,3.37
2087,7,5,4.17
2087,7,6,2.88
2087,7,7,2.15
2087,7,8,1.62
2087,7,9,1.27
2087,7,10,0.94
2087,7,11,0.61
2087,7,12,0.39
2087,7,13,0.25
2087,7,14,0.21
2087,7,15,0.16
2087,7,16,0.12
2087,7,17,0.08
2087,7,18,0.06
2087,7,19,0.05
2087,7,20,0.03
2087,7,21,1.97
2087,7,22,35.95
2087,7,23,62.08
2087,7,24,61.43
2087,7,25,56.79
2087,7,26,54.91
2087,7,27,51.20
2087,7,28,52.27
2087,7,29,54.34
2087,7,30,48.51
2087,7,31,44.02
2087,8,1,39.49
2087,8,2,37.53
2087,8,3,52.19
2087,8,4,55.82
2087,8,5,51.76
2087,8,6,48.19
2087,8,7,44.82
2087,8,8,41.34
2087,8,9,37.61
2087,8,10,35.69
2087,8,11,37.14
2087,8,12,37.26
2087,8,13,41.11
2087,8,14,38.08
2087,8,15,35.15
2087,8,16,33.36
2087,8,17,42.83
2087,8,18,54.66
2087,8,19,55.71
2087,8,20,51.13
2087,8,21,47.18
2087,8,22,43.99
2087,8,23,41.28
2087,8,24,38.65
2087,8,25,35.97
2087,8,26,33.22
2087,8,27,30.54
2087,8,28,27.87
2087,8,29,25.08
2087,8,30,21.89
2087,8,31,18.58
2087,9,1,15.02
2087,9,2,11.80
2087,9,3,8.79
2087,9,4,6.46
2087,9,5,5.58
2087,9,6,9.14
2087,9,7,16.96
2087,9,8,20.34
2087,9,9,23.37
2087,9,10,22.02
2087,9,11,19.42
2087,9,12,17.08
2087,9,13,15.61
2087,9,14,13.89
2087,9,15,12.18
2087,9,16,14.49
2087,9,17,14.57
2087,9,18,15.90
2087,9,19,31.40
2087,9,20,29.07
2087,9,21,26.80
2087,9,22,24.78
2087,9,23,22.77
2087,9,24,20.84
2087,9,25,18.96
2087,9,26,17.35
2087,9,27,15.58
2087,9,28,13.92
2087,9,29,12.33
2087,9,30,10.87
2087,10,1,9.85
2087,10,2,10.41
2087,10,3,11.35
2087,10,4,10.67
2087,10,5,10.81
2087,10,6,11.62
2087,10,7,13.79
2087,10,8,12.30
2087,10,9,11.34
2087,10,10,10.30
2087,10,11,9.04
2087,10,12,7.90
2087,10,13,7.26
2087,10,14,6.34
2087,10,15,5.79
2087,10,16,5.22
2087,10,17,4.50
2087,10,18,4.25
2087,10,19,15.40
2087,10,20,16.15
2087,10,21,15.38
2087,10,22,15.27
2087,10,23,14.15
2087,10,24,13.16
2087,10,25,12.18
2087,10,26,11.23
2087,10,27,10.79
2087,10,28,23.69
2087,10,29,22.72
2087,10,30,22.10
2087,10,31,21.67
2087,11,1,27.28
2087,11,2,37.87
2087,11,3,40.37
2087,11,4,41.27
2087,11,5,39.71
2087,11,6,38.60
2087,11,7,38.62
2087,11,8,43.32
2087,11,9,48.33
2087,11,10,53.49
2087,11,11,52.24
2087,11,12,51.66
2087,11,13,50.74
2087,11,14,51.63
2087,11,15,84.81
2087,11,16,95.20
2087,11,17,94.27
2087,11,18,93.27
2087,11,19,92.09
2087,11,20,90.93
2087,11,21,89.57
2087,11,22,88.48
2087,11,23,94.49
2087,11,24,95.20
2087,11,25,93.97
2087,11,26,92.95
2087,11,27,92.27
2087,11,28,91.85
2087,11,29,91.01
2087,11,30,90.93
2087,12,1,90.08
2087,12,2,94.12
2087,12,3,95.20
2087,12,4,94.31
2087,12,5,93.50
2087,12,6,92.61
2087,12,7,95.20
2087,12,8,95.20
2087,12,9,94.65
2087,12,10,95.20
2087,12,11,95.20
2087,12,12,94.46
2087,12,13,93.69
2087,12,14,93.13
2087,12,15,95.20
2087,12,16,95.20
2087,12,17,94.67
2087,12,18,94.22
2087,12,19,93.79
2087,12,20,93.58
2087,12,21,93.18
2087,12,22,92.81
2087,12,23,92.35
2087,12,24,95.20
2087,12,25,95.20
2087,12,26,94.48
2087,12,27,93.67
2087,12,28,95.20
2087,12,29,95.20
2087,12,30,94.73
2087,12,31,94.20
2088,1,1,93.76
2088,1,2,93.28
2088,1,3,92.69
2088,1,4,94.25
2088,1,5,93.69
2088,1,6,93.13
2088,1,7,95.20
2088,1,8,95.20
2088,1,9,95.20
2088,1,10,94.68
2088,1,11,94.37
2088,1,12,93.96
2088,1,13,94.88
2088,1,14,94.36
2088,1,15,95.20
2088,1,16,94.62
2088,1,17,94.04
2088,1,18,95.20
2088,1,19,94.72
2088,1,20,94.30
2088,1,21,93.77
2088,1,22,95.20
2088,1,23,95.20
2088,1,24,94.74
2088,1,25,94.78
2088,1,26,94.41
2088,1,27,94.17
2088,1,28,93.65
2088,1,29,93.46
2088,1,30,92.89
2088,1,31,92.31
2088,2,1,95.20
2088,2,2,95.20
2088,2,3,94.13
2088,2,4,93.52
2088,2,5,94.22
2088,2,6,93.42
2088,2,7,92.76
2088,2,8,92.13
2088,2,9,92.33
2088,2,10,91.52
2088,2,11,90.81
2088,2,12,90.04
2088,2,13,90.42
2088,2,14,89.60
2088,2,15,92.56
2088,2,16,90.93
2088,2,17,89.80
2088,2,18,88.60
2088,2,19,91.29
2088,2,20,94.20
2088,2,21,95.20
2088,2,22,94.78
2088,2,23,93.76
2088,2,24,93.46
2088,2,25,92.63
2088,2,26,93.70
2088,2,27,95.20
2088,2,28,95.20
2088,2,29,95.20
2088,3,1,95.20
2088,3,2,94.70
2088,3,3,95.10
2088,3,4,94.55
2088,3,5,94.94
2088,3,6,94.08
2088,3,7,93.01
2088,3,8,93.79
2088,3,9,95.20
2088,3,10,95.20
2088,3,11,95.06
2088,3,12,94.04
2088,3,13,92.77
2088,3,14,95.20
2088,3,15,95.20
2088,3,16,95.20
2088,3,17,93.96
2088,3,18,92.83
2088,3,19,94.02
2088,3,20,92.65
2088,3,21,95.20
2088,3,22,95.20
2088,3,23,94.44
2088,3,24,93.23
2088,3,25,93.65
2088,3,26,93.34
2088,3,27,91.55
2088,3,28,92.97
2088,3,29,90.84
2088,3,30,89.12
2088,3,31,92.04
2088,4,1,90.29
2088,4,2,88.31
2088,4,3,95.20
2088,4,4,95.20
2088,4,5,95.20
2088,4,6,93.41
2088,4,7,91.86
2088,4,8,90.12
2088,4,9,95.20
2088,4,10,93.50
2088,4,11,91.52
2088,4,12,90.08
2088,4,13,95.20
2088,4,14,95.20
2088,4,15,93.72
2088,4,16,92.34
2088,4,17,91.05
2088,4,18,89.48
2088,4,19,93.63
2088,4,20,95.20
2088,4,21,95.20
2088,4,22,92.50
2088,4,23,90.39
2088,4,24,88.31
2088,4,25,95.20
2088,4,26,95.20
2088,4,27,92.37
2088,4,28,88.07
2088,4,29,84.92
2088,4,30,81.75
2088,5,1,79.68
2088,5,2,77.76
2088,5,3,75.48
2088,5,4,75.78
2088,5,5,77.18
2088,5,6,80.68
2088,5,7,76.98
2088,5,8,73.85
2088,5,9,71.77
2088,5,10,84.95
2088,5,11,83.90
2088,5,12,82.58
2088,5,13,81.27
2088,5,14,80.81
2088,5,15,83.40
2088,5,16,81.37
2088,5,17,78.24
2088,5,18,75.73
2088,5,19,75.35
2088,5,20,72.62
2088,5,21,69.99
2088,5,22,70.71
2088,5,23,69.06
2088,5,24,65.67
2088,5,25,67.91
2088,5,26,63.56
2088,5,27,60.36
2088,5,28,60.18
2088,5,29,59.50
2088,5,30,54.63
2088,5,31,55.26
2088,6,1,64.65
2088,6,2,62.99
2088,6,3,59.65
2088,6,4,63.90
2088,6,5,62.17
2088,6,6,57.63
2088,6,7,52.73
2088,6,8,60.98
2088,6,9,64.12
2088,6,10,60.14
2088,6,11,56.26
2088,6,12,53.08
2088,6,13,50.02
2088,6,14,46.57
2088,6,15,46.04
2088,6,16,43.74
2088,6,17,41.65
2088,6,18,38.23
2088,6,19,35.23
2088,6,20,32.20
2088,6,21,27.26
2088,6,22,23.29
2088,6,23,19.58
2088,6,24,18.48
2088,6,25,25.88
2088,6,26,37.26
2088,6,27,34.15
2088,6,28,30.59
2088,6,29,26.38
2088,6,30,22.16
2088,7,1,24.21
2088,7,2,31.76
2088,7,3,27.94
2088,7,4,25.02
2088,7,5,21.43
2088,7,6,18.66
2088,7,7,16.86
2088,7,8,30.99
2088,7,9,33.52
2088,7,10,29.38
2088,7,11,26.23
2088,7,12,23.29
2088,7,13,19.73
2088,7,14,16.81
2088,7,15,13.94
2088,7,16,10.97
2088,7,17,9.10
2088,7,18,7.18
2088,7,19,5.93
2088,7,20,4.29
2088,7,21,3.33
2088,7,22,2.55
2088,7,23,1.52
2088,7,24,0.88
2088,7,25,0.55
2088,7,26,0.38
2088,7,27,0.25
2088,7,28,0.25
2088,7,29,0.21
2088,7,30,0.14
2088,7,31,0.10
2088,8,1,2.89
2088,8,2,2.34
2088,8,3,2.30
2088,8,4,7.44
2088,8,5,5.68
2088,8,6,4.21
2088,8,7,3.04
2088,8,8,2.11
2088,8,9,1.48
2088,8,10,1.07
2088,8,11,0.87
2088,8,12,0.78
2088,8,13,0.64
2088,8,14,0.48
2088,8,15,0.36
2088,8,16,0.26
2088,8,17,0.18
2088,8,18,0.15
2088,8,19,0.12
2088,8,20,0.08
2088,8,21,0.06
2088,8,22,0.05
2088,8,23,0.04
2088,8,24,0.04
2088,8,25,0.03
2088,8,26,0.02
2088,8,27,0.01
2088,8,28,0.01
2088,8,29,0.01
2088,8,30,10.18
2088,8,31,29.13
2088,9,1,25.49
2088,9,2,22.36
2088,9,3,19.52
2088,9,4,17.81
2088,9,5,15.88
2088,9,6,14.15
2088,9,7,12.73
2088,9,8,14.08
2088,9,9,11.85
2088,9,10,9.78
2088,9,11,8.23
2088,9,12,7.11
2088,9,13,6.19
2088,9,14,5.34
2088,9,15,4.68
2088,9,16,4.08
2088,9,17,3.54
2088,9,18,9.75
2088,9,19,29.16
2088,9,20,26.70
2088,9,21,24.89
2088,9,22,22.82
2088,9,23,21.21
2088,9,24,22.33
2088,9,25,36.29
2088,9,26,41.15
2088,9,27,39.93
2088,9,28,46.99
2088,9,29,48.58
2088,9,30,49.77
2088,10,1,50.11
2088,10,2,52.36
2088,10,3,50.45
2088,10,4,48.76
2088,10,5,46.91
2088,10,6,44.87
2088,10,7,43.93
2088,10,8,43.32
2088,10,9,48.12
2088,10,10,53.37
2088,10,11,51.91
2088,10,12,50.44
2088,10,13,49.01
2088,10,14,46.83
2088,10,15,44.52
2088,10,16,41.77
2088,10,17,39.24
2088,10,18,37.19
2088,10,19,41.34
2088,10,20,76.52
2088,10,21,95.20
2088,10,22,95.20
2088,10,23,93.28
2088,10,24,94.46
2088,10,25,95.20
2088,10,26,95.20
2088,10,27,93.80
2088,10,28,92.31
2088,10,29,91.08
2088,10,30,89.94
2088,10,31,88.10
2088,11,1,86.14
2088,11,2,84.48
2088,11,3,82.80
2088,11,4,81.30
2088,11,5,79.83
2088,11,6,78.41
2088,11,7,77.16
2088,11,8,76.10
2088,11,9,74.86
2088,11,10,73.43
2088,11,11,74.89
2088,11,12,86.14
2088,11,13,86.79
2088,11,14,93.81
2088,11,15,95.20
2088,11,16,94.34
2088,11,17,93.41
2088,11,18,93.49
2088,11,19,95.20
2088,11,20,95.15
2088,11,21,94.27
2088,11,22,92.80
2088,11,23,91.70
2088,11,24,90.88
2088,11,25,91.40
2088,11,26,91.03
2088,11,27,92.95
2088,11,28,93.75
2088,11,29,94.86
2088,11,30,95.20
2088,12,1,95.06
2088,12,2,94.44
2088,12,3,93.90
2088,12,4,93.15
2088,12,5,92.17
2088,12,6,91.68
2088,12,7,90.83
2088,12,8,89.91
2088,12,9,89.13
2088,12,10,88.37
2088,12,11,87.71
2088,12,12,87.07
2088,12,13,86.35
2088,12,14,86.01
2088,12,15,87.67
2088,12,16,90.08
2088,12,17,89.75
2088,12,18,88.70
2088,12,19,89.00
2088,12,20,91.32
2088,12,21,95.20
2088,12,22,94.67
2088,12,23,95.20
2088,12,24,95.20
2088,12,25,95.20
2088,12,26,95.20
2088,12,27,94.11
2088,12,28,93.04
2088,12,29,91.60
2088,12,30,90.17
2088,12,31,90.55
2089,1,1,95.20
2089,1,2,94.40
2089,1,3,93.53
2089,1,4,95.01
2089,1,5,94.28
2089,1,6,93.64
2089,1,7,93.40
2089,1,8,92.86
2089,1,9,92.37
2089,1,10,93.93
2089,1,11,95.20
2089,1,12,95.20
2089,1,13,95.20
2089,1,14,94.42
2089,1,15,93.75
2089,1,16,95.20
2089,1,17,95.20
2089,1,18,94.69
2089,1,19,93.93
2089,1,20,93.33
2089,1,21,92.73
2089,1,22,95.20
2089,1,23,95.20
2089,1,24,94.59
2089,1,25,93.94
2089,1,26,95.20
2089,1,27,95.20
2089,1,28,94.71
2089,1,29,94.35
2089,1,30,93.96
2089,1,31,93.35
2089,2,1,92.44
2089,2,2,91.77
2089,2,3,91.12
2089,2,4,95.20
2089,2,5,95.20
2089,2,6,95.20
2089,2,7,94.06
2089,2,8,93.11
2089,2,9,92.42
2089,2,10,91.82
2089,2,11,91.09
2089,2,12,90.13
2089,2,13,89.39
2089,2,14,88.26
2089,2,15,87.17
2089,2,16,88.20
2089,2,17,87.21
2089,2,18,86.84
2089,2,19,86.56
2089,2,20,86.13
2089,2,21,85.39
2089,2,22,84.63
2089,2,23,84.22
2089,2,24,83.55
2089,2,25,82.49
2089,2,26,81.61
2089,2,27,85.10
2089,2,28,89.08
2089,3,1,95.20
2089,3,2,95.20
2089,3,3,94.02
2089,3,4,93.56
2089,3,5,93.07
2089,3,6,95.05
2089,3,7,95.20
2089,3,8,94.06
2089,3,9,92.72
2089,3,10,91.44
2089,3,11,89.84
2089,3,12,88.23
2089,3,13,87.94
2089,3,14,91.31
2089,3,15,95.20
2089,3,16,95.20
2089,3,17,95.20
2089,3,18,95.20
2089,3,19,94.06
2089,3,20,92.90
2089,3,21,91.58
2089,3,22,95.20
2089,3,23,94.02
2089,3,24,91.98
2089,3,25,90.19
2089,3,26,89.90
2089,3,27,89.41
2089,3,28,87.74
2089,3,29,86.35
2089,3,30,85.02
2089,3,31,84.07
2089,4,1,83.05
2089,4,2,81.73
2089,4,3,80.63
2089,4,4,79.35
2089,4,5,77.98
2089,4,6,76.69
2089,4,7,75.64
2089,4,8,74.32
2089,4,9,72.98
2089,4,10,71.46
2089,4,11,69.90
2089,4,12,95.20
2089,4,13,95.20
2089,4,14,93.88
2089,4,15,92.83
2089,4,16,91.98
2089,4,17,91.00
2089,4,18,89.16
2089,4,19,87.43
2089,4,20,95.20
2089,4,21,93.51
2089,4,22,91.87
2089,4,23,90.93
2089,4,24,88.28
2089,4,25,87.13
2089,4,26,85.13
2089,4,27,89.83
2089,4,28,88.08
2089,4,29,87.63
2089,4,30,92.28
2089,5,1,89.04
2089,5,2,85.58
2089,5,3,87.87
2089,5,4,84.10
2089,5,5,81.14
2089,5,6,92.52
2089,5,7,95.20
2089,5,8,95.20
2089,5,9,90.89
2089,5,10,86.80
2089,5,11,83.50
2089,5,12,80.51
2089,5,13,78.07
2089,5,14,75.52
2089,5,15,72.41
2089,5,16,69.63
2089,5,17,67.07
2089,5,18,65.82
2089,5,19,63.07
2089,5,20,61.41
2089,5,21,72.38
2089,5,22,69.81
2089,5,23,67.66
2089,5,24,77.67
2089,5,25,81.41
2089,5,26,78.65
2089,5,27,95.20
2089,5,28,95.20
2089,5,29,91.80
2089,5,30,87.70
2089,5,31,83.58
2089,6,1,78.43
2089,6,2,71.90
2089,6,3,66.17
2089,6,4,61.11
2089,6,5,57.26
2089,6,6,53.33
2089,6,7,48.73
2089,6,8,48.35
2089,6,9,47.38
2089,6,10,46.84
2089,6,11,58.68
2089,6,12,88.32
2089,6,13,83.63
2089,6,14,80.20
2089,6,15,76.84
2089,6,16,71.60
2089,6,17,77.76
2089,6,18,91.43
2089,6,19,92.10
2089,6,20,86.75
2089,6,21,82.11
2089,6,22,78.38
2089,6,23,73.66
2089,6,24,74.60
2089,6,25,74.00
2089,6,26,66.36
2089,6,27,58.96
2089,6,28,58.92
2089,6,29,58.50
2089,6,30,65.90
2089,7,1,82.37
2089,7,2,82.92
2089,7,3,83.85
2089,7,4,90.80
2089,7,5,86.82
2089,7,6,81.75
2089,7,7,81.28
2089,7,8,95.20
2089,7,9,95.20
2089,7,10,95.20
2089,7,11,91.71
2089,7,12,87.69
2089,7,13,85.68
2089,7,14,94.28
2089,7,15,95.20
2089,7,16,90.65
2089,7,17,86.15
2089,7,18,80.88
2089,7,19,75.17
2089,7,20,70.57
2089,7,21,75.06
2089,7,22,79.68
2089,7,23,87.68
2089,7,24,83.07
2089,7,25,77.95
2089,7,26,82.00
2089,7,27,79.31
2089,7,28,74.26
2089,7,29,69.87
2089,7,30,65.91
2089,7,31,60.59
2089,8,1,54.63
2089,8,2,48.21
2089,8,3,41.71
2089,8,4,38.93
2089,8,5,35.16
2089,8,6,31.67
2089,8,7,27.65
2089,8,8,23.87
2089,8,9,20.68
2089,8,10,17.73
2089,8,11,15.59
2089,8,12,13.07
2089,8,13,10.93
2089,8,14,8.91
2089,8,15,6.98
2089,8,16,6.55
2089,8,17,5.62
2089,8,18,4.59
2089,8,19,3.60
2089,8,20,3.31
2089,8,21,2.77
2089,8,22,2.29
2089,8,23,1.85
2089,8,24,1.51
2089,8,25,1.26
2089,8,26,1.02
2089,8,27,0.76
2089,8,28,0.59
2089,8,29,0.45
2089,8,30,0.34
2089,8,31,0.26
2089,9,1,0.21
2089,9,2,0.17
2089,9,3,0.16
2089,9,4,6.72
2089,9,5,5.97
2089,9,6,5.55
2089,9,7,4.23
2089,9,8,2.93
2089,9,9,1.91
2089,9,10,1.49
2089,9,11,1.32
2089,9,12,1.13
2089,9,13,1.84
2089,9,14,5.66
2089,9,15,4.75
2089,9,16,4.04
2089,9,17,3.34
2089,9,18,2.91
2089,9,19,6.75
2089,9,20,41.82
2089,9,21,75.58
2089,9,22,71.88
2089,9,23,68.19
2089,9,24,64.48
2089,9,25,60.80
2089,9,26,58.44
2089,9,27,56.90
2089,9,28,58.52
2089,9,29,56.55
2089,9,30,65.95
2089,10,1,82.69
2089,10,2,87.30
2089,10,3,85.55
2089,10,4,85.19
2089,10,5,93.77
2089,10,6,91.65
2089,10,7,89.64
2089,10,8,87.10
2089,10,9,84.41
2089,10,10,81.76
2089,10,11,79.56
2089,10,12,82.72
2089,10,13,81.48
2089,10,14,80.05
2089,10,15,78.27
2089,10,16,76.25
2089,10,17,85.00
2089,10,18,82.66
2089,10,19,83.66
2089,10,20,84.01
2089,10,21,81.97
2089,10,22,80.07
2089,10,23,77.82
2089,10,24,77.67
2089,10,25,95.20
2089,10,26,94.11
2089,10,27,93.09
2089,10,28,93.91
2089,10,29,95.20
2089,10,30,93.38
2089,10,31,92.12
2089,11,1,91.06
2089,11,2,93.29
2089,11,3,94.70
2089,11,4,93.87
2089,11,5,94.51
2089,11,6,92.89
2089,11,7,95.20
2089,11,8,95.20
2089,11,9,95.20
2089,11,10,95.20
2089,11,11,95.20
2089,11,12,95.20
2089,11,13,94.31
2089,11,14,93.19
2089,11,15,91.38
2089,11,16,89.56
2089,11,17,91.84
2089,11,18,95.20
2089,11,19,94.00
2089,11,20,95.20
2089,11,21,95.20
2089,11,22,94.45
2089,11,23,93.39
2089,11,24,95.20
2089,11,25,95.03
2089,11,26,94.04
2089,11,27,93.09
2089,11,28,92.18
2089,11,29,95.20
2089,11,30,95.20
2089,12,1,94.50
2089,12,2,93.71
2089,12,3,92.87
2089,12,4,91.98
2089,12,5,90.60
2089,12,6,89.70
2089,12,7,89.16
2089,12,8,88.68
2089,12,9,88.12
2089,12,10,87.45
2089,12,11,86.37
2089,12,12,85.40
2089,12,13,84.37
2089,12,14,83.28
2089,12,15,93.30
2089,12,16,95.20
2089,12,17,94.53
2089,12,18,93.65
2089,12,19,92.52
2089,12,20,94.58
2089,12,21,93.72
2089,12,22,92.57
2089,12,23,91.47
2089,12,24,95.20
2089,12,25,95.20
2089,12,26,94.38
2089,12,27,95.20
2089,12,28,95.20
2089,12,29,94.48
2089,12,30,93.70
2089,12,31,92.92
2090,1,1,93.16
2090,1,2,93.26
2090,1,3,93.37
2090,1,4,92.85
2090,1,5,92.17
2090,1,6,95.20
2090,1,7,95.00
2090,1,8,94.71
2090,1,9,94.14
2090,1,10,94.62
2090,1,11,95.20
2090,1,12,95.20
2090,1,13,94.66
2090,1,14,94.10
2090,1,15,93.73
2090,1,16,93.16
2090,1,17,92.77
2090,1,18,92.35
2090,1,19,91.91
2090,1,20,91.51
2090,1,21,93.08
2090,1,22,92.67
2090,1,23,92.07
2090,1,24,91.50
2090,1,25,91.10
2090,1,26,90.74
2090,1,27,90.26
2090,1,28,89.67
2090,1,29,89.23
2090,1,30,88.80
2090,1,31,88.41
2090,2,1,87.85
2090,2,2,87.34
2090,2,3,95.20
2090,2,4,94.61
2090,2,5,94.25
2090,2,6,93.83
2090,2,7,93.48
2090,2,8,92.95
2090,2,9,95.20
2090,2,10,95.20
2090,2,11,95.20
2090,2,12,94.55
2090,2,13,95.20
2090,2,14,94.56
2090,2,15,94.25
2090,2,16,93.86
2090,2,17,95.20
2090,2,18,94.06
2090,2,19,92.96
2090,2,20,91.32
2090,2,21,95.20
2090,2,22,94.62
2090,2,23,93.94
2090,2,24,94.61
2090,2,25,93.98
2090,2,26,93.34
2090,2,27,95.20
2090,2,28,94.43
2090,3,1,93.91
2090,3,2,93.99
2090,3,3,93.26
2090,3,4,92.63
2090,3,5,92.50
2090,3,6,91.78
2090,3,7,91.19
2090,3,8,90.63
2090,3,9,89.89
2090,3,10,94.21
2090,3,11,93.08
2090,3,12,92.26
2090,3,13,95.20
2090,3,14,94.20
2090,3,15,93.17
2090,3,16,95.20
2090,3,17,95.20
2090,3,18,95.20
2090,3,19,94.99
2090,3,20,93.59
2090,3,21,95.20
2090,3,22,94.97
2090,3,23,93.82
2090,3,24,94.56
2090,3,25,95.20
2090,3,26,95.20
2090,3,27,93.69
2090,3,28,93.11
2090,3,29,92.15
2090,3,30,91.12
2090,3,31,89.95
2090,4,1,89.92
2090,4,2,91.70
2090,4,3,91.38
2090,4,4,90.30
2090,4,5,95.20
2090,4,6,94.04
2090,4,7,93.04
2090,4,8,91.64
2090,4,9,90.12
2090,4,10,88.34
2090,4,11,95.20
2090,4,12,95.20
2090,4,13,95.20
2090,4,14,94.23
2090,4,15,92.84
2090,4,16,91.30
2090,4,17,90.03
2090,4,18,93.48
2090,4,19,95.20
2090,4,20,93.56
2090,4,21,92.08
2090,4,22,90.11
2090,4,23,87.58
2090,4,24,86.53
2090,4,25,91.66
2090,4,26,95.20
2090,4,27,95.20
2090,4,28,91.77
2090,4,29,88.92
2090,4,30,86.94
2090,5,1,82.83
2090,5,2,78.14
2090,5,3,80.22
2090,5,4,89.85
2090,5,5,86.34
2090,5,6,83.57
2090,5,7,81.36
2090,5,8,86.16
2090,5,9,85.26
2090,5,10,81.58
2090,5,11,78.53
2090,5,12,75.90
2090,5,13,75.08
2090,5,14,76.82
2090,5,15,73.86
2090,5,16,71.75
2090,5,17,69.67
2090,5,18,89.77
2090,5,19,95.20
2090,5,20,95.20
2090,5,21,92.38
2090,5,22,89.31
2090,5,23,84.90
2090,5,24,79.50
2090,5,25,76.76
2090,5,26,74.27
2090,5,27,73.04
2090,5,28,70.90
2090,5,29,72.82
2090,5,30,72.85
2090,5,31,74.54
2090,6,1,71.59
2090,6,2,66.23
2090,6,3,61.76
2090,6,4,57.96
2090,6,5,57.59
2090,6,6,75.44
2090,6,7,71.53
2090,6,8,67.76
2090,6,9,63.27
2090,6,10,59.09
2090,6,11,57.97
2090,6,12,54.20
2090,6,13,49.39
2090,6,14,45.53
2090,6,15,41.19
2090,6,16,37.67
2090,6,17,34.82
2090,6,18,31.60
2090,6,19,28.25
2090,6,20,24.64
2090,6,21,21.50
2090,6,22,18.61
2090,6,23,17.45
2090,6,24,18.54
2090,6,25,15.41
2090,6,26,12.92
2090,6,27,12.59
2090,6,28,14.70
2090,6,29,16.42
2090,6,30,13.38
2090,7,1,9.77
2090,7,2,9.20
2090,7,3,6.20
2090,7,4,4.56
2090,7,5,3.66
2090,7,6,3.15
2090,7,7,2.78
2090,7,8,3.22
2090,7,9,2.85
2090,7,10,2.08
2090,7,11,1.52
2090,7,12,1.21
2090,7,13,8.26
2090,7,14,6.01
2090,7,15,4.53
2090,7,16,3.50
2090,7,17,2.68
2090,7,18,2.05
2090,7,19,1.52
2090,7,20,1.32
2090,7,21,1.20
2090,7,22,0.98
2090,7,23,0.91
2090,7,24,0.65
2090,7,25,0.39
2090,7,26,0.22
2090,7,27,0.13
2090,7,28,0.07
2090,7,29,0.04
2090,7,30,0.03
2090,7,31,0.02
2090,8,1,0.02
2090,8,2,0.01
2090,8,3,0.01
2090,8,4,0.01
2090,8,5,0.01
2090,8,6,0.01
2090,8,7,3.40
2090,8,8,22.58
2090,8,9,54.31
2090,8,10,64.50
2090,8,11,66.75
2090,8,12,63.84
2090,8,13,59.10
2090,8,14,58.93
2090,8,15,58.45
2090,8,16,53.65
2090,8,17,49.15
2090,8,18,45.28
2090,8,19,41.79
2090,8,20,38.05
2090,8,21,33.87
2090,8,22,29.49
2090,8,23,25.49
2090,8,24,23.11
2090,8,25,20.31
2090,8,26,25.90
2090,8,27,44.53
2090,8,28,49.73
2090,8,29,46.59
2090,8,30,43.80
2090,8,31,40.75
2090,9,1,36.10
2090,9,2,32.53
2090,9,3,29.11
2090,9,4,26.31
2090,9,5,23.38
2090,9,6,20.68
2090,9,7,17.56
2090,9,8,15.72
2090,9,9,13.45
2090,9,10,11.40
2090,9,11,9.57
2090,9,12,8.14
2090,9,13,6.85
2090,9,14,5.66
2090,9,15,4.46
2090,9,16,3.48
2090,9,17,8.67
2090,9,18,30.47
2090,9,19,28.59
2090,9,20,26.72
2090,9,21,24.57
2090,9,22,23.06
2090,9,23,21.47
2090,9,24,19.85
2090,9,25,18.36
2090,9,26,16.67
2090,9,27,14.94
2090,9,28,13.43
2090,9,29,12.03
2090,9,30,10.69
2090,10,1,9.33
2090,10,2,8.19
2090,10,3,7.16
2090,10,4,6.17
2090,10,5,5.41
2090,10,6,4.86
2090,10,7,4.33
2090,10,8,3.83
2090,10,9,3.41
2090,10,10,7.23
2090,10,11,6.52
2090,10,12,6.08
2090,10,13,5.74
2090,10,14,5.25
2090,10,15,4.65
2090,10,16,5.53
2090,10,17,4.95
2090,10,18,4.67
2090,10,19,4.41
2090,10,20,4.17
2090,10,21,3.93
2090,10,22,15.87
2090,10,23,21.23
2090,10,24,20.21
2090,10,25,19.01
2090,10,26,17.95
2090,10,27,16.84
2090,10,28,15.87
2090,10,29,14.97
2090,10,30,14.09
2090,10,31,13.09
2090,11,1,13.22
2090,11,2,35.39
2090,11,3,47.47
2090,11,4,46.17
2090,11,5,44.50
2090,11,6,45.20
2090,11,7,46.20
2090,11,8,55.79
2090,11,9,77.34
2090,11,10,95.20
2090,11,11,95.20
2090,11,12,93.99
2090,11,13,92.33
2090,11,14,90.72
2090,11,15,89.54
2090,11,16,88.70
2090,11,17,87.84
2090,11,18,87.05
2090,11,19,86.55
2090,11,20,85.35
2090,11,21,83.45
2090,11,22,82.32
2090,11,23,80.86
2090,11,24,80.04
2090,11,25,83.12
2090,11,26,82.09
2090,11,27,80.76
2090,11,28,79.86
2090,11,29,79.18
2090,11,30,78.40
2090,12,1,77.50
2090,12,2,76.68
2090,12,3,75.85
2090,12,4,87.53
2090,12,5,86.70
2090,12,6,86.18
2090,12,7,85.70
2090,12,8,85.22
2090,12,9,84.60
2090,12,10,91.70
2090,12,11,95.20
2090,12,12,94.64
2090,12,13,94.17
2090,12,14,93.62
2090,12,15,95.20
2090,12,16,95.20
2090,12,17,95.20
2090,12,18,95.20
2090,12,19,95.20
2090,12,20,94.15
2090,12,21,93.08
2090,12,22,95.20
2090,12,23,95.20
2090,12,24,95.20
2090,12,25,94.29
2090,12,26,93.52
2090,12,27,92.64
2090,12,28,92.44
2090,12,29,91.73
2090,12,30,90.88
2090,12,31,89.98
2091,1,1,91.04
2091,1,2,93.89
2091,1,3,95.00
2091,1,4,94.38
2091,1,5,93.86
2091,1,6,93.41
2091,1,7,95.20
2091,1,8,95.20
2091,1,9,94.56
2091,1,10,94.04
2091,1,11,93.56
2091,1,12,93.07
2091,1,13,92.55
2091,1,14,95.20
2091,1,15,95.20
2091,1,16,94.58
2091,1,17,94.11
2091,1,18,95.20
2091,1,19,94.52
2091,1,20,94.15
2091,1,21,93.79
2091,1,22,93.25
2091,1,23,93.43
2091,1,24,92.74
2091,1,25,92.12
2091,1,26,91.38
2091,1,27,90.72
2091,1,28,90.18
2091,1,29,89.65
2091,1,30,88.98
2091,1,31,88.15
2091,2,1,87.38
2091,2,2,86.80
2091,2,3,86.16
2091,2,4,85.54
2091,2,5,84.72
2091,2,6,83.87
2091,2,7,82.84
2091,2,8,81.69
2091,2,9,80.37
2091,2,10,79.63
2091,2,11,78.57
2091,2,12,84.86
2091,2,13,84.46
2091,2,14,84.04
2091,2,15,83.44
2091,2,16,95.20
2091,2,17,95.20
2091,2,18,94.30
2091,2,19,94.20
2091,2,20,93.50
2091,2,21,95.20
2091,2,22,95.20
2091,2,23,95.20
2091,2,24,94.35
2091,2,25,93.54
2091,2,26,95.20
2091,2,27,93.85
2091,2,28,95.20
2091,3,1,95.20
2091,3,2,94.70
2091,3,3,94.12
2091,3,4,95.20
2091,3,5,95.20
2091,3,6,94.20
2091,3,7,92.91
2091,3,8,92.27
2091,3,9,93.25
2091,3,10,95.20
2091,3,11,95.20
2091,3,12,94.66
2091,3,13,93.79
2091,3,14,92.62
2091,3,15,91.56
2091,3,16,89.87
2091,3,17,88.70
2091,3,18,88.00
2091,3,19,87.33
2091,3,20,95.20
2091,3,21,95.20
2091,3,22,95.20
2091,3,23,93.77
2091,3,24,92.64
2091,3,25,90.98
2091,3,26,89.71
2091,3,27,95.20
2091,3,28,95.20
2091,3,29,95.20
2091,3,30,94.42
2091,3,31,93.53
2091,4,1,94.34
2091,4,2,95.20
2091,4,3,95.20
2091,4,4,94.03
2091,4,5,92.77
2091,4,6,95.20
2091,4,7,95.20
2091,4,8,95.20
2091,4,9,95.20
2091,4,10,93.38
2091,4,11,94.51
2091,4,12,95.20
2091,4,13,95.20
2091,4,14,93.33
2091,4,15,91.59
2091,4,16,89.47
2091,4,17,87.84
2091,4,18,86.45
2091,4,19,84.07
2091,4,20,82.78
2091,4,21,87.49
2091,4,22,91.60
2091,4,23,89.78
2091,4,24,87.59
2091,4,25,85.26
2091,4,26,82.50
2091,4,27,79.35
2091,4,28,74.55
2091,4,29,69.80
2091,4,30,66.09
2091,5,1,62.60
2091,5,2,59.03
2091,5,3,55.57
2091,5,4,52.99
2091,5,5,49.73
2091,5,6,45.88
2091,5,7,41.94
2091,5,8,45.27
2091,5,9,46.92
2091,5,10,44.63
2091,5,11,42.33
2091,5,12,46.48
2091,5,13,49.95
2091,5,14,47.55
2091,5,15,44.07
2091,5,16,40.16
2091,5,17,36.25
2091,5,18,32.25
2091,5,19,28.55
2091,5,20,26.92
2091,5,21,23.44
2091,5,22,19.68
2091,5,23,15.77
2091,5,24,12.62
2091,5,25,9.49
2091,5,26,7.14
2091,5,27,5.33
2091,5,28,4.59
2091,5,29,9.04
2091,5,30,31.21
2091,5,31,28.62
2091,6,1,26.11
2091,6,2,23.74
2091,6,3,21.49
2091,6,4,18.53
2091,6,5,16.00
2091,6,6,22.91
2091,6,7,23.21
2091,6,8,20.47
2091,6,9,17.97
2091,6,10,16.80
2091,6,11,17.02
2091,6,12,13.68
2091,6,13,10.53
2091,6,14,7.66
2091,6,15,6.61
2091,6,16,7.84
2091,6,17,6.05
2091,6,18,4.73
2091,6,19,3.44
2091,6,20,2.31
2091,6,21,1.37
2091,6,22,0.94
2091,6,23,0.77
2091,6,24,0.52
2091,6,25,0.36
2091,6,26,0.34
2091,6,27,0.33
2091,6,28,0.25
2091,6,29,0.20
2091,6,30,0.16
2091,7,1,0.13
2091,7,2,0.11
2091,7,3,0.09
2091,7,4,0.06
2091,7,5,0.05
2091,7,6,0.04
2091,7,7,0.03
2091,7,8,0.02
2091,7,9,4.37
2091,7,10,3.39
2091,7,11,2.56
2091,7,12,1.87
2091,7,13,1.41
2091,7,14,1.24
2091,7,15,1.23
2091,7,16,7.98
2091,7,17,11.72
2091,7,18,20.64
2091,7,19,22.47
2091,7,20,23.71
2091,7,21,20.14
2091,7,22,24.17
2091,7,23,26.95
2091,7,24,26.16
2091,7,25,21.07
2091,7,26,16.60
2091,7,27,13.81
2091,7,28,13.24
2091,7,29,12.65
2091,7,30,20.83
2091,7,31,26.21
2091,8,1,25.98
2091,8,2,21.76
2091,8,3,17.54
2091,8,4,14.67
2091,8,5,20.69
2091,8,6,34.64
2091,8,7,30.96
2091,8,8,26.96
2091,8,9,26.77
2091,8,10,24.97
2091,8,11,21.69
2091,8,12,18.65
2091,8,13,15.81
2091,8,14,13.20
2091,8,15,10.92
2091,8,16,9.35
2091,8,17,7.44
2091,8,18,5.68
2091,8,19,5.18
2091,8,20,3.79
2091,8,21,3.17
2091,8,22,2.64
2091,8,23,2.09
2091,8,24,1.62
2091,8,25,1.38
2091,8,26,1.02
2091,8,27,0.73
2091,8,28,0.60
2091,8,29,3.63
2091,8,30,2.90
2091,8,31,2.38
2091,9,1,1.95
2091,9,2,1.61
2091,9,3,1.31
2091,9,4,1.14
2091,9,5,2.35
2091,9,6,18.43
2091,9,7,52.43
2091,9,8,61.00
2091,9,9,66.38
2091,9,10,62.71
2091,9,11,58.19
2091,9,12,53.43
2091,9,13,49.36
2091,9,14,46.12
2091,9,15,43.26
2091,9,16,41.19
2091,9,17,38.73
2091,9,18,35.83
2091,9,19,32.99
2091,9,20,30.11
2091,9,21,27.11
2091,9,22,24.41
2091,9,23,22.25
2091,9,24,41.04
2091,9,25,44.05
2091,9,26,40.86
2091,9,27,38.03
2091,9,28,35.65
2091,9,29,33.94
2091,9,30,40.31
2091,10,1,63.37
2091,10,2,67.39
2091,10,3,65.95
2091,10,4,63.97
2091,10,5,61.98
2091,10,6,60.71
2091,10,7,59.37
2091,10,8,58.75
2091,10,9,57.53
2091,10,10,56.07
2091,10,11,54.42
2091,10,12,52.42
2091,10,13,50.07
2091,10,14,47.53
2091,10,15,45.35
2091,10,16,46.46
2091,10,17,46.40
2091,10,18,45.22
2091,10,19,43.87
2091,10,20,52.51
2091,10,21,77.44
2091,10,22,79.45
2091,10,23,77.68
2091,10,24,76.26
2091,10,25,90.23
2091,10,26,91.77
2091,10,27,91.44
2091,10,28,92.70
2091,10,29,90.98
2091,10,30,88.67
2091,10,31,87.12
2091,11,1,85.64
2091,11,2,83.65
2091,11,3,81.77
2091,11,4,79.60
2091,11,5,77.48
2091,11,6,76.40
2091,11,7,74.96
2091,11,8,85.80
2091,11,9,86.38
2091,11,10,85.27
2091,11,11,85.12
2091,11,12,84.24
2091,11,13,88.60
2091,11,14,91.95
2091,11,15,90.62
2091,11,16,89.10
2091,11,17,88.06
2091,11,18,86.28
2091,11,19,84.78
2091,11,20,84.39
2091,11,21,84.44
2091,11,22,83.36
2091,11,23,82.39
2091,11,24,81.25
2091,11,25,80.84
2091,11,26,82.94
2091,11,27,87.04
2091,11,28,86.21
2091,11,29,85.40
2091,11,30,95.20
2091,12,1,95.20
2091,12,2,94.68
2091,12,3,95.20
2091,12,4,95.20
2091,12,5,95.20
2091,12,6,94.03
2091,12,7,92.99
2091,12,8,92.04
2091,12,9,91.21
2091,12,10,90.45
2091,12,11,90.02
2091,12,12,88.59
2091,12,13,87.58
2091,12,14,88.72
2091,12,15,88.11
2091,12,16,95.20
2091,12,17,95.20
2091,12,18,94.61
2091,12,19,95.20
2091,12,20,94.42
2091,12,21,93.76
2091,12,22,93.13
2091,12,23,92.56
2091,12,24,91.86
2091,12,25,91.16
2091,12,26,90.38
2091,12,27,89.64
2091,12,28,92.48
2091,12,29,95.20
2091,12,30,94.30
2091,12,31,95.20
2092,1,1,95.20
2092,1,2,94.51
2092,1,3,93.80
2092,1,4,93.24
2092,1,5,92.55
2092,1,6,95.20
2092,1,7,94.95
2092,1,8,94.39
2092,1,9,95.20
2092,1,10,94.17
2092,1,11,93.39
2092,1,12,92.70
2092,1,13,92.08
2092,1,14,93.76
2092,1,15,93.00
2092,1,16,92.32
2092,1,17,91.45
2092,1,18,90.53
2092,1,19,90.01
2092,1,20,89.61
2092,1,21,89.12
2092,1,22,93.58
2092,1,23,95.20
2092,1,24,94.56
2092,1,25,94.10
2092,1,26,93.65
2092,1,27,93.10
2092,1,28,92.54
2092,1,29,91.76
2092,1,30,90.93
2092,1,31,90.00
2092,2,1,88.99
2092,2,2,87.98
2092,2,3,87.25
2092,2,4,86.40
2092,2,5,89.04
2092,2,6,88.26
2092,2,7,87.61
2092,2,8,86.94
2092,2,9,86.25
2092,2,10,95.11
2092,2,11,95.20
2092,2,12,94.39
2092,2,13,93.63
2092,2,14,92.98
2092,2,15,95.20
2092,2,16,95.20
2092,2,17,95.20
2092,2,18,94.62
2092,2,19,93.87
2092,2,20,95.20
2092,2,21,95.20
2092,2,22,95.20
2092,2,23,94.41
2092,2,24,95.20
2092,2,25,95.20
2092,2,26,95.20
2092,2,27,94.34
2092,2,28,93.60
2092,2,29,92.83
2092,3,1,92.10
2092,3,2,91.21
2092,3,3,95.20
2092,3,4,95.20
2092,3,5,95.20
2092,3,6,94.45
2092,3,7,93.57
2092,3,8,92.50
2092,3,9,91.64
2092,3,10,90.74
2092,3,11,89.76
2092,3,12,89.48
2092,3,13,89.97
2092,3,14,88.55
2092,3,15,87.34
2092,3,16,95.20
2092,3,17,95.20
2092,3,18,95.20
2092,3,19,95.20
2092,3,20,94.26
2092,3,21,93.25
2092,3,22,92.79
2092,3,23,92.62
2092,3,24,94.43
2092,3,25,95.20
2092,3,26,95.20
2092,3,27,95.20
2092,3,28,95.20
2092,3,29,95.20
2092,3,30,95.20
2092,3,31,93.63
2092,4,1,92.14
2092,4,2,93.66
2092,4,3,95.20
2092,4,4,93.93
2092,4,5,94.83
2092,4,6,95.20
2092,4,7,93.36
2092,4,8,91.28
2092,4,9,93.58
2092,4,10,91.71
2092,4,11,89.38
2092,4,12,95.20
2092,4,13,95.20
2092,4,14,93.71
2092,4,15,92.63
2092,4,16,93.29
2092,4,17,92.08
2092,4,18,90.59
2092,4,19,89.12
2092,4,20,86.92
2092,4,21,84.16
2092,4,22,80.82
2092,4,23,77.31
2092,4,24,74.92
2092,4,25,72.71
2092,4,26,70.30
2092,4,27,67.02
2092,4,28,63.95
2092,4,29,61.38
2092,4,30,56.89
2092,5,1,59.24
2092,5,2,63.64
2092,5,3,60.86
2092,5,4,57.83
2092,5,5,53.84
2092,5,6,50.34
2092,5,7,54.80
2092,5,8,71.55
2092,5,9,73.70
2092,5,10,71.79
2092,5,11,70.20
2092,5,12,70.54
2092,5,13,67.33
2092,5,14,76.99
2092,5,15,95.20
2092,5,16,93.30
2092,5,17,94.70
2092,5,18,90.55
2092,5,19,87.61
2092,5,20,89.13
2092,5,21,95.20
2092,5,22,95.20
2092,5,23,93.51
2092,5,24,92.05
2092,5,25,95.20
2092,5,26,94.82
2092,5,27,91.32
2092,5,28,88.26
2092,5,29,83.98
2092,5,30,77.87
2092,5,31,71.53
2092,6,1,66.85
2092,6,2,67.53
2092,6,3,67.61
2092,6,4,65.92
2092,6,5,60.70
2092,6,6,55.08
2092,6,7,50.73
2092,6,8,63.79
2092,6,9,67.02
2092,6,10,66.34
2092,6,11,62.73
2092,6,12,58.74
2092,6,13,52.77
2092,6,14,48.18
2092,6,15,49.18
2092,6,16,50.20
2092,6,17,55.94
2092,6,18,57.18
2092,6,19,57.02
2092,6,20,53.57
2092,6,21,50.01
2092,6,22,46.42
2092,6,23,42.11
2092,6,24,37.82
2092,6,25,41.66
2092,6,26,43.57
2092,6,27,38.53
2092,6,28,34.16
2092,6,29,33.09
2092,6,30,31.70
2092,7,1,35.86
2092,7,2,49.52
2092,7,3,48.01
2092,7,4,43.60
2092,7,5,39.98
2092,7,6,35.23
2092,7,7,28.99
2092,7,8,23.99
2092,7,9,19.73
2092,7,10,16.10
2092,7,11,12.59
2092,7,12,9.18
2092,7,13,6.29
2092,7,14,5.56
2092,7,15,7.61
2092,7,16,6.04
2092,7,17,4.44
2092,7,18,3.19
2092,7,19,2.37
2092,7,20,2.14
2092,7,21,1.89
2092,7,22,16.77
2092,7,23,29.71
2092,7,24,58.83
2092,7,25,55.78
2092,7,26,50.16
2092,7,27,56.19
2092,7,28,56.82
2092,7,29,58.10
2092,7,30,55.05
2092,7,31,50.54
2092,8,1,45.78
2092,8,2,43.59
2092,8,3,52.87
2092,8,4,55.25
2092,8,5,50.05
2092,8,6,50.02
2092,8,7,46.31
2092,8,8,61.91
2092,8,9,65.87
2092,8,10,65.59
2092,8,11,65.38
2092,8,12,62.48
2092,8,13,59.58
2092,8,14,57.34
2092,8,15,57.17
2092,8,16,70.72
2092,8,17,69.48
2092,8,18,65.72
2092,8,19,61.83
2092,8,20,58.47
2092,8,21,54.33
2092,8,22,49.84
2092,8,23,46.68
2092,8,24,45.20
2092,8,25,41.66
2092,8,26,37.88
2092,8,27,34.21
2092,8,28,31.02
2092,8,29,28.30
2092,8,30,25.40
2092,8,31,22.59
2092,9,1,19.70
2092,9,2,19.33
2092,9,3,18.82
2092,9,4,17.84
2092,9,5,14.80
2092,9,6,12.03
2092,9,7,9.99
2092,9,8,9.68
2092,9,9,24.05
2092,9,10,37.15
2092,9,11,34.90
2092,9,12,30.07
2092,9,13,26.01
2092,9,14,23.31
2092,9,15,24.75
2092,9,16,22.99
2092,9,17,21.46
2092,9,18,19.61
2092,9,19,17.83
2092,9,20,15.86
2092,9,21,14.09
2092,9,22,12.58
2092,9,23,11.19
2092,9,24,9.88
2092,9,25,9.34
2092,9,26,8.56
2092,9,27,17.69
2092,9,28,16.20
2092,9,29,15.01
2092,9,30,13.53
2092,10,1,12.23
2092,10,2,11.13
2092,10,3,14.92
2092,10,4,16.13
2092,10,5,14.86
2092,10,6,13.39
2092,10,7,12.01
2092,10,8,12.91
2092,10,9,17.72
2092,10,10,22.16
2092,10,11,22.41
2092,10,12,20.35
2092,10,13,21.89
2092,10,14,21.74
2092,10,15,21.82
2092,10,16,55.12
2092,10,17,64.32
2092,10,18,63.33
2092,10,19,63.25
2092,10,20,62.04
2092,10,21,60.92
2092,10,22,61.98
2092,10,23,60.63
2092,10,24,59.36
2092,10,25,57.12
2092,10,26,55.15
2092,10,27,53.77
2092,10,28,56.98
2092,10,29,55.48
2092,10,30,52.71
2092,10,31,51.03
2092,11,1,48.98
2092,11,2,48.08
2092,11,3,49.43
2092,11,4,49.38
2092,11,5,57.27
2092,11,6,82.64
2092,11,7,80.96
2092,11,8,79.07
2092,11,9,77.30
2092,11,10,81.41
2092,11,11,82.79
2092,11,12,85.59
2092,11,13,91.96
2092,11,14,90.80
2092,11,15,95.20
2092,11,16,95.20
2092,11,17,95.20
2092,11,18,93.91
2092,11,19,95.20
2092,11,20,95.20
2092,11,21,95.20
2092,11,22,95.20
2092,11,23,94.38
2092,11,24,92.93
2092,11,25,91.47
2092,11,26,90.38
2092,11,27,95.20
2092,11,28,95.20
2092,11,29,95.20
2092,11,30,94.40
2092,12,1,93.59
2092,12,2,95.20
2092,12,3,93.67
2092,12,4,93.12
2092,12,5,95.20
2092,12,6,94.39
2092,12,7,94.16
2092,12,8,93.89
2092,12,9,93.34
2092,12,10,92.81
2092,12,11,92.24
2092,12,12,91.68
2092,12,13,91.19
2092,12,14,95.20
2092,12,15,95.20
2092,12,16,95.20
2092,12,17,95.20
2092,12,18,95.20
2092,12,19,94.65
2092,12,20,94.49
2092,12,21,93.80
2092,12,22,93.20
2092,12,23,95.20
2092,12,24,95.20
2092,12,25,95.20
2092,12,26,95.20
2092,12,27,94.86
2092,12,28,94.42
2092,12,29,95.20
2092,12,30,95.20
2092,12,31,95.20
2093,1,1,95.20
2093,1,2,94.60
2093,1,3,95.20
2093,1,4,95.20
2093,1,5,94.57
2093,1,6,94.89
2093,1,7,95.20
2093,1,8,94.39
2093,1,9,95.20
2093,1,10,95.20
2093,1,11,95.20
2093,1,12,95.20
2093,1,13,94.68
2093,1,14,94.16
2093,1,15,93.61
2093,1,16,93.06
2093,1,17,95.20
2093,1,18,95.20
2093,1,19,95.20
2093,1,20,95.20
2093,1,21,94.46
2093,1,22,93.86
2093,1,23,95.20
2093,1,24,94.59
2093,1,25,94.14
2093,1,26,93.53
2093,1,27,92.89
2093,1,28,92.10
2093,1,29,93.64
2093,1,30,95.20
2093,1,31,95.20
2093,2,1,94.55
2093,2,2,94.06
2093,2,3,95.20
2093,2,4,94.52
2093,2,5,93.86
2093,2,6,94.63
2093,2,7,95.20
2093,2,8,95.20
2093,2,9,95.20
2093,2,10,94.71
2093,2,11,94.25
2093,2,12,93.62
2093,2,13,93.16
2093,2,14,92.79
2093,2,15,92.24
2093,2,16,95.20
2093,2,17,95.20
2093,2,18,94.48
2093,2,19,95.20
2093,2,20,95.20
2093,2,21,94.15
2093,2,22,93.22
2093,2,23,92.54
2093,2,24,95.20
2093,2,25,95.20
2093,2,26,95.20
2093,2,27,94.42
2093,2,28,94.03
2093,3,1,93.00
2093,3,2,95.20
2093,3,3,95.20
2093,3,4,94.28
2093,3,5,95.20
2093,3,6,95.20
2093,3,7,95.20
2093,3,8,95.20
2093,3,9,95.20
2093,3,10,94.54
2093,3,11,93.91
2093,3,12,95.20
2093,3,13,94.19
2093,3,14,94.65
2093,3,15,95.20
2093,3,16,95.20
2093,3,17,94.18
2093,3,18,93.40
2093,3,19,92.78
2093,3,20,92.43
2093,3,21,90.89
2093,3,22,91.08
2093,3,23,95.20
2093,3,24,94.14
2093,3,25,92.96
2093,3,26,91.16
2093,3,27,89.02
2093,3,28,87.54
2093,3,29,86.46
2093,3,30,89.33
2093,3,31,87.69
2093,4,1,86.21
2093,4,2,84.24
2093,4,3,83.35
2093,4,4,95.20
2093,4,5,93.67
2093,4,6,92.61
2093,4,7,92.30
2093,4,8,90.83
2093,4,9,89.29
2093,4,10,87.83
2093,4,11,94.12
2093,4,12,95.20
2093,4,13,95.20
2093,4,14,92.34
2093,4,15,89.37
2093,4,16,95.20
2093,4,17,95.20
2093,4,18,94.01
2093,4,19,93.10
2093,4,20,91.92
2093,4,21,90.38
2093,4,22,87.98
2093,4,23,84.92
2093,4,24,81.20
2093,4,25,77.18
2093,4,26,72.91
2093,4,27,68.92
2093,4,28,72.51
2093,4,29,93.73
2093,4,30,95.20
2093,5,1,93.13
2093,5,2,91.65
2093,5,3,88.47
2093,5,4,85.47
2093,5,5,83.16
2093,5,6,86.66
2093,5,7,95.20
2093,5,8,95.20
2093,5,9,92.49
2093,5,10,89.39
2093,5,11,85.71
2093,5,12,81.61
2093,5,13,78.28
2093,5,14,75.95
2093,5,15,74.38
2093,5,16,72.62
2093,5,17,77.34
2093,5,18,75.93
2093,5,19,75.69
2093,5,20,73.90
2093,5,21,69.87
2093,5,22,70.79
2093,5,23,70.76
2093,5,24,68.10
2093,5,25,65.34
2093,5,26,61.72
2093,5,27,64.58
2093,5,28,78.81
2093,5,29,79.98
2093,5,30,83.71
2093,5,31,81.17
2093,6,1,77.44
2093,6,2,73.15
2093,6,3,73.40
2093,6,4,75.71
2093,6,5,81.82
2093,6,6,95.20
2093,6,7,95.20
2093,6,8,95.20
2093,6,9,92.59
2093,6,10,89.17
2093,6,11,87.03
2093,6,12,95.20
2093,6,13,91.58
2093,6,14,88.37
2093,6,15,83.96
2093,6,16,80.49
2093,6,17,78.86
2093,6,18,81.20
2093,6,19,77.34
2093,6,20,73.20
2093,6,21,69.57
2093,6,22,65.97
2093,6,23,61.97
2093,6,24,57.70
2093,6,25,54.59
2093,6,26,51.16
2093,6,27,45.80
2093,6,28,41.00
2093,6,29,39.77
2093,6,30,36.36
2093,7,1,31.96
2093,7,2,26.36
2093,7,3,29.80
2093,7,4,57.34
2093,7,5,61.74
2093,7,6,65.19
2093,7,7,60.34
2093,7,8,55.59
2093,7,9,51.51
2093,7,10,63.60
2093,7,11,58.76
2093,7,12,53.85
2093,7,13,48.82
2093,7,14,44.38
2093,7,15,39.67
2093,7,16,35.22
2093,7,17,31.99
2093,7,18,26.95
2093,7,19,21.53
2093,7,20,17.82
2093,7,21,15.83
2093,7,22,14.52
2093,7,23,20.32
2093,7,24,24.36
2093,7,25,20.67
2093,7,26,16.38
2093,7,27,14.03
2093,7,28,13.22
2093,7,29,11.30
2093,7,30,8.40
2093,7,31,6.41
2093,8,1,4.84
2093,8,2,3.41
2093,8,3,2.68
2093,8,4,1.80
2093,8,5,1.30
2093,8,6,0.93
2093,8,7,0.69
2093,8,8,0.59
2093,8,9,0.51
2093,8,10,0.39
2093,8,11,0.29
2093,8,12,0.21
2093,8,13,0.15
2093,8,14,0.12
2093,8,15,27.35
2093,8,16,45.29
2093,8,17,44.30
2093,8,18,41.54
2093,8,19,37.67
2093,8,20,33.60
2093,8,21,29.42
2093,8,22,25.49
2093,8,23,21.81
2093,8,24,18.97
2093,8,25,20.25
2093,8,26,18.80
2093,8,27,18.46
2093,8,28,16.68
2093,8,29,14.45
2093,8,30,12.60
2093,8,31,10.86
2093,9,1,9.45
2093,9,2,7.99
2093,9,3,18.30
2093,9,4,31.80
2093,9,5,33.30
2093,9,6,33.01
2093,9,7,45.44
2093,9,8,46.27
2093,9,9,42.19
2093,9,10,40.81
2093,9,11,40.44
2093,9,12,45.41
2093,9,13,48.95
2093,9,14,51.59
2093,9,15,48.73
2093,9,16,45.81
2093,9,17,50.44
2093,9,18,63.24
2093,9,19,66.77
2093,9,20,63.59
2093,9,21,60.65
2093,9,22,57.81
2093,9,23,54.80
2093,9,24,51.85
2093,9,25,48.80
2093,9,26,46.34
2093,9,27,44.76
2093,9,28,42.02
2093,9,29,39.80
2093,9,30,37.38
2093,10,1,34.89
2093,10,2,32.21
2093,10,3,29.95
2093,10,4,28.30
2093,10,5,26.90
2093,10,6,25.58
2093,10,7,25.48
2093,10,8,26.43
2093,10,9,24.85
2093,10,10,23.28
2093,10,11,21.75
2093,10,12,20.08
2093,10,13,25.57
2093,10,14,33.46
2093,10,15,32.42
2093,10,16,31.08
2093,10,17,29.42
2093,10,18,28.04
2093,10,19,25.69
2093,10,20,26.86
2093,10,21,27.26
2093,10,22,26.10
2093,10,23,24.91
2093,10,24,23.60
2093,10,25,22.05
2093,10,26,25.14
2093,10,27,47.40
2093,10,28,61.60
2093,10,29,60.39
2093,10,30,59.44
2093,10,31,58.23
2093,11,1,56.79
2093,11,2,55.17
2093,11,3,53.27
2093,11,4,51.55
2093,11,5,70.49
2093,11,6,85.88
2093,11,7,85.03
2093,11,8,84.20
2093,11,9,89.27
2093,11,10,95.20
2093,11,11,95.20
2093,11,12,94.13
2093,11,13,93.07
2093,11,14,91.95
2093,11,15,90.63
2093,11,16,92.36
2093,11,17,95.17
2093,11,18,95.20
2093,11,19,95.20
2093,11,20,95.20
2093,11,21,94.14
2093,11,22,93.07
2093,11,23,92.14
2093,11,24,95.20
2093,11,25,95.20
2093,11,26,95.20
2093,11,27,94.91
2093,11,28,93.75
2093,11,29,92.50
2093,11,30,93.28
2093,12,1,92.83
2093,12,2,91.54
2093,12,3,93.14
2093,12,4,93.84
2093,12,5,94.56
2093,12,6,95.20
2093,12,7,94.80
2093,12,8,94.05
2093,12,9,93.92
2093,12,10,93.03
2093,12,11,95.20
2093,12,12,95.20
2093,12,13,94.23
2093,12,14,92.87
2093,12,15,92.09
2093,12,16,91.24
2093,12,17,95.20
2093,12,18,95.20
2093,12,19,95.20
2093,12,20,95.20
2093,12,21,95.20
2093,12,22,94.48
2093,12,23,93.77
2093,12,24,93.02
2093,12,25,92.31
2093,12,26,91.59
2093,12,27,92.36
2093,12,28,91.90
2093,12,29,91.32
2093,12,30,90.65
2093,12,31,90.03
2094,1,1,89.63
2094,1,2,89.00
2094,1,3,88.49
2094,1,4,87.77
2094,1,5,86.99
2094,1,6,86.36
2094,1,7,87.28
2094,1,8,86.67
2094,1,9,86.08
2094,1,10,85.48
2094,1,11,84.87
2094,1,12,84.30
2094,1,13,83.66
2094,1,14,82.89
2094,1,15,82.47
2094,1,16,81.83
2094,1,17,85.95
2094,1,18,85.14
2094,1,19,84.75
2094,1,20,84.27
2094,1,21,83.77
2094,1,22,83.24
2094,1,23,89.11
2094,1,24,88.35
2094,1,25,92.06
2094,1,26,95.20
2094,1,27,95.20
2094,1,28,95.20
2094,1,29,94.59
2094,1,30,94.20
2094,1,31,93.59
2094,2,1,93.44
2094,2,2,92.21
2094,2,3,92.28
2094,2,4,95.20
2094,2,5,94.58
2094,2,6,94.18
2094,2,7,93.71
2094,2,8,95.20
2094,2,9,95.11
2094,2,10,94.96
2094,2,11,95.20
2094,2,12,94.55
2094,2,13,95.20
2094,2,14,95.20
2094,2,15,94.37
2094,2,16,93.76
2094,2,17,92.77
2094,2,18,95.20
2094,2,19,95.20
2094,2,20,94.75
2094,2,21,95.20
2094,2,22,94.21
2094,2,23,94.50
2094,2,24,95.20
2094,2,25,95.20
2094,2,26,94.41
2094,2,27,93.52
2094,2,28,95.20
2094,3,1,94.12
2094,3,2,92.85
2094,3,3,91.79
2094,3,4,93.57
2094,3,5,95.20
2094,3,6,94.14
2094,3,7,93.30
2094,3,8,93.73
2094,3,9,95.20
2094,3,10,94.15
2094,3,11,95.20
2094,3,12,94.89
2094,3,13,93.80
2094,3,14,95.20
2094,3,15,95.20
2094,3,16,95.20
2094,3,17,95.20
2094,3,18,95.20
2094,3,19,95.20
2094,3,20,94.03
2094,3,21,95.20
2094,3,22,95.20
2094,3,23,95.20
2094,3,24,93.32
2094,3,25,91.36
2094,3,26,89.98
2094,3,27,88.59
2094,3,28,95.20
2094,3,29,92.81
2094,3,30,90.80
2094,3,31,88.77
2094,4,1,86.43
2094,4,2,85.21
2094,4,3,92.13
2094,4,4,95.20
2094,4,5,95.20
2094,4,6,93.28
2094,4,7,91.30
2094,4,8,95.20
2094,4,9,95.20
2094,4,10,92.57
2094,4,11,90.04
2094,4,12,89.48
2094,4,13,87.87
2094,4,14,84.88
2094,4,15,84.51
2094,4,16,83.00
2094,4,17,80.92
2094,4,18,78.64
2094,4,19,76.35
2094,4,20,74.15
2094,4,21,71.62
2094,4,22,69.56
2094,4,23,67.29
2094,4,24,65.25
2094,4,25,80.35
2094,4,26,95.20
2094,4,27,95.20
2094,4,28,93.33
2094,4,29,91.08
2094,4,30,93.47
2094,5,1,90.46
2094,5,2,87.64
2094,5,3,95.20
2094,5,4,95.20
2094,5,5,95.20
2094,5,6,95.20
2094,5,7,92.18
2094,5,8,95.20
2094,5,9,95.20
2094,5,10,95.20
2094,5,11,91.75
2094,5,12,87.96
2094,5,13,90.48
2094,5,14,95.20
2094,5,15,95.20
2094,5,16,89.83
2094,5,17,85.28
2094,5,18,81.59
2094,5,19,78.98
2094,5,20,76.57
2094,5,21,74.40
2094,5,22,71.78
2094,5,23,69.11
2094,5,24,65.00
2094,5,25,72.61
2094,5,26,71.30
2094,5,27,67.50
2094,5,28,64.14
2094,5,29,64.74
2094,5,30,69.24
2094,5,31,66.52
2094,6,1,63.56
2094,6,2,60.48
2094,6,3,57.35
2094,6,4,53.74
2094,6,5,50.47
2094,6,6,47.16
2094,6,7,43.60
2094,6,8,54.90
2094,6,9,75.88
2094,6,10,87.15
2094,6,11,86.72
2094,6,12,95.20
2094,6,13,90.80
2094,6,14,86.74
2094,6,15,82.49
2094,6,16,78.61
2094,6,17,74.39
2094,6,18,70.10
2094,6,19,64.86
2094,6,20,58.70
2094,6,21,55.33
2094,6,22,61.23
2094,6,23,67.71
2094,6,24,62.59
2094,6,25,60.95
2094,6,26,56.82
2094,6,27,53.51
2094,6,28,48.80
2094,6,29,51.78
2094,6,30,47.73
2094,7,1,42.99
2094,7,2,39.03
2094,7,3,37.47
2094,7,4,39.02
2094,7,5,35.45
2094,7,6,31.33
2094,7,7,28.28
2094,7,8,29.37
2094,7,9,25.11
2094,7,10,20.94
2094,7,11,23.50
2094,7,12,22.78
2094,7,13,19.63
2094,7,14,16.38
2094,7,15,19.12
2094,7,16,51.25
2094,7,17,95.20
2094,7,18,95.20
2094,7,19,95.20
2094,7,20,95.20
2094,7,21,89.87
2094,7,22,85.51
2094,7,23,79.52
2094,7,24,74.82
2094,7,25,69.33
2094,7,26,63.19
2094,7,27,56.92
2094,7,28,53.67
2094,7,29,48.18
2094,7,30,47.18
2094,7,31,42.83
2094,8,1,41.61
2094,8,2,40.00
2094,8,3,33.59
2094,8,4,28.39
2094,8,5,24.27
2094,8,6,20.15
2094,8,7,16.67
2094,8,8,14.42
2094,8,9,12.25
2094,8,10,13.40
2094,8,11,28.27
2094,8,12,42.85
2094,8,13,41.53
2094,8,14,39.94
2094,8,15,35.60
2094,8,16,32.11
2094,8,17,28.87
2094,8,18,25.77
2094,8,19,23.25
2094,8,20,22.74
2094,8,21,25.76
2094,8,22,21.77
2094,8,23,21.73
2094,8,24,26.95
2094,8,25,29.18
2094,8,26,41.95
2094,8,27,61.18
2094,8,28,62.04
2094,8,29,57.89
2094,8,30,53.73
2094,8,31,53.52
2094,9,1,75.24
2094,9,2,76.73
2094,9,3,72.99
2094,9,4,69.73
2094,9,5,74.56
2094,9,6,92.34
2094,9,7,92.83
2094,9,8,88.82
2094,9,9,84.76
2094,9,10,87.04
2094,9,11,87.71
2094,9,12,83.13
2094,9,13,78.70
2094,9,14,87.53
2094,9,15,91.30
2094,9,16,94.33
2094,9,17,95.20
2094,9,18,92.36
2094,9,19,89.34
2094,9,20,86.00
2094,9,21,82.55
2094,9,22,87.48
2094,9,23,85.30
2094,9,24,82.64
2094,9,25,79.63
2094,9,26,76.64
2094,9,27,73.45
2094,9,28,70.40
2094,9,29,67.41
2094,9,30,66.46
2094,10,1,66.70
2094,10,2,65.54
2094,10,3,64.00
2094,10,4,62.01
2094,10,5,59.58
2094,10,6,57.16
2094,10,7,65.60
2094,10,8,75.16
2094,10,9,72.67
2094,10,10,72.94
2094,10,11,85.52
2094,10,12,83.22
2094,10,13,80.98
2094,10,14,77.84
2094,10,15,76.03
2094,10,16,95.20
2094,10,17,95.20
2094,10,18,95.20
2094,10,19,93.74
2094,10,20,91.87
2094,10,21,90.16
2094,10,22,88.50
2094,10,23,86.84
2094,10,24,88.48
2094,10,25,88.92
2094,10,26,87.84
2094,10,27,86.40
2094,10,28,84.65
2094,10,29,83.02
2094,10,30,81.28
2094,10,31,79.84
2094,11,1,79.33
2094,11,2,78.65
2094,11,3,77.45
2094,11,4,76.28
2094,11,5,77.92
2094,11,6,76.36
2094,11,7,74.32
2094,11,8,71.77
2094,11,9,69.18
2094,11,10,66.74
2094,11,11,65.68
2094,11,12,64.64
2094,11,13,63.72
2094,11,14,62.77
2094,11,15,61.55
2094,11,16,60.43
2094,11,17,59.11
2094,11,18,57.81
2094,11,19,79.85
2094,11,20,82.45
2094,11,21,89.96
2094,11,22,90.11
2094,11,23,92.24
2094,11,24,90.88
2094,11,25,90.74
2094,11,26,90.51
2094,11,27,90.74
2094,11,28,89.99
2094,11,29,95.20
2094,11,30,94.35
2094,12,1,93.72
2094,12,2,93.50
2094,12,3,95.20
2094,12,4,95.20
2094,12,5,95.20
2094,12,6,95.20
2094,12,7,95.20
2094,12,8,93.99
2094,12,9,93.24
2094,12,10,92.58
2094,12,11,95.20
2094,12,12,95.20
2094,12,13,95.20
2094,12,14,95.20
2094,12,15,95.20
2094,12,16,95.20
2094,12,17,93.97
2094,12,18,93.00
2094,12,19,92.36
2094,12,20,91.80
2094,12,21,95.20
2094,12,22,95.20
2094,12,23,94.50
2094,12,24,93.97
2094,12,25,95.20
2094,12,26,94.82
2094,12,27,94.42
2094,12,28,94.10
2094,12,29,93.62
2094,12,30,93.08
2094,12,31,92.52
2095,1,1,92.00
2095,1,2,95.20
2095,1,3,95.20
2095,1,4,94.51
2095,1,5,93.80
2095,1,6,93.22
2095,1,7,93.91
2095,1,8,95.20
2095,1,9,95.20
2095,1,10,95.20
2095,1,11,94.52
2095,1,12,95.20
2095,1,13,95.20
2095,1,14,94.66
2095,1,15,94.02
2095,1,16,93.09
2095,1,17,92.64
2095,1,18,92.19
2095,1,19,95.20
2095,1,20,94.64
2095,1,21,94.23
2095,1,22,93.64
2095,1,23,93.10
2095,1,24,92.51
2095,1,25,92.23
2095,1,26,91.90
2095,1,27,91.37
2095,1,28,95.20
2095,1,29,95.20
2095,1,30,94.60
2095,1,31,94.15
2095,2,1,95.20
2095,2,2,95.20
2095,2,3,94.78
2095,2,4,94.21
2095,2,5,95.20
2095,2,6,95.20
2095,2,7,94.64
2095,2,8,93.98
2095,2,9,93.11
2095,2,10,92.07
2095,2,11,91.21
2095,2,12,90.59
2095,2,13,89.84
2095,2,14,89.14
2095,2,15,88.53
2095,2,16,87.97
2095,2,17,90.48
2095,2,18,95.20
2095,2,19,95.20
2095,2,20,94.20
2095,2,21,93.06
2095,2,22,92.11
2095,2,23,94.23
2095,2,24,95.20
2095,2,25,95.20
2095,2,26,93.85
2095,2,27,92.33
2095,2,28,90.87
2095,3,1,89.61
2095,3,2,88.53
2095,3,3,95.20
2095,3,4,95.20
2095,3,5,95.20
2095,3,6,95.20
2095,3,7,94.41
2095,3,8,93.35
2095,3,9,92.79
2095,3,10,92.00
2095,3,11,91.36
2095,3,12,90.41
2095,3,13,95.20
2095,3,14,95.20
2095,3,15,94.89
2095,3,16,93.75
2095,3,17,92.83
2095,3,18,91.78
2095,3,19,92.83
2095,3,20,91.59
2095,3,21,90.86
2095,3,22,89.79
2095,3,23,92.74
2095,3,24,93.08
2095,3,25,92.10
2095,3,26,90.94
2095,3,27,90.57
2095,3,28,90.57
2095,3,29,89.68
2095,3,30,88.49
2095,3,31,91.38
2095,4,1,95.20
2095,4,2,95.20
2095,4,3,94.06
2095,4,4,92.60
2095,4,5,94.53
2095,4,6,95.20
2095,4,7,95.20
2095,4,8,95.20
2095,4,9,93.03
2095,4,10,93.34
2095,4,11,92.49
2095,4,12,91.35
2095,4,13,90.30
2095,4,14,95.20
2095,4,15,95.20
2095,4,16,93.16
2095,4,17,91.58
2095,4,18,90.32
2095,4,19,94.90
2095,4,20,95.20
2095,4,21,91.40
2095,4,22,87.65
2095,4,23,95.20
2095,4,24,95.20
2095,4,25,92.20
2095,4,26,91.53
2095,4,27,88.97
2095,4,28,95.20
2095,4,29,95.20
2095,4,30,93.38
2095,5,1,91.82
2095,5,2,95.20
2095,5,3,95.20
2095,5,4,92.01
2095,5,5,89.29
2095,5,6,86.82
2095,5,7,84.48
2095,5,8,82.08
2095,5,9,80.26
2095,5,10,83.11
2095,5,11,82.16
2095,5,12,79.04
2095,5,13,75.87
2095,5,14,73.98
2095,5,15,70.95
2095,5,16,68.06
2095,5,17,68.38
2095,5,18,76.43
2095,5,19,74.13
2095,5,20,71.31
2095,5,21,72.41
2095,5,22,95.20
2095,5,23,95.20
2095,5,24,94.07
2095,5,25,94.06
2095,5,26,91.74
2095,5,27,88.83
2095,5,28,85.04
2095,5,29,95.20
2095,5,30,95.20
2095,5,31,95.20
2095,6,1,93.02
2095,6,2,90.49
2095,6,3,87.40
2095,6,4,83.89
2095,6,5,79.02
2095,6,6,73.99
2095,6,7,69.69
2095,6,8,68.30
2095,6,9,73.12
2095,6,10,83.55
2095,6,11,81.16
2095,6,12,76.95
2095,6,13,73.29
2095,6,14,68.99
2095,6,15,64.74
2095,6,16,61.30
2095,6,17,59.19
2095,6,18,55.05
2095,6,19,51.30
2095,6,20,47.96
2095,6,21,44.52
2095,6,22,54.90
2095,6,23,55.34
2095,6,24,51.23
2095,6,25,47.22
2095,6,26,43.52
2095,6,27,46.04
2095,6,28,55.85
2095,6,29,55.20
2095,6,30,50.61
2095,7,1,45.68
2095,7,2,41.68
2095,7,3,37.59
2095,7,4,33.91
2095,7,5,30.18
2095,7,6,26.29
2095,7,7,22.51
2095,7,8,18.79
2095,7,9,16.10
2095,7,10,11.42
2095,7,11,7.97
2095,7,12,13.68
2095,7,13,21.96
2095,7,14,19.40
2095,7,15,16.87
2095,7,16,14.01
2095,7,17,13.07
2095,7,18,20.72
2095,7,19,22.76
2095,7,20,19.02
2095,7,21,15.86
2095,7,22,13.41
2095,7,23,13.33
2095,7,24,36.87
2095,7,25,43.93
2095,7,26,41.62
2095,7,27,51.95
2095,7,28,47.85
2095,7,29,43.77
2095,7,30,42.01
2095,7,31,38.31
2095,8,1,34.85
2095,8,2,31.30
2095,8,3,31.60
2095,8,4,35.64
2095,8,5,37.89
2095,8,6,33.56
2095,8,7,29.25
2095,8,8,24.78
2095,8,9,21.57
2095,8,10,21.32
2095,8,11,19.09
2095,8,12,21.99
2095,8,13,24.46
2095,8,14,20.55
2095,8,15,17.25
2095,8,16,14.87
2095,8,17,18.36
2095,8,18,16.66
2095,8,19,14.43
2095,8,20,12.49
2095,8,21,24.87
2095,8,22,26.83
2095,8,23,24.43
2095,8,24,22.17
2095,8,25,19.82
2095,8,26,17.75
2095,8,27,19.26
2095,8,28,30.06
2095,8,29,26.78
2095,8,30,24.35
2095,8,31,21.39
2095,9,1,18.46
2095,9,2,15.39
2095,9,3,12.53
2095,9,4,10.83
2095,9,5,9.85
2095,9,6,9.33
2095,9,7,8.27
2095,9,8,6.63
2095,9,9,5.23
2095,9,10,4.09
2095,9,11,3.35
2095,9,12,3.07
2095,9,13,17.90
2095,9,14,19.68
2095,9,15,17.36
2095,9,16,15.33
2095,9,17,13.22
2095,9,18,11.21
2095,9,19,9.46
2095,9,20,21.32
2095,9,21,19.50
2095,9,22,17.68
2095,9,23,16.20
2095,9,24,14.69
2095,9,25,13.01
2095,9,26,11.44
2095,9,27,10.51
2095,9,28,10.68
2095,9,29,10.98
2095,9,30,10.11
2095,10,1,9.30
2095,10,2,8.65
2095,10,3,8.03
2095,10,4,7.40
2095,10,5,6.77
2095,10,6,10.25
2095,10,7,9.71
2095,10,8,8.75
2095,10,9,7.91
2095,10,10,7.29
2095,10,11,6.68
2095,10,12,6.27
2095,10,13,9.90
2095,10,14,9.17
2095,10,15,14.79
2095,10,16,31.56
2095,10,17,67.19
2095,10,18,70.58
2095,10,19,69.03
2095,10,20,78.69
2095,10,21,77.45
2095,10,22,76.51
2095,10,23,75.35
2095,10,24,73.69
2095,10,25,73.30
2095,10,26,76.49
2095,10,27,76.56
2095,10,28,75.85
2095,10,29,78.00
2095,10,30,80.93
2095,10,31,84.16
2095,11,1,82.44
2095,11,2,82.91
2095,11,3,81.59
2095,11,4,85.88
2095,11,5,91.78
2095,11,6,92.45
2095,11,7,91.50
2095,11,8,89.85
2095,11,9,91.62
2095,11,10,90.30
2095,11,11,89.45
2095,11,12,90.19
2095,11,13,88.97
2095,11,14,87.49
2095,11,15,85.82
2095,11,16,86.43
2095,11,17,85.96
2095,11,18,85.06
2095,11,19,87.29
2095,11,20,86.31
2095,11,21,85.49
2095,11,22,84.68
2095,11,23,83.82
2095,11,24,83.01
2095,11,25,83.29
2095,11,26,82.47
2095,11,27,81.32
2095,11,28,80.26
2095,11,29,79.28
2095,11,30,78.43
2095,12,1,95.20
2095,12,2,95.20
2095,12,3,94.32
2095,12,4,95.20
2095,12,5,95.20
2095,12,6,94.57
2095,12,7,94.00
2095,12,8,93.32
2095,12,9,92.75
2095,12,10,92.14
2095,12,11,91.85
2095,12,12,91.24
2095,12,13,90.66
2095,12,14,95.20
2095,12,15,95.20
2095,12,16,94.76
2095,12,17,94.19
2095,12,18,93.96
2095,12,19,93.87
2095,12,20,92.92
2095,12,21,91.88
2095,12,22,91.26
2095,12,23,90.81
2095,12,24,94.25
2095,12,25,95.20
2095,12,26,94.29
2095,12,27,93.45
2095,12,28,92.71
2095,12,29,95.20
2095,12,30,95.20
2095,12,31,95.20
2096,1,1,94.43
2096,1,2,95.20
2096,1,3,94.69
2096,1,4,94.20
2096,1,5,93.61
2096,1,6,93.04
2096,1,7,95.20
2096,1,8,94.34
2096,1,9,94.04
2096,1,10,93.42
2096,1,11,92.89
2096,1,12,95.20
2096,1,13,94.66
2096,1,14,95.20
2096,1,15,95.20
2096,1,16,94.33
2096,1,17,95.20
2096,1,18,95.20
2096,1,19,94.55
2096,1,20,95.20
2096,1,21,95.20
2096,1,22,94.64
2096,1,23,95.20
2096,1,24,95.20
2096,1,25,94.77
2096,1,26,94.20
2096,1,27,94.14
2096,1,28,93.33
2096,1,29,92.78
2096,1,30,95.20
2096,1,31,95.20
2096,2,1,94.39
2096,2,2,93.66
2096,2,3,94.67
2096,2,4,95.20
2096,2,5,94.56
2096,2,6,94.00
2096,2,7,93.51
2096,2,8,92.99
2096,2,9,92.43
2096,2,10,91.86
2096,2,11,91.19
2096,2,12,90.46
2096,2,13,89.60
2096,2,14,88.70
2096,2,15,90.90
2096,2,16,90.27
2096,2,17,89.74
2096,2,18,94.65
2096,2,19,93.92
2096,2,20,93.26
2096,2,21,92.49
2096,2,22,91.82
2096,2,23,91.03
2096,2,24,93.05
2096,2,25,93.94
2096,2,26,93.07
2096,2,27,92.45
2096,2,28,91.52
2096,2,29,90.55
2096,3,1,89.54
2096,3,2,93.90
2096,3,3,93.31
2096,3,4,94.15
2096,3,5,95.20
2096,3,6,94.44
2096,3,7,93.64
2096,3,8,93.14
2096,3,9,92.04
2096,3,10,91.18
2096,3,11,89.78
2096,3,12,95.20
2096,3,13,95.20
2096,3,14,94.29
2096,3,15,93.60
2096,3,16,92.70
2096,3,17,91.63
2096,3,18,90.44
2096,3,19,91.00
2096,3,20,90.60
2096,3,21,92.30
2096,3,22,95.20
2096,3,23,95.20
2096,3,24,95.20
2096,3,25,94.02
2096,3,26,92.86
2096,3,27,91.38
2096,3,28,90.13
2096,3,29,89.11
2096,3,30,88.58
2096,3,31,95.20
2096,4,1,93.83
2096,4,2,92.34
2096,4,3,92.65
2096,4,4,95.20
2096,4,5,95.20
2096,4,6,95.13
2096,4,7,93.96
2096,4,8,92.61
2096,4,9,91.15
2096,4,10,94.94
2096,4,11,95.20
2096,4,12,93.29
2096,4,13,91.97
2096,4,14,95.20
2096,4,15,95.20
2096,4,16,92.66
2096,4,17,89.66
2096,4,18,86.95
2096,4,19,84.30
2096,4,20,95.20
2096,4,21,93.58
2096,4,22,90.62
2096,4,23,86.29
2096,4,24,84.69
2096,4,25,82.78
2096,4,26,82.06
2096,4,27,79.17
2096,4,28,74.81
2096,4,29,70.69
2096,4,30,71.27
2096,5,1,68.68
2096,5,2,65.24
2096,5,3,61.76
2096,5,4,62.75
2096,5,5,59.22
2096,5,6,56.60
2096,5,7,66.11
2096,5,8,80.02
2096,5,9,91.67
2096,5,10,89.20
2096,5,11,86.83
2096,5,12,83.98
2096,5,13,81.50
2096,5,14,79.12
2096,5,15,77.02
2096,5,16,74.46
2096,5,17,71.96
2096,5,18,74.50
2096,5,19,81.45
2096,5,20,79.85
2096,5,21,78.79
2096,5,22,75.19
2096,5,23,69.75
2096,5,24,68.98
2096,5,25,69.73
2096,5,26,67.72
2096,5,27,65.48
2096,5,28,65.34
2096,5,29,65.99
2096,5,30,63.26
2096,5,31,61.54
2096,6,1,78.19
2096,6,2,93.09
2096,6,3,89.35
2096,6,4,88.52
2096,6,5,86.62
2096,6,6,82.58
2096,6,7,78.25
2096,6,8,73.44
2096,6,9,69.82
2096,6,10,66.03
2096,6,11,63.00
2096,6,12,60.18
2096,6,13,55.53
2096,6,14,51.50
2096,6,15,47.44
2096,6,16,42.43
2096,6,17,39.76
2096,6,18,40.14
2096,6,19,35.85
2096,6,20,32.17
2096,6,21,30.71
2096,6,22,44.69
2096,6,23,73.51
2096,6,24,80.10
2096,6,25,76.94
2096,6,26,73.75
2096,6,27,66.59
2096,6,28,59.57
2096,6,29,54.28
2096,6,30,49.53
2096,7,1,45.10
2096,7,2,47.34
2096,7,3,43.37
2096,7,4,39.70
2096,7,5,36.00
2096,7,6,34.83
2096,7,7,38.47
2096,7,8,57.53
2096,7,9,59.15
2096,7,10,56.86
2096,7,11,53.30
2096,7,12,49.49
2096,7,13,45.26
2096,7,14,42.83
2096,7,15,41.97
2096,7,16,37.46
2096,7,17,36.31
2096,7,18,32.27
2096,7,19,28.96
2096,7,20,25.82
2096,7,21,22.52
2096,7,22,18.98
2096,7,23,16.41
2096,7,24,21.59
2096,7,25,19.23
2096,7,26,15.48
2096,7,27,12.34
2096,7,28,28.10
2096,7,29,34.36
2096,7,30,31.96
2096,7,31,28.17
2096,8,1,26.75
2096,8,2,42.77
2096,8,3,46.71
2096,8,4,43.07
2096,8,5,37.68
2096,8,6,35.94
2096,8,7,32.63
2096,8,8,29.70
2096,8,9,27.00
2096,8,10,30.63
2096,8,11,29.61
2096,8,12,26.20
2096,8,13,24.59
2096,8,14,25.88
2096,8,15,22.26
2096,8,16,19.69
2096,8,17,17.38
2096,8,18,19.17
2096,8,19,17.69
2096,8,20,14.82
2096,8,21,12.99
2096,8,22,13.08
2096,8,23,10.83
2096,8,24,8.78
2096,8,25,7.00
2096,8,26,5.47
2096,8,27,4.39
2096,8,28,5.91
2096,8,29,4.95
2096,8,30,4.20
2096,8,31,3.52
2096,9,1,2.88
2096,9,2,2.51
2096,9,3,2.06
2096,9,4,1.72
2096,9,5,1.41
2096,9,6,1.13
2096,9,7,0.87
2096,9,8,0.67
2096,9,9,0.52
2096,9,10,0.52
2096,9,11,8.78
2096,9,12,11.34
2096,9,13,13.80
2096,9,14,14.02
2096,9,15,11.99
2096,9,16,12.87
2096,9,17,10.71
2096,9,18,8.98
2096,9,19,7.55
2096,9,20,6.88
2096,9,21,6.31
2096,9,22,5.80
2096,9,23,5.12
2096,9,24,4.53
2096,9,25,3.93
2096,9,26,3.77
2096,9,27,4.04
2096,9,28,3.88
2096,9,29,3.47
2096,9,30,3.22
2096,10,1,2.94
2096,10,2,2.62
2096,10,3,4.91
2096,10,4,24.95
2096,10,5,34.07
2096,10,6,31.98
2096,10,7,31.72
2096,10,8,36.43
2096,10,9,34.97
2096,10,10,41.10
2096,10,11,52.47
2096,10,12,50.48
2096,10,13,48.74
2096,10,14,46.91
2096,10,15,44.60
2096,10,16,42.04
2096,10,17,39.43
2096,10,18,37.61
2096,10,19,41.75
2096,10,20,78.87
2096,10,21,90.82
2096,10,22,89.65
2096,10,23,88.00
2096,10,24,86.12
2096,10,25,84.14
2096,10,26,82.16
2096,10,27,87.56
2096,10,28,95.20
2096,10,29,93.27
2096,10,30,91.31
2096,10,31,89.50
2096,11,1,87.36
2096,11,2,85.43
2096,11,3,84.96
2096,11,4,95.20
2096,11,5,95.20
2096,11,6,95.20
2096,11,7,92.90
2096,11,8,90.41
2096,11,9,88.35
2096,11,10,95.20
2096,11,11,95.20
2096,11,12,95.20
2096,11,13,93.23
2096,11,14,91.21
2096,11,15,89.27
2096,11,16,88.48
2096,11,17,87.32
2096,11,18,85.83
2096,11,19,85.02
2096,11,20,84.15
2096,11,21,82.86
2096,11,22,81.58
2096,11,23,81.41
2096,11,24,81.86
2096,11,25,80.98
2096,11,26,88.09
2096,11,27,95.20
2096,11,28,95.20
2096,11,29,95.20
2096,11,30,94.23
2096,12,1,95.20
2096,12,2,95.20
2096,12,3,94.32
2096,12,4,93.07
2096,12,5,91.88
2096,12,6,91.09
2096,12,7,90.39
2096,12,8,90.08
2096,12,9,92.65
2096,12,10,91.69
2096,12,11,90.23
2096,12,12,88.81
2096,12,13,87.95
2096,12,14,87.27
2096,12,15,95.20
2096,12,16,95.20
2096,12,17,94.43
2096,12,18,93.69
2096,12,19,92.78
2096,12,20,94.31
2096,12,21,95.20
2096,12,22,94.17
2096,12,23,93.50
2096,12,24,92.74
2096,12,25,92.64
2096,12,26,93.69
2096,12,27,95.20
2096,12,28,95.20
2096,12,29,95.20
2096,12,30,94.30
2096,12,31,94.96
2097,1,1,93.88
2097,1,2,93.04
2097,1,3,92.30
2097,1,4,91.64
2097,1,5,91.14
2097,1,6,90.52
2097,1,7,89.73
2097,1,8,89.01
2097,1,9,90.18
2097,1,10,89.48
2097,1,11,95.20
2097,1,12,95.20
2097,1,13,94.60
2097,1,14,93.92
2097,1,15,93.33
2097,1,16,92.56
2097,1,17,91.72
2097,1,18,90.79
2097,1,19,89.97
2097,1,20,89.25
2097,1,21,88.67
2097,1,22,88.05
2097,1,23,95.20
2097,1,24,95.20
2097,1,25,95.20
2097,1,26,95.20
2097,1,27,95.20
2097,1,28,94.61
2097,1,29,93.96
2097,1,30,94.87
2097,1,31,95.20
2097,2,1,95.20
2097,2,2,95.20
2097,2,3,95.20
2097,2,4,94.43
2097,2,5,93.82
2097,2,6,95.20
2097,2,7,95.20
2097,2,8,94.56
2097,2,9,94.12
2097,2,10,93.84
2097,2,11,93.48
2097,2,12,92.82
2097,2,13,95.20
2097,2,14,95.20
2097,2,15,95.20
2097,2,16,95.20
2097,2,17,95.20
2097,2,18,94.38
2097,2,19,94.46
2097,2,20,95.20
2097,2,21,95.20
2097,2,22,95.20
2097,2,23,94.42
2097,2,24,93.58
2097,2,25,92.49
2097,2,26,95.20
2097,2,27,94.19
2097,2,28,92.73
2097,3,1,94.31
2097,3,2,95.20
2097,3,3,93.95
2097,3,4,93.02
2097,3,5,95.20
2097,3,6,95.20
2097,3,7,95.20
2097,3,8,95.20
2097,3,9,94.28
2097,3,10,95.20
2097,3,11,95.20
2097,3,12,94.23
2097,3,13,95.20
2097,3,14,95.20
2097,3,15,94.83
2097,3,16,95.20
2097,3,17,94.30
2097,3,18,93.24
2097,3,19,92.06
2097,3,20,91.01
2097,3,21,89.91
2097,3,22,90.98
2097,3,23,89.57
2097,3,24,87.60
2097,3,25,86.00
2097,3,26,86.05
2097,3,27,84.40
2097,3,28,82.95
2097,3,29,81.67
2097,3,30,80.14
2097,3,31,78.39
2097,4,1,76.48
2097,4,2,74.12
2097,4,3,76.39
2097,4,4,82.36
2097,4,5,93.78
2097,4,6,91.38
2097,4,7,88.96
2097,4,8,86.14
2097,4,9,84.55
2097,4,10,84.98
2097,4,11,82.28
2097,4,12,78.14
2097,4,13,75.45
2097,4,14,74.82
2097,4,15,76.82
2097,4,16,74.50
2097,4,17,73.04
2097,4,18,70.95
2097,4,19,69.12
2097,4,20,66.08
2097,4,21,63.75
2097,4,22,61.63
2097,4,23,58.36
2097,4,24,54.99
2097,4,25,56.70
2097,4,26,58.23
2097,4,27,55.88
2097,4,28,53.22
2097,4,29,50.13
2097,4,30,51.41
2097,5,1,53.36
2097,5,2,52.83
2097,5,3,50.29
2097,5,4,48.07
2097,5,5,53.13
2097,5,6,52.06
2097,5,7,49.42
2097,5,8,46.90
2097,5,9,48.09
2097,5,10,63.12
2097,5,11,63.90
2097,5,12,61.19
2097,5,13,58.15
2097,5,14,54.83
2097,5,15,52.26
2097,5,16,56.97
2097,5,17,53.80
2097,5,18,50.97
2097,5,19,48.35
2097,5,20,48.40
2097,5,21,56.41
2097,5,22,51.20
2097,5,23,48.25
2097,5,24,45.51
2097,5,25,43.69
2097,5,26,49.97
2097,5,27,46.65
2097,5,28,43.41
2097,5,29,39.98
2097,5,30,40.38
2097,5,31,43.10
2097,6,1,42.89
2097,6,2,40.05
2097,6,3,38.98
2097,6,4,36.28
2097,6,5,32.80
2097,6,6,28.32
2097,6,7,23.63
2097,6,8,20.40
2097,6,9,18.82
2097,6,10,15.75
2097,6,11,12.77
2097,6,12,10.10
2097,6,13,8.70
2097,6,14,9.12
2097,6,15,10.90
2097,6,16,9.71
2097,6,17,7.85
2097,6,18,5.94
2097,6,19,4.49
2097,6,20,3.70
2097,6,21,2.94
2097,6,22,2.33
2097,6,23,2.11
2097,6,24,1.68
2097,6,25,1.35
2097,6,26,1.08
2097,6,27,0.86
2097,6,28,0.66
2097,6,29,0.54
2097,6,30,9.24
2097,7,1,7.62
2097,7,2,7.60
2097,7,3,6.52
2097,7,4,7.40
2097,7,5,6.09
2097,7,6,4.58
2097,7,7,5.09
2097,7,8,46.70
2097,7,9,95.20
2097,7,10,95.20
2097,7,11,95.20
2097,7,12,95.20
2097,7,13,95.20
2097,7,14,95.20
2097,7,15,95.20
2097,7,16,89.19
2097,7,17,87.11
2097,7,18,82.54
2097,7,19,77.75
2097,7,20,74.14
2097,7,21,68.71
2097,7,22,64.30
2097,7,23,60.20
2097,7,24,55.04
2097,7,25,50.12
2097,7,26,45.70
2097,7,27,40.25
2097,7,28,33.98
2097,7,29,29.33
2097,7,30,24.79
2097,7,31,23.15
2097,8,1,19.94
2097,8,2,18.63
2097,8,3,17.40
2097,8,4,14.43
2097,8,5,13.25
2097,8,6,11.05
2097,8,7,8.80
2097,8,8,8.49
2097,8,9,6.95
2097,8,10,5.99
2097,8,11,11.99
2097,8,12,10.53
2097,8,13,7.52
2097,8,14,5.65
2097,8,15,4.61
2097,8,16,3.82
2097,8,17,3.03
2097,8,18,2.36
2097,8,19,2.00
2097,8,20,1.46
2097,8,21,0.99
2097,8,22,0.74
2097,8,23,1.59
2097,8,24,1.26
2097,8,25,0.97
2097,8,26,0.83
2097,8,27,0.65
2097,8,28,0.49
2097,8,29,0.42
2097,8,30,0.33
2097,8,31,0.25
2097,9,1,0.17
2097,9,2,0.13
2097,9,3,0.11
2097,9,4,0.08
2097,9,5,0.06
2097,9,6,0.18
2097,9,7,14.03
2097,9,8,12.26
2097,9,9,10.26
2097,9,10,9.23
2097,9,11,7.86
2097,9,12,6.86
2097,9,13,6.10
2097,9,14,6.83
2097,9,15,5.75
2097,9,16,4.97
2097,9,17,4.44
2097,9,18,3.94
2097,9,19,3.43
2097,9,20,10.37
2097,9,21,14.49
2097,9,22,43.69
2097,9,23,67.53
2097,9,24,65.66
2097,9,25,63.78
2097,9,26,61.40
2097,9,27,58.72
2097,9,28,56.11
2097,9,29,53.85
2097,9,30,51.25
2097,10,1,49.15
2097,10,2,46.98
2097,10,3,44.68
2097,10,4,42.21
2097,10,5,42.05
2097,10,6,39.54
2097,10,7,37.17
2097,10,8,34.88
2097,10,9,32.62
2097,10,10,30.21
2097,10,11,27.81
2097,10,12,26.02
2097,10,13,25.24
2097,10,14,23.51
2097,10,15,21.96
2097,10,16,20.99
2097,10,17,20.00
2097,10,18,18.82
2097,10,19,17.39
2097,10,20,15.90
2097,10,21,14.65
2097,10,22,13.45
2097,10,23,12.51
2097,10,24,11.16
2097,10,25,10.15
2097,10,26,11.10
2097,10,27,23.98
2097,10,28,25.03
2097,10,29,24.06
2097,10,30,23.01
2097,10,31,43.12
2097,11,1,72.72
2097,11,2,82.39
2097,11,3,80.91
2097,11,4,79.91
2097,11,5,81.90
2097,11,6,84.25
2097,11,7,82.96
2097,11,8,83.57
2097,11,9,89.12
2097,11,10,95.20
2097,11,11,95.20
2097,11,12,94.58
2097,11,13,94.18
2097,11,14,92.89
2097,11,15,91.48
2097,11,16,90.29
2097,11,17,89.27
2097,11,18,88.68
2097,11,19,92.16
2097,11,20,95.20
2097,11,21,94.35
2097,11,22,93.07
2097,11,23,91.93
2097,11,24,93.46
2097,11,25,92.76
2097,11,26,91.88
2097,11,27,90.93
2097,11,28,95.20
2097,11,29,95.20
2097,11,30,94.13
2097,12,1,93.33
2097,12,2,95.20
2097,12,3,94.25
2097,12,4,93.24
2097,12,5,92.61
2097,12,6,93.12
2097,12,7,95.20
2097,12,8,95.20
2097,12,9,95.20
2097,12,10,95.20
2097,12,11,94.36
2097,12,12,93.32
2097,12,13,92.50
2097,12,14,95.20
2097,12,15,95.20
2097,12,16,95.20
2097,12,17,95.20
2097,12,18,95.20
2097,12,19,95.20
2097,12,20,95.20
2097,12,21,95.20
2097,12,22,94.17
2097,12,23,93.40
2097,12,24,92.61
2097,12,25,91.60
2097,12,26,90.38
2097,12,27,89.23
2097,12,28,88.09
2097,12,29,87.38
2097,12,30,86.53
2097,12,31,85.83
2098,1,1,85.73
2098,1,2,87.47
2098,1,3,86.79
2098,1,4,86.06
2098,1,5,85.35
2098,1,6,84.71
2098,1,7,85.38
2098,1,8,85.16
2098,1,9,84.70
2098,1,10,84.28
2098,1,11,95.20
2098,1,12,95.20
2098,1,13,94.55
2098,1,14,93.98
2098,1,15,93.53
2098,1,16,93.04
2098,1,17,92.62
2098,1,18,92.24
2098,1,19,91.74
2098,1,20,91.21
2098,1,21,95.20
2098,1,22,94.65
2098,1,23,94.29
2098,1,24,93.96
2098,1,25,93.60
2098,1,26,93.02
2098,1,27,92.33
2098,1,28,91.45
2098,1,29,90.49
2098,1,30,90.91
2098,1,31,90.80
2098,2,1,90.27
2098,2,2,89.70
2098,2,3,95.20
2098,2,4,95.20
2098,2,5,94.45
2098,2,6,95.01
2098,2,7,95.20
2098,2,8,95.20
2098,2,9,95.20
2098,2,10,93.79
2098,2,11,95.20
2098,2,12,94.58
2098,2,13,93.91
2098,2,14,93.14
2098,2,15,95.20
2098,2,16,94.70
2098,2,17,94.06
2098,2,18,93.42
2098,2,19,95.20
2098,2,20,94.75
2098,2,21,94.28
2098,2,22,93.62
2098,2,23,92.94
2098,2,24,92.20
2098,2,25,95.20
2098,2,26,95.20
2098,2,27,95.20
2098,2,28,94.54
2098,3,1,95.20
2098,3,2,94.38
2098,3,3,93.50
2098,3,4,92.33
2098,3,5,91.37
2098,3,6,90.42
2098,3,7,89.63
2098,3,8,88.73
2098,3,9,87.61
2098,3,10,87.20
2098,3,11,86.24
2098,3,12,85.09
2098,3,13,85.14
2098,3,14,84.53
2098,3,15,83.86
2098,3,16,82.98
2098,3,17,82.05
2098,3,18,84.16
2098,3,19,95.20
2098,3,20,95.20
2098,3,21,95.20
2098,3,22,94.09
2098,3,23,93.33
2098,3,24,93.40
2098,3,25,95.20
2098,3,26,94.77
2098,3,27,93.81
2098,3,28,95.20
2098,3,29,95.20
2098,3,30,95.20
2098,3,31,94.45
2098,4,1,93.28
2098,4,2,92.15
2098,4,3,95.20
2098,4,4,95.20
2098,4,5,93.98
2098,4,6,92.68
2098,4,7,91.23
2098,4,8,95.20
2098,4,9,95.20
2098,4,10,95.20
2098,4,11,95.20
2098,4,12,95.20
2098,4,13,92.94
2098,4,14,91.34
2098,4,15,92.70
2098,4,16,91.07
2098,4,17,89.57
2098,4,18,89.04
2098,4,19,87.62
2098,4,20,85.78
2098,4,21,83.58
2098,4,22,81.62
2098,4,23,79.82
2098,4,24,78.03
2098,4,25,76.24
2098,4,26,74.19
2098,4,27,72.14
2098,4,28,69.94
2098,4,29,67.72
2098,4,30,64.83
2098,5,1,61.17
2098,5,2,56.82
2098,5,3,52.86
2098,5,4,49.34
2098,5,5,46.08
2098,5,6,42.37
2098,5,7,39.43
2098,5,8,37.35
2098,5,9,45.48
2098,5,10,45.83
2098,5,11,44.68
2098,5,12,52.04
2098,5,13,49.34
2098,5,14,46.60
2098,5,15,43.66
2098,5,16,41.27
2098,5,17,37.66
2098,5,18,32.98
2098,5,19,29.52
2098,5,20,26.01
2098,5,21,23.03
2098,5,22,20.89
2098,5,23,17.09
2098,5,24,27.27
2098,5,25,73.42
2098,5,26,95.20
2098,5,27,95.20
2098,5,28,95.20
2098,5,29,95.20
2098,5,30,93.74
2098,5,31,93.07
2098,6,1,95.20
2098,6,2,95.20
2098,6,3,91.15
2098,6,4,87.18
2098,6,5,82.40
2098,6,6,89.38
2098,6,7,92.51
2098,6,8,90.25
2098,6,9,85.63
2098,6,10,82.98
2098,6,11,81.99
2098,6,12,79.70
2098,6,13,88.98
2098,6,14,95.20
2098,6,15,95.20
2098,6,16,95.20
2098,6,17,95.20
2098,6,18,94.28
2098,6,19,95.20
2098,6,20,92.98
2098,6,21,91.04
2098,6,22,86.03
2098,6,23,79.42
2098,6,24,87.06
2098,6,25,91.44
2098,6,26,85.87
2098,6,27,80.87
2098,6,28,76.73
2098,6,29,72.22
2098,6,30,76.12
2098,7,1,72.69
2098,7,2,69.70
2098,7,3,75.13
2098,7,4,75.70
2098,7,5,70.15
2098,7,6,64.11
2098,7,7,58.60
2098,7,8,52.32
2098,7,9,47.43
2098,7,10,52.07
2098,7,11,48.12
2098,7,12,43.22
2098,7,13,37.83
2098,7,14,42.11
2098,7,15,38.87
2098,7,16,36.98
2098,7,17,33.83
2098,7,18,30.96
2098,7,19,27.18
2098,7,20,24.16
2098,7,21,32.96
2098,7,22,45.99
2098,7,23,48.71
2098,7,24,45.93
2098,7,25,40.51
2098,7,26,35.10
2098,7,27,32.87
2098,7,28,32.64
2098,7,29,35.35
2098,7,30,38.27
2098,7,31,47.82
2098,8,1,43.64
2098,8,2,40.71
2098,8,3,39.10
2098,8,4,34.44
2098,8,5,30.15
2098,8,6,27.18
2098,8,7,24.27
2098,8,8,22.32
2098,8,9,19.25
2098,8,10,16.09
2098,8,11,15.40
2098,8,12,15.72
2098,8,13,16.41
2098,8,14,15.96
2098,8,15,13.29
2098,8,16,11.67
2098,8,17,10.07
2098,8,18,8.53
2098,8,19,7.60
2098,8,20,6.69
2098,8,21,6.31
2098,8,22,9.89
2098,8,23,8.77
2098,8,24,7.42
2098,8,25,6.48
2098,8,26,5.61
2098,8,27,5.43
2098,8,28,4.86
2098,8,29,3.90
2098,8,30,3.08
2098,8,31,2.43
2098,9,1,1.82
2098,9,2,1.65
2098,9,3,7.57
2098,9,4,27.44
2098,9,5,44.33
2098,9,6,46.89
2098,9,7,43.24
2098,9,8,38.51
2098,9,9,33.48
2098,9,10,30.60
2098,9,11,41.96
2098,9,12,76.39
2098,9,13,82.49
2098,9,14,80.08
2098,9,15,76.46
2098,9,16,73.01
2098,9,17,69.46
2098,9,18,65.69
2098,9,19,61.95
2098,9,20,57.96
2098,9,21,54.54
2098,9,22,51.27
2098,9,23,48.49
2098,9,24,45.90
2098,9,25,42.65
2098,9,26,39.57
2098,9,27,37.07
2098,9,28,35.36
2098,9,29,33.07
2098,9,30,30.17
2098,10,1,27.36
2098,10,2,25.90
2098,10,3,23.87
2098,10,4,22.18
2098,10,5,20.58
2098,10,6,19.31
2098,10,7,21.37
2098,10,8,20.05
2098,10,9,18.91
2098,10,10,17.99
2098,10,11,16.74
2098,10,12,15.29
2098,10,13,13.74
2098,10,14,12.06
2098,10,15,10.64
2098,10,16,9.10
2098,10,17,7.84
2098,10,18,6.71
2098,10,19,6.06
2098,10,20,5.53
2098,10,21,4.95
2098,10,22,5.78
2098,10,23,12.80
2098,10,24,27.18
2098,10,25,26.05
2098,10,26,31.30
2098,10,27,44.25
2098,10,28,43.34
2098,10,29,41.79
2098,10,30,39.30
2098,10,31,37.05
2098,11,1,38.36
2098,11,2,49.71
2098,11,3,48.54
2098,11,4,47.43
2098,11,5,46.23
2098,11,6,44.58
2098,11,7,42.29
2098,11,8,42.45
2098,11,9,40.75
2098,11,10,39.67
2098,11,11,38.51
2098,11,12,37.21
2098,11,13,35.85
2098,11,14,34.58
2098,11,15,33.30
2098,11,16,32.12
2098,11,17,30.89
2098,11,18,29.77
2098,11,19,28.38
2098,11,20,26.97
2098,11,21,25.70
2098,11,22,24.68
2098,11,23,24.07
2098,11,24,23.36
2098,11,25,22.73
2098,11,26,22.08
2098,11,27,21.42
2098,11,28,20.60
2098,11,29,19.62
2098,11,30,20.18
2098,12,1,36.60
2098,12,2,66.29
2098,12,3,65.58
2098,12,4,64.70
2098,12,5,63.94
2098,12,6,68.69
2098,12,7,75.00
2098,12,8,74.01
2098,12,9,73.65
2098,12,10,72.65
2098,12,11,71.94
2098,12,12,71.00
2098,12,13,69.98
2098,12,14,68.68
2098,12,15,67.44
2098,12,16,66.29
2098,12,17,65.26
2098,12,18,69.14
2098,12,19,69.16
2098,12,20,68.45
2098,12,21,67.77
2098,12,22,66.99
2098,12,23,66.21
2098,12,24,65.28
2098,12,25,65.13
2098,12,26,69.97
2098,12,27,77.80
2098,12,28,81.53
2098,12,29,88.77
2098,12,30,87.92
2098,12,31,87.37
2099,1,1,87.52
2099,1,2,86.81
2099,1,3,85.95
2099,1,4,85.22
2099,1,5,84.50
2099,1,6,83.73
2099,1,7,82.93
2099,1,8,82.22
2099,1,9,81.36
2099,1,10,80.55
2099,1,11,85.65
2099,1,12,95.20
2099,1,13,95.20
2099,1,14,94.59
2099,1,15,94.01
2099,1,16,93.37
2099,1,17,92.84
2099,1,18,92.43
2099,1,19,91.96
2099,1,20,91.42
2099,1,21,95.20
2099,1,22,95.20
2099,1,23,94.44
2099,1,24,93.63
2099,1,25,95.20
2099,1,26,95.20
2099,1,27,94.38
2099,1,28,94.00
2099,1,29,92.65
2099,1,30,95.20
2099,1,31,95.20
2099,2,1,94.44
2099,2,2,95.20
2099,2,3,95.20
2099,2,4,94.23
2099,2,5,94.80
2099,2,6,94.12
2099,2,7,95.20
2099,2,8,94.59
2099,2,9,94.22
2099,2,10,93.70
2099,2,11,93.94
2099,2,12,94.26
2099,2,13,95.20
2099,2,14,94.54
2099,2,15,95.20
2099,2,16,95.20
2099,2,17,95.20
2099,2,18,95.20
2099,2,19,93.88
2099,2,20,95.20
2099,2,21,95.20
2099,2,22,94.50
2099,2,23,93.94
2099,2,24,93.28
2099,2,25,93.07
2099,2,26,92.55
2099,2,27,95.20
2099,2,28,95.20
2099,3,1,95.20
2099,3,2,94.33
2099,3,3,93.51
2099,3,4,92.64
2099,3,5,91.86
2099,3,6,95.20
2099,3,7,95.20
2099,3,8,94.09
2099,3,9,93.19
2099,3,10,92.80
2099,3,11,91.93
2099,3,12,95.20
2099,3,13,95.20
2099,3,14,93.99
2099,3,15,92.95
2099,3,16,91.20
2099,3,17,95.20
2099,3,18,94.28
2099,3,19,93.52
2099,3,20,92.81
2099,3,21,95.20
2099,3,22,95.20
2099,3,23,93.72
2099,3,24,93.40
2099,3,25,91.70
2099,3,26,90.20
2099,3,27,88.87
2099,3,28,90.30
2099,3,29,95.20
2099,3,30,93.78
2099,3,31,92.36
2099,4,1,91.05
2099,4,2,89.72
2099,4,3,95.20
2099,4,4,95.20
2099,4,5,95.20
2099,4,6,95.20
2099,4,7,94.49
2099,4,8,93.06
2099,4,9,91.89
2099,4,10,95.20
2099,4,11,95.20
2099,4,12,93.77
2099,4,13,92.89
2099,4,14,91.25
2099,4,15,89.54
2099,4,16,87.47
2099,4,17,87.09
2099,4,18,92.40
2099,4,19,95.20
2099,4,20,95.20
2099,4,21,95.20
2099,4,22,94.58
2099,4,23,93.25
2099,4,24,91.52
2099,4,25,91.02
2099,4,26,88.89
2099,4,27,87.21
2099,4,28,94.53
2099,4,29,95.20
2099,4,30,92.74
2099,5,1,88.84
2099,5,2,90.12
2099,5,3,87.73
2099,5,4,85.64
2099,5,5,83.52
2099,5,6,81.31
2099,5,7,78.77
2099,5,8,75.58
2099,5,9,78.44
2099,5,10,74.02
2099,5,11,69.65
2099,5,12,66.62
2099,5,13,64.13
2099,5,14,65.17
2099,5,15,61.54
2099,5,16,56.63
2099,5,17,52.32
2099,5,18,48.61
2099,5,19,46.06
2099,5,20,43.50
2099,5,21,39.94
2099,5,22,36.72
2099,5,23,33.80
2099,5,24,35.84
2099,5,25,37.89
2099,5,26,35.15
2099,5,27,32.80
2099,5,28,30.26
2099,5,29,27.69
2099,5,30,25.40
2099,5,31,22.69
2099,6,1,20.02
2099,6,2,17.32
2099,6,3,14.73
2099,6,4,12.90
2099,6,5,10.28
2099,6,6,7.93
2099,6,7,6.28
2099,6,8,5.24
2099,6,9,8.60
2099,6,10,16.92
2099,6,11,13.34
2099,6,12,12.58
2099,6,13,10.96
2099,6,14,8.17
2099,6,15,5.89
2099,6,16,4.30
2099,6,17,2.80
2099,6,18,1.99
2099,6,19,1.41
2099,6,20,0.82
2099,6,21,0.53
2099,6,22,0.48
2099,6,23,0.30
2099,6,24,0.21
2099,6,25,0.14
2099,6,26,0.08
2099,6,27,0.05
2099,6,28,0.04
2099,6,29,0.83
2099,6,30,0.65
2099,7,1,0.47
2099,7,2,0.33
2099,7,3,0.22
2099,7,4,0.15
2099,7,5,0.10
2099,7,6,0.07
2099,7,7,0.04
2099,7,8,0.03
2099,7,9,0.02
2099,7,10,0.02
2099,7,11,0.01
2099,7,12,9.21
2099,7,13,9.20
2099,7,14,7.12
2099,7,15,5.15
2099,7,16,3.76
2099,7,17,3.41
2099,7,18,3.57
2099,7,19,11.82
2099,7,20,13.35
2099,7,21,10.44
2099,7,22,7.49
2099,7,23,4.83
2099,7,24,2.95
2099,7,25,2.12
2099,7,26,1.87
2099,7,27,5.05
2099,7,28,12.13
2099,7,29,12.41
2099,7,30,11.23
2099,7,31,9.75
2099,8,1,8.16
2099,8,2,6.36
2099,8,3,4.72
2099,8,4,3.49
2099,8,5,2.63
2099,8,6,6.35
2099,8,7,11.28
2099,8,8,10.76
2099,8,9,8.53
2099,8,10,6.52
2099,8,11,4.98
2099,8,12,3.87
2099,8,13,2.93
2099,8,14,5.91
2099,8,15,16.31
2099,8,16,13.04
2099,8,17,10.53
2099,8,18,9.13
2099,8,19,7.42
2099,8,20,6.09
2099,8,21,5.04
2099,8,22,4.07
2099,8,23,3.10
2099,8,24,2.43
2099,8,25,1.89
2099,8,26,1.44
2099,8,27,1.02
2099,8,28,0.72
2099,8,29,0.54
2099,8,30,0.44
2099,8,31,0.36
2099,9,1,9.29
2099,9,2,13.30
2099,9,3,11.43
2099,9,4,13.39
2099,9,5,12.54
2099,9,6,10.54
2099,9,7,8.86
2099,9,8,9.23
2099,9,9,7.66
2099,9,10,6.95
2099,9,11,6.77
2099,9,12,6.00
2099,9,13,4.94
2099,9,14,3.82
2099,9,15,2.94
2099,9,16,2.47
2099,9,17,2.02
2099,9,18,1.72
2099,9,19,1.51
2099,9,20,6.04
2099,9,21,9.45
2099,9,22,11.47
2099,9,23,10.56
2099,9,24,9.70
2099,9,25,9.35
2099,9,26,8.56
2099,9,27,7.71
2099,9,28,6.88
2099,9,29,6.02
2099,9,30,5.32
2099,10,1,4.74
2099,10,2,4.20
2099,10,3,3.46
2099,10,4,3.12
2099,10,5,6.60
2099,10,6,6.01
2099,10,7,5.60
2099,10,8,7.31
2099,10,9,9.74
2099,10,10,9.84
2099,10,11,15.16
2099,10,12,20.64
2099,10,13,19.53
2099,10,14,17.87
2099,10,15,17.19
2099,10,16,16.35
2099,10,17,14.71
2099,10,18,14.55
2099,10,19,16.21
2099,10,20,25.76
2099,10,21,30.58
2099,10,22,29.15
2099,10,23,28.47
2099,10,24,27.64
2099,10,25,26.98
2099,10,26,26.35
2099,10,27,28.24
2099,10,28,27.38
2099,10,29,26.48
2099,10,30,25.49
2099,10,31,31.53
2099,11,1,56.81
2099,11,2,58.72
2099,11,3,57.50
2099,11,4,56.22
2099,11,5,55.18
2099,11,6,54.08
2099,11,7,52.84
2099,11,8,51.55
2099,11,9,50.13
2099,11,10,48.15
2099,11,11,46.52
2099,11,12,46.48
2099,11,13,53.17
2099,11,14,72.40
2099,11,15,95.20
2099,11,16,95.20
2099,11,17,93.78
2099,11,18,93.66
2099,11,19,92.50
2099,11,20,91.18
2099,11,21,91.60
2099,11,22,90.27
2099,11,23,95.07
2099,11,24,94.90
2099,11,25,94.01
2099,11,26,95.20
2099,11,27,95.20
2099,11,28,95.20
2099,11,29,94.45
2099,11,30,93.78
2099,12,1,92.97
2099,12,2,91.84
2099,12,3,95.20
2099,12,4,95.20
2099,12,5,94.31
2099,12,6,93.24
2099,12,7,91.99
2099,12,8,91.08
2099,12,9,95.20
2099,12,10,95.20
2099,12,11,95.20
2099,12,12,95.20
2099,12,13,95.20
2099,12,14,94.84
2099,12,15,94.11
2099,12,16,93.48
2099,12,17,92.80
2099,12,18,92.04
2099,12,19,91.93
2099,12,20,92.31
2099,12,21,91.78
2099,12,22,91.15
2099,12,23,95.20
2099,12,24,95.20
2099,12,25,95.20
2099,12,26,95.20
2099,12,27,95.20
2099,12,28,95.20
2099,12,29,94.53
2099,12,30,93.97
2099,12,31,95.20
